4.5
5.8
6.3
5.6
1.8
2.8
1.9
2.5
4.9
6.9
8.0
2.9
4.7
7.1
5.0
6.2
6.5
8.0
9.7
8.3
6.8
1.7
1.1
-1.4
0.4
2.7
2.3
1.4
1.4
2.9
4.4
0.6
-1.7
0.6
2.8
3.9
5.4
6.9
6.6
3.1
3.0
3.6
5.8
8.0
8.5
8.9
6.5
6.8
3.8
3.8
5.3
3.3
2.6
2.6
2.7
3.5
4.6
4.3
3.0
1.4
0.9
-0.6
0.3
2.6
3.2
3.3
7.4
9.5
5.6
3.4
0.4
2.3
2.7
4.6
2.2
3.1
4.0
5.1
2.9
3.5
2.5
2.5
8.9
11.0
13.4
12.8
11.1
9.7
12.5
12.6
11.5
9.9
8.9
5.1
4.8
5.9
6.6
7.1
5.9
4.9
4.7
8.8
11.6
10.6
10.2
11.3
10.3
10.5
9.9
11.9
12.5
10.6
10.7
11.0
12.3
10.5
12.8
9.8
8.5
8.6
10.6
9.9
13.8
19.0
16.3
12.4
12.8
12.5
15.7
15.1
14.0
14.1
14.0
13.4
13.1
12.5
13.1
14.9
13.8
12.8
11.9
12.5
10.6
11.3
12.4
14.7
15.0
13.8
11.2
8.4
9.5
9.5
15.2
14.6
15.5
14.2
13.2
17.4
18.6
17.8
19.6
21.4
23.1
18.3
15.5
14.7
17.2
21.6
19.2
17.5
18.4
16.1
14.6
14.6
18.2
17.4
13.8
14.9
16.2
17.2
19.1
20.6
23.4
22.2
21.1
19.1
21.5
18.5
17.0
18.8
18.0
20.3
19.0
18.3
15.5
16.9
20.9
20.9
22.0
24.4
25.9
23.9
25.1
23.1
22.3
23.0
25.7
23.1
22.4
21.5
21.6
21.2
17.3
16.7
16.1
16.1
18.0
21.5
20.5
17.3
18.5
15.8
15.2
15.2
16.9
15.1
15.8
16.1
17.4
17.5
17.3
18.4
16.2
16.6
16.4
17.0
14.8
16.5
17.0
15.4
15.1
15.6
18.0
18.7
18.4
20.5
18.6
21.1
21.8
15.8
13.6
14.6
16.5
20.1
19.5
20.3
19.7
16.4
17.9
19.2
18.8
16.0
17.3
22.4
17.0
17.3
19.4
16.5
16.1
16.0
17.8
17.9
15.4
17.4
15.9
12.1
13.1
11.8
15.1
13.2
12.9
16.8
17.3
16.5
13.5
13.1
13.1
13.9
15.5
14.2
15.5
16.2
15.6
15.2
13.6
12.5
12.5
11.8
15.5
10.1
12.4
13.2
11.9
12.9
6.7
5.1
4.8
5.8
9.0
8.2
6.2
9.8
10.0
6.3
8.2
9.9
11.8
11.8
13.3
10.6
8.4
6.1
6.3
9.0
6.5
8.4
9.3
10.6
11.7
9.5
12.0
11.7
8.2
8.2
10.9
10.2
8.2
10.4
11.3
9.6
8.1
7.5
5.3
5.9
7.3
6.8
8.4
11.9
10.5
5.7
5.0
4.1
-2.2
-1.1
-0.9
-0.0
2.3
3.7
6.0
5.4
7.3
7.0
8.9
9.0
9.3
