99.95833333333333
150.79166666666666
99.04166666666667
60.083333333333336
102.39583333333333
81.52083333333333
58.854166666666664
63.958333333333336
80.1875
77.125
66.10416666666667
68.79166666666667
78.08333333333333
55.354166666666664
110.75
173.75
206.39583333333334
164.20833333333334
205.5
208.8125
192.9375
192.875
243.375
244.79166666666666
213.14583333333334
207.60416666666666
238.91666666666666
248.70833333333334
99.89583333333333
140.10416666666666
109.91666666666667
88.45833333333333
99.27083333333333
112.16666666666667
129.35416666666666
127.75
212.125
247.33333333333334
181.29166666666666
181.60416666666666
149.20833333333334
174.91666666666666
216.39583333333334
241.3125
220.35416666666666
161.83333333333334
161.66666666666666
101.20833333333333
91.625
104.70833333333333
109.70833333333333
201.5
219.75
177.0
132.85416666666666
120.0
166.14583333333334
240.75
249.54166666666666
229.54166666666666
246.04166666666666
247.89583333333334
235.95833333333334
243.39583333333334
222.375
255.10416666666666
233.72916666666666
186.60416666666666
150.25
185.1875
70.95833333333333
63.0
127.04166666666667
190.91666666666666
99.22916666666667
165.75
156.70833333333334
159.16666666666666
182.375
99.5625
66.625
77.25
52.166666666666664
90.39583333333333
121.02083333333333
185.125
136.77083333333334
126.75
103.8125
121.0625
116.02083333333333
149.16666666666666
158.83333333333334
183.77083333333334
209.6875
166.5
187.875
178.9375
114.5625
59.5625
98.64583333333333
92.125
117.35416666666667
230.45833333333334
175.20833333333334
191.0625
225.27083333333334
131.04166666666666
96.04166666666667
114.79166666666667
156.8125
152.52083333333334
120.72916666666667
141.47916666666666
185.02083333333334
244.3125
184.02083333333334
187.20833333333334
202.3125
139.89583333333334
146.6875
215.72916666666666
156.60416666666666
97.10416666666667
161.20833333333334
189.1875
139.79166666666666
131.375
195.5625
197.27083333333334
226.45833333333334
152.35416666666666
142.91666666666666
153.22916666666666
124.875
144.02083333333334
192.85416666666666
175.375
182.125
101.95833333333333
101.625
115.91666666666667
135.60416666666666
152.35416666666666
154.9375
143.375
96.75
87.0625
76.1875
119.6875
142.29166666666666
128.08333333333334
128.77083333333334
113.54166666666667
124.625
170.35416666666666
186.35416666666666
189.5625
141.04166666666666
106.10416666666667
79.64583333333333
155.70833333333334
205.14583333333334
175.45833333333334
167.0625
204.25
221.20833333333334
198.25
163.35416666666666
179.58333333333334
210.77083333333334
215.45833333333334
228.5625
175.27083333333334
113.0625
99.25
111.625
175.10416666666666
203.125
179.95833333333334
119.64583333333333
75.60416666666667
73.875
66.72916666666667
126.64583333333333
114.08333333333333
140.85416666666666
105.16666666666667
112.70833333333333
153.66666666666666
174.14583333333334
152.02083333333334
150.77083333333334
181.41666666666666
147.08333333333334
58.0625
76.47916666666667
129.125
218.79166666666666
207.29166666666666
209.72916666666666
204.85416666666666
110.52083333333333
81.58333333333333
165.25
202.29166666666666
179.72916666666666
157.6875
191.0625
87.97916666666667
89.33333333333333
104.39583333333333
138.66666666666666
94.10416666666667
107.625
182.27083333333334
161.625
88.625
121.8125
139.45833333333334
186.47916666666666
193.33333333333334
111.41666666666667
92.02083333333333
113.625
162.22916666666666
195.0625
227.9375
157.14583333333334
136.08333333333334
86.14583333333333
122.375
143.20833333333334
171.875
239.1875
230.4375
214.45833333333334
169.41666666666666
126.66666666666667
171.75
173.0
168.47916666666666
212.6875
219.125
180.4375
121.04166666666667
167.77083333333334
193.39583333333334
217.8125
226.64583333333334
253.08333333333334
199.1875
207.89583333333334
214.60416666666666
232.29166666666666
177.0625
186.125
193.45833333333334
138.04166666666666
121.5
64.3125
57.75
68.20833333333333
143.1875
129.8125
129.83333333333334
57.583333333333336
113.45833333333333
144.58333333333334
134.60416666666666
110.72916666666667
104.58333333333333
160.54166666666666
115.89583333333333
201.22916666666666
67.125
81.72916666666667
108.89583333333333
72.9375
78.66666666666667
132.95833333333334
204.39583333333334
121.35416666666667
112.97916666666667
227.1875
84.33333333333333
63.354166666666664
115.5
226.97916666666666
129.14583333333334
61.833333333333336
114.83333333333333
84.04166666666667
107.0
167.125
217.66666666666666
196.375
213.04166666666666
195.0625
174.9375
95.91666666666667
78.04166666666667
153.58333333333334
155.04166666666666
71.85416666666667
86.72916666666667
97.1875
150.10416666666666
140.29166666666666
119.97916666666667
137.35416666666666
121.39583333333333
155.0625
166.35416666666666
181.04166666666666
181.85416666666666
91.75
138.27083333333334
170.41666666666666
283.4375
266.9791666666667
83.70833333333333
90.89583333333333
177.8125
211.41666666666666
152.6875
78.6875
104.58333333333333
163.83333333333334
231.14583333333334
197.0
211.08333333333334
242.58333333333334
267.8958333333333
283.2916666666667
280.1458333333333
207.54166666666666
149.83333333333334
200.70833333333334
238.20833333333334
151.64583333333334
155.83333333333334
63.333333333333336
95.4375
177.125
194.72916666666666
172.29166666666666
203.95833333333334
157.125
72.5625
62.354166666666664
106.83333333333333
113.875
52.833333333333336
47.6875
51.729166666666664
46.8125
44.916666666666664
56.75
103.5
47.375
40.729166666666664
54.458333333333336
55.291666666666664
73.27083333333333
