# Run number 07 on Tue May 21 09:48:13 2024
# Time (s)      T1w (C)       T2w (C)       T1a (C)       T2a (C)       T1r (C)       T2r (C)       T3r (C)       T4r (C)       P1 (bar)      P2 (bar)      Pow (W/100)      Qc (l/min)    
 3.2323E-01    3.8607E+01    4.7992E+01    2.0002E+01    1.5117E+01    1.3589E+01    6.3880E+01    4.3055E+01    1.3065E+01    4.1219E+00    1.3830E+01    1.4085E+01    7.2811E+00   
 1.4686E+00    3.8653E+01    4.8005E+01    1.9803E+01    1.5212E+01    1.3731E+01    6.3918E+01    4.3078E+01    1.3049E+01    4.1627E+00    1.3830E+01    1.3708E+01    7.2511E+00   
 2.5546E+00    3.8667E+01    4.8008E+01    1.9684E+01    1.5127E+01    1.3821E+01    6.3924E+01    4.3121E+01    1.3029E+01    4.1627E+00    1.3830E+01    1.3720E+01    7.2209E+00   
 3.6668E+00    3.8680E+01    4.7977E+01    1.9742E+01    1.5093E+01    1.3963E+01    6.3946E+01    4.3203E+01    1.3050E+01    4.1423E+00    1.3932E+01    1.3683E+01    7.2511E+00   
 4.7559E+00    3.8671E+01    4.7967E+01    1.9843E+01    1.5189E+01    1.4025E+01    6.3985E+01    4.3217E+01    1.3086E+01    4.1627E+00    1.3769E+01    1.3732E+01    7.2811E+00   
 5.8439E+00    3.8662E+01    4.7948E+01    1.9697E+01    1.5184E+01    1.4177E+01    6.4039E+01    4.3305E+01    1.3080E+01    4.1423E+00    1.3810E+01    1.4061E+01    7.1906E+00   
 6.9392E+00    3.8674E+01    4.7944E+01    1.9723E+01    1.5150E+01    1.4270E+01    6.4031E+01    4.3394E+01    1.3056E+01    4.1219E+00    1.3851E+01    1.4012E+01    7.2209E+00   
 8.0513E+00    3.8689E+01    4.7954E+01    1.9783E+01    1.5157E+01    1.4402E+01    6.4067E+01    4.3459E+01    1.3102E+01    4.1423E+00    1.3953E+01    1.4110E+01    7.2511E+00   
 9.1404E+00    3.8708E+01    4.7955E+01    1.9807E+01    1.5173E+01    1.4490E+01    6.4106E+01    4.3531E+01    1.3106E+01    4.1423E+00    1.3810E+01    1.4073E+01    7.2511E+00   
 1.0229E+01    3.8695E+01    4.7956E+01    1.9914E+01    1.5179E+01    1.4603E+01    6.4153E+01    4.3605E+01    1.3115E+01    4.1423E+00    1.3871E+01    1.3720E+01    7.1906E+00   
 1.1324E+01    3.8706E+01    4.7966E+01    1.9689E+01    1.5179E+01    1.4728E+01    6.4163E+01    4.3703E+01    1.3160E+01    4.1627E+00    1.3973E+01    1.3793E+01    7.2511E+00   
 1.2412E+01    3.8725E+01    4.7991E+01    1.9683E+01    1.5193E+01    1.4773E+01    6.4187E+01    4.3745E+01    1.3176E+01    4.1831E+00    1.3953E+01    1.3976E+01    7.2209E+00   
 1.3485E+01    3.8737E+01    4.8000E+01    2.0022E+01    1.5211E+01    1.4883E+01    6.4183E+01    4.3826E+01    1.3218E+01    4.1627E+00    1.3810E+01    1.3744E+01    7.2209E+00   
 1.4573E+01    3.8753E+01    4.8009E+01    2.0125E+01    1.5234E+01    1.4964E+01    6.4199E+01    4.3892E+01    1.3226E+01    4.1627E+00    1.3912E+01    1.3732E+01    7.2511E+00   
 1.5662E+01    3.8765E+01    4.8033E+01    1.9810E+01    1.5224E+01    1.5082E+01    6.4224E+01    4.4007E+01    1.3239E+01    4.2034E+00    1.3953E+01    1.4049E+01    7.2511E+00   
 1.6756E+01    3.8762E+01    4.8030E+01    1.9732E+01    1.5268E+01    1.5137E+01    6.4252E+01    4.4019E+01    1.3235E+01    4.1423E+00    1.3871E+01    1.4000E+01    7.2511E+00   
 1.7846E+01    3.8762E+01    4.8046E+01    1.9716E+01    1.5313E+01    1.5219E+01    6.4253E+01    4.4061E+01    1.3233E+01    4.1831E+00    1.3912E+01    1.3842E+01    7.2511E+00   
 1.8934E+01    3.8774E+01    4.8058E+01    1.9537E+01    1.5329E+01    1.5300E+01    6.4261E+01    4.4151E+01    1.3260E+01    4.1831E+00    1.3810E+01    1.3720E+01    7.2511E+00   
 2.0021E+01    3.8790E+01    4.8062E+01    1.9664E+01    1.5256E+01    1.5359E+01    6.4253E+01    4.4198E+01    1.3275E+01    4.1627E+00    1.3851E+01    1.3951E+01    7.2209E+00   
 2.1111E+01    3.8794E+01    4.8068E+01    1.9655E+01    1.5365E+01    1.5418E+01    6.4255E+01    4.4255E+01    1.3301E+01    4.1627E+00    1.3891E+01    1.3951E+01    7.2811E+00   
 2.2206E+01    3.8804E+01    4.8074E+01    1.9658E+01    1.5384E+01    1.5497E+01    6.4213E+01    4.4303E+01    1.3292E+01    4.2034E+00    1.3973E+01    1.4110E+01    7.2209E+00   
 2.3294E+01    3.8815E+01    4.8082E+01    1.9642E+01    1.5335E+01    1.5560E+01    6.4194E+01    4.4324E+01    1.3305E+01    4.1423E+00    1.3871E+01    1.4098E+01    7.2511E+00   
 2.4381E+01    3.8823E+01    4.8100E+01    1.9808E+01    1.5409E+01    1.5614E+01    6.4170E+01    4.4389E+01    1.3301E+01    4.2034E+00    1.4014E+01    1.3988E+01    7.2511E+00   
 2.5470E+01    3.8826E+01    4.8105E+01    1.9863E+01    1.5372E+01    1.5621E+01    6.4152E+01    4.4372E+01    1.3362E+01    4.1627E+00    1.3953E+01    1.4073E+01    7.2811E+00   
 2.6561E+01    3.8833E+01    4.8118E+01    1.9939E+01    1.5354E+01    1.5659E+01    6.4132E+01    4.4427E+01    1.3354E+01    4.2034E+00    1.3851E+01    1.3732E+01    7.2209E+00   
 2.7655E+01    3.8862E+01    4.8130E+01    1.9998E+01    1.5452E+01    1.5716E+01    6.4150E+01    4.4465E+01    1.3333E+01    4.2238E+00    1.3953E+01    1.4110E+01    7.2209E+00   
 2.8799E+01    3.8879E+01    4.8135E+01    2.0015E+01    1.5368E+01    1.5765E+01    6.4207E+01    4.4483E+01    1.3355E+01    4.2238E+00    1.4014E+01    1.3903E+01    7.2811E+00   
 2.9894E+01    3.8907E+01    4.8159E+01    2.0022E+01    1.5416E+01    1.5779E+01    6.4185E+01    4.4469E+01    1.3375E+01    4.2238E+00    1.3871E+01    1.3842E+01    7.2811E+00   
 3.0982E+01    3.8896E+01    4.8182E+01    2.0115E+01    1.5349E+01    1.5839E+01    6.4178E+01    4.4539E+01    1.3409E+01    4.2238E+00    1.3993E+01    1.4098E+01    7.2511E+00   
 3.2063E+01    3.8913E+01    4.8187E+01    1.9922E+01    1.5456E+01    1.5864E+01    6.4156E+01    4.4547E+01    1.3405E+01    4.2238E+00    1.3912E+01    1.4146E+01    7.1906E+00   
# Time (s)      T1w (C)       T2w (C)       T1a (C)       T2a (C)       T1r (C)       T2r (C)       T3r (C)       T4r (C)       P1 (bar)      P2 (bar)      Pow (W/100)      Qc (l/min)    
 3.3151E+01    3.8915E+01    4.8199E+01    1.9991E+01    1.5550E+01    1.5887E+01    6.4132E+01    4.4565E+01    1.3422E+01    4.2238E+00    1.3912E+01    1.4098E+01    7.2209E+00   
 3.4241E+01    3.8913E+01    4.8205E+01    1.9902E+01    1.5512E+01    1.5956E+01    6.4139E+01    4.4621E+01    1.3485E+01    4.2238E+00    1.4014E+01    1.4158E+01    7.2811E+00   
 3.5329E+01    3.8922E+01    4.8246E+01    1.9566E+01    1.5559E+01    1.5975E+01    6.4139E+01    4.4649E+01    1.3489E+01    4.2238E+00    1.3932E+01    1.3781E+01    7.2511E+00   
 3.6424E+01    3.8921E+01    4.8247E+01    1.9531E+01    1.5607E+01    1.6005E+01    6.4174E+01    4.4698E+01    1.3510E+01    4.2442E+00    1.3912E+01    1.3781E+01    7.2811E+00   
 3.7512E+01    3.8940E+01    4.8274E+01    1.9846E+01    1.5562E+01    1.6054E+01    6.4218E+01    4.4694E+01    1.3529E+01    4.2238E+00    1.3993E+01    1.3890E+01    7.2811E+00   
 3.8601E+01    3.8937E+01    4.8266E+01    1.9628E+01    1.5581E+01    1.6065E+01    6.4211E+01    4.4723E+01    1.3559E+01    4.2442E+00    1.3953E+01    1.3829E+01    7.2811E+00   
 3.9689E+01    3.8926E+01    4.8271E+01    1.9446E+01    1.5532E+01    1.6106E+01    6.4233E+01    4.4730E+01    1.3586E+01    4.2442E+00    1.3932E+01    1.4158E+01    7.2811E+00   
 4.0785E+01    3.8917E+01    4.8257E+01    1.9485E+01    1.5509E+01    1.6164E+01    6.4313E+01    4.4751E+01    1.3624E+01    4.2645E+00    1.3973E+01    1.4207E+01    7.2511E+00   
 4.1873E+01    3.8935E+01    4.8277E+01    1.9610E+01    1.5547E+01    1.6185E+01    6.4396E+01    4.4772E+01    1.3646E+01    4.2645E+00    1.3953E+01    1.4122E+01    7.2511E+00   
 4.2960E+01    3.8952E+01    4.8271E+01    1.9551E+01    1.5528E+01    1.6230E+01    6.4477E+01    4.4813E+01    1.3681E+01    4.2645E+00    1.3932E+01    1.4037E+01    7.2511E+00   
 4.4048E+01    3.8952E+01    4.8290E+01    1.9601E+01    1.5601E+01    1.6236E+01    6.4485E+01    4.4808E+01    1.3651E+01    4.2645E+00    1.4034E+01    1.4122E+01    7.2209E+00   
 4.5137E+01    3.8969E+01    4.8293E+01    1.9571E+01    1.5592E+01    1.6277E+01    6.4519E+01    4.4828E+01    1.3677E+01    4.2849E+00    1.3932E+01    1.4049E+01    7.3110E+00   
 4.6225E+01    3.8987E+01    4.8306E+01    1.9601E+01    1.5563E+01    1.6269E+01    6.4539E+01    4.4815E+01    1.3699E+01    4.2645E+00    1.4014E+01    1.3878E+01    7.2511E+00   
 4.7313E+01    3.9001E+01    4.8338E+01    1.9470E+01    1.5603E+01    1.6301E+01    6.4540E+01    4.4845E+01    1.3717E+01    4.3053E+00    1.4034E+01    1.3854E+01    7.2209E+00   
 4.8401E+01    3.9024E+01    4.8382E+01    1.9586E+01    1.5661E+01    1.6321E+01    6.4536E+01    4.4891E+01    1.3723E+01    4.2849E+00    1.3993E+01    1.3878E+01    7.2511E+00   
 4.9490E+01    3.9045E+01    4.8390E+01    1.9572E+01    1.5655E+01    1.6320E+01    6.4567E+01    4.4909E+01    1.3751E+01    4.2849E+00    1.4055E+01    1.3842E+01    7.2511E+00   
 5.0578E+01    3.9046E+01    4.8408E+01    1.9708E+01    1.5625E+01    1.6317E+01    6.4594E+01    4.4922E+01    1.3786E+01    4.2849E+00    1.4075E+01    1.3951E+01    7.2811E+00   
 5.1673E+01    3.9038E+01    4.8442E+01    1.9922E+01    1.5672E+01    1.6319E+01    6.4606E+01    4.4928E+01    1.3780E+01    4.3053E+00    1.3973E+01    1.4073E+01    7.2811E+00   
 5.2761E+01    3.9035E+01    4.8464E+01    1.9902E+01    1.5649E+01    1.6313E+01    6.4601E+01    4.4953E+01    1.3822E+01    4.3053E+00    1.4034E+01    1.3988E+01    7.2511E+00   
 5.3850E+01    3.9055E+01    4.8476E+01    1.9923E+01    1.5706E+01    1.6324E+01    6.4587E+01    4.4993E+01    1.3850E+01    4.2849E+00    1.4055E+01    1.4268E+01    7.1906E+00   
 5.4947E+01    3.9047E+01    4.8487E+01    2.0051E+01    1.5694E+01    1.6329E+01    6.4604E+01    4.5054E+01    1.3910E+01    4.3053E+00    1.4116E+01    1.4158E+01    7.2511E+00   
 5.6075E+01    3.9075E+01    4.8517E+01    2.0068E+01    1.5749E+01    1.6286E+01    6.4572E+01    4.5054E+01    1.3929E+01    4.2849E+00    1.4034E+01    1.3964E+01    7.2811E+00   
 5.7162E+01    3.9079E+01    4.8501E+01    1.9684E+01    1.5746E+01    1.6237E+01    6.4564E+01    4.5077E+01    1.3910E+01    4.2849E+00    1.4075E+01    1.4256E+01    7.2811E+00   
 5.8274E+01    3.9097E+01    4.8501E+01    1.9682E+01    1.5746E+01    1.6231E+01    6.4564E+01    4.5080E+01    1.3919E+01    4.2849E+00    1.3973E+01    1.3854E+01    7.2209E+00   
 5.9355E+01    3.9093E+01    4.8504E+01    1.9899E+01    1.5782E+01    1.6154E+01    6.4574E+01    4.5123E+01    1.3975E+01    4.3053E+00    1.4055E+01    1.3878E+01    7.2511E+00   
 6.0443E+01    3.9111E+01    4.8505E+01    1.9925E+01    1.5778E+01    1.6076E+01    6.4554E+01    4.5134E+01    1.3974E+01    4.3053E+00    1.4116E+01    1.3890E+01    7.2811E+00   
 6.1532E+01    3.9097E+01    4.8514E+01    1.9908E+01    1.5815E+01    1.5982E+01    6.4560E+01    4.5163E+01    1.4004E+01    4.3053E+00    1.4055E+01    1.3866E+01    7.2811E+00   
 6.2620E+01    3.9098E+01    4.8541E+01    2.0045E+01    1.5879E+01    1.5935E+01    6.4566E+01    4.5172E+01    1.4039E+01    4.3257E+00    1.4177E+01    1.4134E+01    7.2811E+00   
 6.3707E+01    3.9094E+01    4.8543E+01    1.9820E+01    1.5818E+01    1.5805E+01    6.4597E+01    4.5181E+01    1.4064E+01    4.3460E+00    1.4014E+01    1.4232E+01    7.2209E+00   
 6.4796E+01    3.9099E+01    4.8543E+01    1.9786E+01    1.5814E+01    1.5651E+01    6.4628E+01    4.5216E+01    1.4063E+01    4.3460E+00    1.4095E+01    1.4219E+01    7.3110E+00   
# Time (s)      T1w (C)       T2w (C)       T1a (C)       T2a (C)       T1r (C)       T2r (C)       T3r (C)       T4r (C)       P1 (bar)      P2 (bar)      Pow (W/100)      Qc (l/min)    
 6.5885E+01    3.9112E+01    4.8580E+01    1.9938E+01    1.5867E+01    1.5575E+01    6.4658E+01    4.5222E+01    1.4096E+01    4.3460E+00    1.4116E+01    1.4305E+01    7.2511E+00   
 6.6973E+01    3.9156E+01    4.8603E+01    2.0061E+01    1.5868E+01    1.5412E+01    6.4665E+01    4.5232E+01    1.4120E+01    4.3257E+00    1.4095E+01    1.4256E+01    7.2511E+00   
 6.8060E+01    3.9158E+01    4.8637E+01    2.0108E+01    1.5885E+01    1.5204E+01    6.4675E+01    4.5240E+01    1.4161E+01    4.3257E+00    1.4197E+01    1.4171E+01    7.3110E+00   
 6.9148E+01    3.9157E+01    4.8641E+01    1.9970E+01    1.5864E+01    1.5005E+01    6.4626E+01    4.5241E+01    1.4179E+01    4.3460E+00    1.4095E+01    1.4183E+01    7.2511E+00   
 7.0237E+01    3.9147E+01    4.8636E+01    1.9900E+01    1.5880E+01    1.4886E+01    6.4534E+01    4.5201E+01    1.4167E+01    4.3257E+00    1.4177E+01    1.4085E+01    7.2511E+00   
 7.1325E+01    3.9170E+01    4.8664E+01    1.9789E+01    1.5867E+01    1.4561E+01    6.4490E+01    4.5205E+01    1.4133E+01    4.3257E+00    1.4095E+01    1.3927E+01    7.2811E+00   
 7.2413E+01    3.9150E+01    4.8660E+01    1.9749E+01    1.5880E+01    1.4016E+01    6.4474E+01    4.5222E+01    1.4141E+01    4.3257E+00    1.4157E+01    1.3939E+01    7.2811E+00   
 7.3501E+01    3.9156E+01    4.8704E+01    1.9774E+01    1.5915E+01    1.3515E+01    6.4443E+01    4.5182E+01    1.4128E+01    4.3460E+00    1.4238E+01    1.4317E+01    7.2511E+00   
 7.4596E+01    3.9176E+01    4.8711E+01    1.9837E+01    1.5830E+01    1.3336E+01    6.4416E+01    4.5155E+01    1.4124E+01    4.3460E+00    1.4116E+01    1.4183E+01    7.2811E+00   
 7.5684E+01    3.9182E+01    4.8731E+01    1.9894E+01    1.5821E+01    1.3038E+01    6.4380E+01    4.5144E+01    1.4108E+01    4.3257E+00    1.4116E+01    1.3988E+01    7.2811E+00   
 7.6781E+01    3.9165E+01    4.8747E+01    1.9717E+01    1.5893E+01    1.2781E+01    6.4369E+01    4.5084E+01    1.4070E+01    4.3257E+00    1.4238E+01    1.3964E+01    7.3110E+00   
 7.7870E+01    3.9186E+01    4.8761E+01    1.9758E+01    1.5782E+01    1.2553E+01    6.4347E+01    4.5018E+01    1.4049E+01    4.3257E+00    1.4157E+01    1.3988E+01    7.2811E+00   
 7.8957E+01    3.9204E+01    4.8799E+01    1.9788E+01    1.5765E+01    1.2457E+01    6.4369E+01    4.4990E+01    1.4012E+01    4.3257E+00    1.4218E+01    1.4085E+01    7.1906E+00   
 8.0045E+01    3.9196E+01    4.8810E+01    1.9889E+01    1.5774E+01    1.2297E+01    6.4422E+01    4.4907E+01    1.3947E+01    4.3460E+00    1.4259E+01    1.3976E+01    7.2209E+00   
 8.1134E+01    3.9240E+01    4.8868E+01    1.9967E+01    1.5814E+01    1.2181E+01    6.4449E+01    4.4836E+01    1.3929E+01    4.2849E+00    1.4218E+01    1.4219E+01    7.2811E+00   
 8.2222E+01    3.9268E+01    4.8889E+01    2.0067E+01    1.5831E+01    1.2106E+01    6.4522E+01    4.4720E+01    1.3874E+01    4.3053E+00    1.4279E+01    1.4049E+01    7.2511E+00   
 8.3312E+01    3.9264E+01    4.8907E+01    1.9854E+01    1.5747E+01    1.1954E+01    6.4583E+01    4.4675E+01    1.3838E+01    4.3053E+00    1.4299E+01    1.4098E+01    7.2511E+00   
 8.4405E+01    3.9256E+01    4.8897E+01    1.9850E+01    1.5720E+01    1.1844E+01    6.4617E+01    4.4598E+01    1.3777E+01    4.2849E+00    1.4177E+01    1.4073E+01    7.2209E+00   
 8.5534E+01    3.9236E+01    4.8912E+01    1.9921E+01    1.5679E+01    1.1747E+01    6.4678E+01    4.4507E+01    1.3720E+01    4.2849E+00    1.4157E+01    1.3951E+01    7.2811E+00   
 8.6631E+01    3.9251E+01    4.8900E+01    1.9953E+01    1.5625E+01    1.1734E+01    6.4739E+01    4.4417E+01    1.3642E+01    4.2645E+00    1.4320E+01    1.4390E+01    7.2811E+00   
 8.7735E+01    3.9251E+01    4.8904E+01    1.9878E+01    1.5626E+01    1.1707E+01    6.4780E+01    4.4387E+01    1.3606E+01    4.2442E+00    1.4299E+01    1.4232E+01    7.2811E+00   
 8.8810E+01    3.9254E+01    4.8930E+01    1.9735E+01    1.5524E+01    1.1723E+01    6.4777E+01    4.4306E+01    1.3551E+01    4.2238E+00    1.4320E+01    1.4268E+01    7.2511E+00   
 8.9882E+01    3.9251E+01    4.8938E+01    1.9696E+01    1.5560E+01    1.1805E+01    6.4794E+01    4.4217E+01    1.3481E+01    4.2238E+00    1.4197E+01    1.3964E+01    7.2811E+00   
 9.0973E+01    3.9254E+01    4.8934E+01    1.9702E+01    1.5494E+01    1.1844E+01    6.4830E+01    4.4142E+01    1.3458E+01    4.2238E+00    1.4197E+01    1.4232E+01    7.2511E+00   
 9.2047E+01    3.9259E+01    4.8929E+01    1.9766E+01    1.5432E+01    1.1980E+01    6.4878E+01    4.4031E+01    1.3414E+01    4.1831E+00    1.4218E+01    1.4219E+01    7.2511E+00   
 9.3136E+01    3.9260E+01    4.8910E+01    1.9854E+01    1.5383E+01    1.2120E+01    6.4899E+01    4.3981E+01    1.3390E+01    4.2238E+00    1.4197E+01    1.4073E+01    7.2511E+00   
 9.4224E+01    3.9274E+01    4.8917E+01    1.9950E+01    1.5250E+01    1.2277E+01    6.4918E+01    4.3853E+01    1.3326E+01    4.1627E+00    1.4197E+01    1.3915E+01    7.2511E+00   
 9.5312E+01    3.9307E+01    4.8919E+01    2.0017E+01    1.5283E+01    1.2333E+01    6.4924E+01    4.3801E+01    1.3288E+01    4.1831E+00    1.4259E+01    1.3915E+01    7.2511E+00   
 9.6400E+01    3.9317E+01    4.8912E+01    1.9766E+01    1.5359E+01    1.2516E+01    6.4964E+01    4.3772E+01    1.3257E+01    4.2034E+00    1.4157E+01    1.4244E+01    7.2209E+00   
 9.7495E+01    3.9350E+01    4.8914E+01    2.0005E+01    1.5350E+01    1.2701E+01    6.4999E+01    4.3743E+01    1.3231E+01    4.1831E+00    1.4259E+01    1.4341E+01    7.2511E+00   
# Time (s)      T1w (C)       T2w (C)       T1a (C)       T2a (C)       T1r (C)       T2r (C)       T3r (C)       T4r (C)       P1 (bar)      P2 (bar)      Pow (W/100)      Qc (l/min)    
 9.8593E+01    3.9361E+01    4.8926E+01    1.9989E+01    1.5307E+01    1.2796E+01    6.5046E+01    4.3766E+01    1.3209E+01    4.1627E+00    1.4136E+01    1.3890E+01    7.2209E+00   
 9.9688E+01    3.9372E+01    4.8917E+01    1.9900E+01    1.5288E+01    1.2973E+01    6.5086E+01    4.3780E+01    1.3182E+01    4.1831E+00    1.4136E+01    1.3866E+01    7.2811E+00   
 1.0078E+02    3.9367E+01    4.8887E+01    1.9775E+01    1.5299E+01    1.3126E+01    6.5094E+01    4.3774E+01    1.3151E+01    4.1627E+00    1.4259E+01    1.3866E+01    7.2511E+00   
 1.0187E+02    3.9381E+01    4.8880E+01    1.9655E+01    1.5187E+01    1.3285E+01    6.5121E+01    4.3780E+01    1.3167E+01    4.1627E+00    1.4157E+01    1.4171E+01    7.2511E+00   
 1.0296E+02    3.9391E+01    4.8886E+01    1.9716E+01    1.5272E+01    1.3357E+01    6.5140E+01    4.3829E+01    1.3153E+01    4.1423E+00    1.4157E+01    1.3939E+01    7.2811E+00   
 1.0406E+02    3.9380E+01    4.8865E+01    1.9655E+01    1.5240E+01    1.3536E+01    6.5158E+01    4.3861E+01    1.3131E+01    4.1627E+00    1.4075E+01    1.4073E+01    7.2511E+00   
 1.0514E+02    3.9378E+01    4.8856E+01    1.9589E+01    1.5315E+01    1.3668E+01    6.5177E+01    4.3917E+01    1.3146E+01    4.1423E+00    1.4116E+01    1.3988E+01    7.2511E+00   
 1.0624E+02    3.9386E+01    4.8840E+01    1.9667E+01    1.5246E+01    1.3844E+01    6.5209E+01    4.3993E+01    1.3168E+01    4.1423E+00    1.4177E+01    1.3854E+01    7.2811E+00   
 1.0733E+02    3.9395E+01    4.8839E+01    1.9837E+01    1.5287E+01    1.3929E+01    6.5228E+01    4.4048E+01    1.3165E+01    4.1423E+00    1.4238E+01    1.4293E+01    7.2511E+00   
 1.0843E+02    3.9451E+01    4.8851E+01    1.9916E+01    1.5401E+01    1.4092E+01    6.5282E+01    4.4157E+01    1.3185E+01    4.1627E+00    1.4095E+01    1.4158E+01    7.2511E+00   
 1.0952E+02    3.9479E+01    4.8865E+01    2.0295E+01    1.5415E+01    1.4237E+01    6.5311E+01    4.4248E+01    1.3219E+01    4.1627E+00    1.4218E+01    1.4012E+01    7.2209E+00   
 1.1060E+02    3.9512E+01    4.8866E+01    2.0037E+01    1.5347E+01    1.4370E+01    6.5317E+01    4.4333E+01    1.3215E+01    4.1831E+00    1.4218E+01    1.3842E+01    7.2209E+00   
 1.1170E+02    3.9547E+01    4.8852E+01    1.9952E+01    1.5317E+01    1.4438E+01    6.5326E+01    4.4408E+01    1.3222E+01    4.1831E+00    1.4075E+01    1.3842E+01    7.2811E+00   
 1.1279E+02    3.9533E+01    4.8844E+01    2.0164E+01    1.5336E+01    1.4547E+01    6.5352E+01    4.4453E+01    1.3217E+01    4.1627E+00    1.4136E+01    1.3842E+01    7.2209E+00   
 1.1387E+02    3.9527E+01    4.8840E+01    2.0000E+01    1.5305E+01    1.4650E+01    6.5359E+01    4.4542E+01    1.3199E+01    4.1627E+00    1.4177E+01    1.4268E+01    7.2511E+00   
 1.1501E+02    3.9521E+01    4.8824E+01    1.9843E+01    1.5440E+01    1.4748E+01    6.5371E+01    4.4639E+01    1.3242E+01    4.1423E+00    1.4116E+01    1.4268E+01    7.2511E+00   
 1.1609E+02    3.9517E+01    4.8831E+01    1.9871E+01    1.5380E+01    1.4833E+01    6.5398E+01    4.4678E+01    1.3241E+01    4.1627E+00    1.4116E+01    1.3878E+01    7.2811E+00   
 1.1721E+02    3.9522E+01    4.8826E+01    1.9854E+01    1.5361E+01    1.4953E+01    6.5438E+01    4.4781E+01    1.3260E+01    4.1831E+00    1.4157E+01    1.4146E+01    7.2811E+00   
 1.1829E+02    3.9514E+01    4.8824E+01    2.0221E+01    1.5359E+01    1.5056E+01    6.5467E+01    4.4856E+01    1.3279E+01    4.1627E+00    1.4095E+01    1.3842E+01    7.2209E+00   
 1.1938E+02    3.9519E+01    4.8819E+01    2.0013E+01    1.5449E+01    1.5125E+01    6.5495E+01    4.4954E+01    1.3339E+01    4.1627E+00    1.4218E+01    1.4171E+01    7.2209E+00   
 1.2046E+02    3.9517E+01    4.8826E+01    2.0019E+01    1.5430E+01    1.5184E+01    6.5484E+01    4.4952E+01    1.3316E+01    4.1627E+00    1.4095E+01    1.4037E+01    7.2811E+00   
 1.2155E+02    3.9537E+01    4.8825E+01    2.0128E+01    1.5454E+01    1.5285E+01    6.5487E+01    4.5035E+01    1.3344E+01    4.1831E+00    1.4238E+01    1.3866E+01    7.2511E+00   
 1.2264E+02    3.9531E+01    4.8839E+01    2.0093E+01    1.5459E+01    1.5385E+01    6.5504E+01    4.5112E+01    1.3362E+01    4.2034E+00    1.4075E+01    1.3842E+01    7.3110E+00   
 1.2372E+02    3.9531E+01    4.8850E+01    2.0115E+01    1.5436E+01    1.5429E+01    6.5509E+01    4.5186E+01    1.3390E+01    4.1831E+00    1.4136E+01    1.4219E+01    7.2511E+00   
 1.2482E+02    3.9556E+01    4.8836E+01    2.0025E+01    1.5536E+01    1.5533E+01    6.5491E+01    4.5267E+01    1.3451E+01    4.1831E+00    1.4218E+01    1.4073E+01    7.2511E+00   
 1.2591E+02    3.9559E+01    4.8853E+01    2.0009E+01    1.5500E+01    1.5622E+01    6.5487E+01    4.5315E+01    1.3444E+01    4.2034E+00    1.4136E+01    1.4280E+01    7.2511E+00   
 1.2700E+02    3.9567E+01    4.8858E+01    2.0045E+01    1.5535E+01    1.5692E+01    6.5455E+01    4.5322E+01    1.3453E+01    4.2034E+00    1.4157E+01    1.4280E+01    7.2511E+00   
 1.2808E+02    3.9582E+01    4.8855E+01    2.0117E+01    1.5577E+01    1.5731E+01    6.5428E+01    4.5359E+01    1.3490E+01    4.1831E+00    1.4218E+01    1.4293E+01    7.2511E+00   
 1.2917E+02    3.9590E+01    4.8869E+01    2.0166E+01    1.5569E+01    1.5782E+01    6.5390E+01    4.5397E+01    1.3515E+01    4.2238E+00    1.4136E+01    1.4158E+01    7.2209E+00   
 1.3026E+02    3.9600E+01    4.8878E+01    2.0120E+01    1.5629E+01    1.5842E+01    6.5385E+01    4.5436E+01    1.3511E+01    4.2034E+00    1.4218E+01    1.3927E+01    7.2511E+00   
# Time (s)      T1w (C)       T2w (C)       T1a (C)       T2a (C)       T1r (C)       T2r (C)       T3r (C)       T4r (C)       P1 (bar)      P2 (bar)      Pow (W/100)      Qc (l/min)    
 1.3135E+02    3.9608E+01    4.8907E+01    1.9963E+01    1.5661E+01    1.5912E+01    6.5367E+01    4.5466E+01    1.3558E+01    4.2442E+00    1.4095E+01    1.3878E+01    7.2511E+00   
 1.3244E+02    3.9624E+01    4.8912E+01    1.9988E+01    1.5708E+01    1.5931E+01    6.5374E+01    4.5462E+01    1.3560E+01    4.2442E+00    1.4197E+01    1.3915E+01    7.2811E+00   
 1.3353E+02    3.9628E+01    4.8923E+01    1.9872E+01    1.5636E+01    1.5999E+01    6.5397E+01    4.5505E+01    1.3612E+01    4.2442E+00    1.4218E+01    1.3903E+01    7.2209E+00   
 1.3461E+02    3.9652E+01    4.8947E+01    1.9812E+01    1.5716E+01    1.6032E+01    6.5368E+01    4.5530E+01    1.3615E+01    4.2645E+00    1.4177E+01    1.3976E+01    7.2811E+00   
 1.3570E+02    3.9654E+01    4.8957E+01    1.9612E+01    1.5631E+01    1.6044E+01    6.5374E+01    4.5567E+01    1.3663E+01    4.2442E+00    1.4279E+01    1.4110E+01    7.1906E+00   
 1.3679E+02    3.9679E+01    4.8989E+01    1.9735E+01    1.5721E+01    1.6086E+01    6.5361E+01    4.5573E+01    1.3684E+01    4.2645E+00    1.4136E+01    1.4073E+01    7.2209E+00   
 1.3788E+02    3.9676E+01    4.8981E+01    1.9798E+01    1.5766E+01    1.6130E+01    6.5355E+01    4.5598E+01    1.3718E+01    4.2645E+00    1.4238E+01    1.4232E+01    7.2511E+00   
 1.3897E+02    3.9695E+01    4.9002E+01    1.9903E+01    1.5632E+01    1.6173E+01    6.5344E+01    4.5628E+01    1.3733E+01    4.2645E+00    1.4177E+01    1.3939E+01    7.2511E+00   
 1.4007E+02    3.9726E+01    4.9015E+01    1.9917E+01    1.5676E+01    1.6173E+01    6.5338E+01    4.5647E+01    1.3739E+01    4.2442E+00    1.4218E+01    1.4305E+01    7.2511E+00   
 1.4117E+02    3.9727E+01    4.9014E+01    1.9963E+01    1.5662E+01    1.6180E+01    6.5323E+01    4.5614E+01    1.3750E+01    4.2849E+00    1.4259E+01    1.4341E+01    7.2511E+00   
 1.4225E+02    3.9722E+01    4.9023E+01    2.0009E+01    1.5702E+01    1.6209E+01    6.5324E+01    4.5626E+01    1.3794E+01    4.2849E+00    1.4279E+01    1.3988E+01    7.2811E+00   
 1.4335E+02    3.9753E+01    4.9054E+01    1.9972E+01    1.5627E+01    1.6211E+01    6.5331E+01    4.5640E+01    1.3771E+01    4.2645E+00    1.4197E+01    1.4366E+01    7.2209E+00   
 1.4446E+02    3.9727E+01    4.9036E+01    1.9899E+01    1.5647E+01    1.6211E+01    6.5348E+01    4.5661E+01    1.3790E+01    4.2645E+00    1.4197E+01    1.4183E+01    7.2209E+00   
 1.4556E+02    3.9757E+01    4.9067E+01    1.9912E+01    1.5689E+01    1.6234E+01    6.5411E+01    4.5665E+01    1.3818E+01    4.2645E+00    1.4238E+01    1.4378E+01    7.2811E+00   
 1.4668E+02    3.9745E+01    4.9053E+01    1.9824E+01    1.5691E+01    1.6238E+01    6.5416E+01    4.5682E+01    1.3814E+01    4.2645E+00    1.4197E+01    1.4171E+01    7.2209E+00   
 1.4777E+02    3.9743E+01    4.9082E+01    1.9868E+01    1.5765E+01    1.6254E+01    6.5449E+01    4.5664E+01    1.3777E+01    4.2849E+00    1.4218E+01    1.4061E+01    7.2811E+00   
 1.4884E+02    3.9738E+01    4.9093E+01    1.9806E+01    1.5710E+01    1.6241E+01    6.5503E+01    4.5668E+01    1.3784E+01    4.3053E+00    1.4320E+01    1.4000E+01    7.2209E+00   
 1.4993E+02    3.9764E+01    4.9116E+01    2.0048E+01    1.5748E+01    1.6254E+01    6.5546E+01    4.5671E+01    1.3801E+01    4.3257E+00    1.4197E+01    1.3988E+01    7.2209E+00   
 1.5102E+02    3.9779E+01    4.9136E+01    1.9816E+01    1.5779E+01    1.6274E+01    6.5559E+01    4.5702E+01    1.3811E+01    4.2849E+00    1.4259E+01    1.3964E+01    7.2511E+00   
 1.5210E+02    3.9781E+01    4.9136E+01    1.9798E+01    1.5850E+01    1.6280E+01    6.5615E+01    4.5708E+01    1.3828E+01    4.3053E+00    1.4259E+01    1.4012E+01    7.2209E+00   
 1.5318E+02    3.9791E+01    4.9180E+01    2.0358E+01    1.5879E+01    1.6271E+01    6.5678E+01    4.5703E+01    1.3850E+01    4.3053E+00    1.4299E+01    1.4317E+01    7.2209E+00   
 1.5427E+02    3.9791E+01    4.9179E+01    2.0405E+01    1.5897E+01    1.6263E+01    6.5696E+01    4.5730E+01    1.3869E+01    4.3053E+00    1.4299E+01    1.4402E+01    7.2811E+00   
 1.5536E+02    3.9785E+01    4.9195E+01    2.0080E+01    1.5892E+01    1.6183E+01    6.5661E+01    4.5755E+01    1.3896E+01    4.3053E+00    1.4381E+01    1.4427E+01    7.2209E+00   
 1.5645E+02    3.9777E+01    4.9198E+01    1.9956E+01    1.5905E+01    1.6178E+01    6.5661E+01    4.5788E+01    1.3939E+01    4.3053E+00    1.4238E+01    1.4414E+01    7.2511E+00   
 1.5754E+02    3.9778E+01    4.9200E+01    1.9953E+01    1.5945E+01    1.6088E+01    6.5626E+01    4.5779E+01    1.3957E+01    4.3460E+00    1.4320E+01    1.4158E+01    7.2511E+00   
 1.5862E+02    3.9765E+01    4.9223E+01    2.0046E+01    1.5915E+01    1.5971E+01    6.5619E+01    4.5813E+01    1.4024E+01    4.3257E+00    1.4238E+01    1.4037E+01    7.2811E+00   
 1.5971E+02    3.9777E+01    4.9228E+01    2.0072E+01    1.6021E+01    1.5819E+01    6.5596E+01    4.5831E+01    1.4032E+01    4.3257E+00    1.4299E+01    1.4073E+01    7.2811E+00   
 1.6080E+02    3.9804E+01    4.9252E+01    2.0212E+01    1.6044E+01    1.5688E+01    6.5624E+01    4.5804E+01    1.4030E+01    4.3460E+00    1.4238E+01    1.4268E+01    7.2209E+00   
 1.6191E+02    3.9816E+01    4.9276E+01    2.0057E+01    1.6035E+01    1.5440E+01    6.5612E+01    4.5808E+01    1.4089E+01    4.3257E+00    1.4381E+01    1.4475E+01    7.2811E+00   
 1.6299E+02    3.9825E+01    4.9287E+01    2.0094E+01    1.6058E+01    1.5161E+01    6.5603E+01    4.5807E+01    1.4111E+01    4.3664E+00    1.4299E+01    1.4451E+01    7.2811E+00   
# Time (s)      T1w (C)       T2w (C)       T1a (C)       T2a (C)       T1r (C)       T2r (C)       T3r (C)       T4r (C)       P1 (bar)      P2 (bar)      Pow (W/100)      Qc (l/min)    
 1.6408E+02    3.9811E+01    4.9292E+01    2.0053E+01    1.6017E+01    1.4907E+01    6.5560E+01    4.5826E+01    1.4121E+01    4.3664E+00    1.4381E+01    1.4353E+01    7.3110E+00   
 1.6518E+02    3.9814E+01    4.9283E+01    2.0023E+01    1.5961E+01    1.4759E+01    6.5536E+01    4.5876E+01    1.4165E+01    4.3460E+00    1.4340E+01    1.4049E+01    7.2209E+00   
 1.6627E+02    3.9811E+01    4.9274E+01    2.0295E+01    1.6024E+01    1.4482E+01    6.5513E+01    4.5898E+01    1.4171E+01    4.3664E+00    1.4320E+01    1.4158E+01    7.2209E+00   
 1.6737E+02    3.9811E+01    4.9312E+01    2.0064E+01    1.6046E+01    1.4217E+01    6.5508E+01    4.5871E+01    1.4176E+01    4.3460E+00    1.4320E+01    1.4341E+01    7.2811E+00   
 1.6845E+02    3.9836E+01    4.9330E+01    1.9940E+01    1.6010E+01    1.4111E+01    6.5502E+01    4.5857E+01    1.4188E+01    4.3460E+00    1.4360E+01    1.4475E+01    7.2811E+00   
 1.6953E+02    3.9843E+01    4.9339E+01    1.9848E+01    1.6054E+01    1.3879E+01    6.5543E+01    4.5838E+01    1.4168E+01    4.3664E+00    1.4360E+01    1.4085E+01    7.2209E+00   
 1.7061E+02    3.9849E+01    4.9364E+01    1.9926E+01    1.5998E+01    1.3681E+01    6.5553E+01    4.5821E+01    1.4154E+01    4.3664E+00    1.4462E+01    1.4512E+01    7.2209E+00   
 1.7171E+02    3.9869E+01    4.9365E+01    1.9877E+01    1.6068E+01    1.3504E+01    6.5607E+01    4.5785E+01    1.4144E+01    4.3868E+00    1.4360E+01    1.4207E+01    7.2511E+00   
 1.7279E+02    3.9877E+01    4.9373E+01    1.9887E+01    1.5943E+01    1.3395E+01    6.5642E+01    4.5737E+01    1.4127E+01    4.3460E+00    1.4442E+01    1.4378E+01    7.2511E+00   
 1.7388E+02    3.9874E+01    4.9409E+01    2.0039E+01    1.5975E+01    1.3221E+01    6.5671E+01    4.5704E+01    1.4125E+01    4.3664E+00    1.4483E+01    1.4073E+01    7.2511E+00   
 1.7498E+02    3.9890E+01    4.9421E+01    1.9899E+01    1.5943E+01    1.3019E+01    6.5691E+01    4.5670E+01    1.4100E+01    4.3257E+00    1.4483E+01    1.4232E+01    7.2511E+00   
 1.7611E+02    3.9907E+01    4.9455E+01    1.9811E+01    1.6016E+01    1.2779E+01    6.5698E+01    4.5614E+01    1.4097E+01    4.3257E+00    1.4360E+01    1.4268E+01    7.2511E+00   
 1.7720E+02    3.9920E+01    4.9465E+01    1.9887E+01    1.5924E+01    1.2671E+01    6.5727E+01    4.5579E+01    1.4081E+01    4.3257E+00    1.4524E+01    1.4232E+01    7.2511E+00   
 1.7831E+02    3.9935E+01    4.9485E+01    1.9804E+01    1.5968E+01    1.2450E+01    6.5761E+01    4.5521E+01    1.4001E+01    4.3460E+00    1.4401E+01    1.4378E+01    7.2511E+00   
 1.7939E+02    3.9942E+01    4.9489E+01    1.9796E+01    1.5958E+01    1.2315E+01    6.5767E+01    4.5462E+01    1.4003E+01    4.3868E+00    1.4422E+01    1.4183E+01    7.2811E+00   
 1.8047E+02    3.9949E+01    4.9523E+01    1.9692E+01    1.5886E+01    1.2187E+01    6.5801E+01    4.5408E+01    1.3952E+01    4.3257E+00    1.4401E+01    1.4085E+01    7.2811E+00   
 1.8155E+02    3.9945E+01    4.9531E+01    1.9779E+01    1.5888E+01    1.2146E+01    6.5849E+01    4.5370E+01    1.3927E+01    4.3053E+00    1.4524E+01    1.4134E+01    7.2511E+00   
 1.8263E+02    3.9959E+01    4.9547E+01    1.9779E+01    1.5901E+01    1.2063E+01    6.5856E+01    4.5343E+01    1.3894E+01    4.3053E+00    1.4544E+01    1.4158E+01    7.2511E+00   
 1.8371E+02    3.9959E+01    4.9580E+01    1.9696E+01    1.5821E+01    1.1998E+01    6.5849E+01    4.5249E+01    1.3850E+01    4.2849E+00    1.4483E+01    1.4353E+01    7.2209E+00   
 1.8479E+02    3.9964E+01    4.9583E+01    1.9766E+01    1.5805E+01    1.1982E+01    6.5828E+01    4.5161E+01    1.3827E+01    4.2645E+00    1.4442E+01    1.4536E+01    7.2209E+00   
 1.8587E+02    3.9942E+01    4.9580E+01    1.9827E+01    1.5650E+01    1.2008E+01    6.5808E+01    4.5096E+01    1.3760E+01    4.2442E+00    1.4585E+01    1.4548E+01    7.2811E+00   
 1.8696E+02    3.9933E+01    4.9565E+01    1.9673E+01    1.5664E+01    1.2046E+01    6.5797E+01    4.5038E+01    1.3681E+01    4.2645E+00    1.4483E+01    1.4536E+01    7.2811E+00   
 1.8804E+02    3.9907E+01    4.9560E+01    1.9829E+01    1.5556E+01    1.2108E+01    6.5804E+01    4.4958E+01    1.3666E+01    4.2849E+00    1.4442E+01    1.4414E+01    7.2811E+00   
 1.8912E+02    3.9893E+01    4.9567E+01    1.9963E+01    1.5581E+01    1.2188E+01    6.5860E+01    4.4893E+01    1.3607E+01    4.2442E+00    1.4422E+01    1.4085E+01    7.3110E+00   
 1.9020E+02    3.9884E+01    4.9573E+01    1.9802E+01    1.5454E+01    1.2288E+01    6.5898E+01    4.4883E+01    1.3589E+01    4.2442E+00    1.4442E+01    1.4049E+01    7.2811E+00   
 1.9128E+02    3.9895E+01    4.9571E+01    1.9630E+01    1.5511E+01    1.2393E+01    6.5921E+01    4.4825E+01    1.3542E+01    4.2442E+00    1.4544E+01    1.4061E+01    7.2209E+00   
 1.9236E+02    3.9900E+01    4.9560E+01    1.9555E+01    1.5478E+01    1.2447E+01    6.5952E+01    4.4793E+01    1.3524E+01    4.2238E+00    1.4483E+01    1.4110E+01    7.2811E+00   
 1.9344E+02    3.9923E+01    4.9566E+01    1.9677E+01    1.5448E+01    1.2590E+01    6.5974E+01    4.4764E+01    1.3453E+01    4.2034E+00    1.4442E+01    1.4402E+01    7.2811E+00   
 1.9452E+02    3.9908E+01    4.9561E+01    1.9914E+01    1.5488E+01    1.2732E+01    6.5988E+01    4.4679E+01    1.3351E+01    4.2442E+00    1.4401E+01    1.4487E+01    7.2209E+00   
 1.9560E+02    3.9969E+01    4.9561E+01    1.9782E+01    1.5500E+01    1.2867E+01    6.6013E+01    4.4633E+01    1.3328E+01    4.2034E+00    1.4401E+01    1.4475E+01    7.2811E+00   
# Time (s)      T1w (C)       T2w (C)       T1a (C)       T2a (C)       T1r (C)       T2r (C)       T3r (C)       T4r (C)       P1 (bar)      P2 (bar)      Pow (W/100)      Qc (l/min)    
 1.9668E+02    3.9969E+01    4.9568E+01    1.9720E+01    1.5582E+01    1.2949E+01    6.6067E+01    4.4629E+01    1.3273E+01    4.2238E+00    1.4422E+01    1.4353E+01    7.2511E+00   
 1.9776E+02    3.9982E+01    4.9550E+01    1.9908E+01    1.5436E+01    1.3080E+01    6.6067E+01    4.4610E+01    1.3232E+01    4.1831E+00    1.4524E+01    1.4049E+01    7.2511E+00   
 1.9884E+02    3.9997E+01    4.9541E+01    1.9965E+01    1.5337E+01    1.3241E+01    6.6087E+01    4.4614E+01    1.3239E+01    4.2034E+00    1.4442E+01    1.4012E+01    7.2511E+00   
 1.9992E+02    3.9999E+01    4.9545E+01    1.9957E+01    1.5419E+01    1.3298E+01    6.6101E+01    4.4613E+01    1.3180E+01    4.2034E+00    1.4422E+01    1.4024E+01    7.2811E+00   
 2.0100E+02    4.0025E+01    4.9548E+01    1.9932E+01    1.5463E+01    1.3446E+01    6.6122E+01    4.4610E+01    1.3212E+01    4.2034E+00    1.4360E+01    1.4073E+01    7.2811E+00   
 2.0208E+02    4.0038E+01    4.9547E+01    1.9856E+01    1.5436E+01    1.3611E+01    6.6137E+01    4.4652E+01    1.3243E+01    4.1831E+00    1.4381E+01    1.4390E+01    7.2511E+00   
 2.0316E+02    4.0047E+01    4.9533E+01    2.0082E+01    1.5459E+01    1.3786E+01    6.6143E+01    4.4720E+01    1.3258E+01    4.1831E+00    1.4503E+01    1.4427E+01    7.2511E+00   
 2.0424E+02    4.0051E+01    4.9531E+01    2.0033E+01    1.5455E+01    1.3874E+01    6.6111E+01    4.4735E+01    1.3262E+01    4.1831E+00    1.4462E+01    1.4402E+01    7.2811E+00   
 2.0532E+02    4.0048E+01    4.9525E+01    2.0164E+01    1.5417E+01    1.3994E+01    6.6055E+01    4.4759E+01    1.3270E+01    4.2034E+00    1.4381E+01    1.4232E+01    7.2511E+00   
 2.0640E+02    4.0065E+01    4.9510E+01    2.0112E+01    1.5479E+01    1.4142E+01    6.6039E+01    4.4838E+01    1.3272E+01    4.1627E+00    1.4360E+01    1.4000E+01    7.2511E+00   
 2.0748E+02    4.0063E+01    4.9506E+01    2.0240E+01    1.5424E+01    1.4195E+01    6.5995E+01    4.4888E+01    1.3272E+01    4.1627E+00    1.4462E+01    1.4037E+01    7.2811E+00   
 2.0857E+02    4.0071E+01    4.9498E+01    2.0453E+01    1.5423E+01    1.4313E+01    6.5979E+01    4.4962E+01    1.3255E+01    4.1627E+00    1.4401E+01    1.4134E+01    7.2811E+00   
 2.0965E+02    4.0072E+01    4.9503E+01    2.0270E+01    1.5437E+01    1.4448E+01    6.5979E+01    4.5001E+01    1.3267E+01    4.2034E+00    1.4422E+01    1.4402E+01    7.2811E+00   
 2.1074E+02    4.0082E+01    4.9490E+01    2.0210E+01    1.5454E+01    1.4553E+01    6.5950E+01    4.5069E+01    1.3270E+01    4.2034E+00    1.4340E+01    1.4024E+01    7.2511E+00   
 2.1183E+02    4.0084E+01    4.9487E+01    2.0417E+01    1.5412E+01    1.4609E+01    6.5960E+01    4.5145E+01    1.3288E+01    4.2034E+00    1.4442E+01    1.4000E+01    7.2811E+00   
 2.1292E+02    4.0111E+01    4.9491E+01    2.0434E+01    1.5455E+01    1.4729E+01    6.6001E+01    4.5169E+01    1.3300E+01    4.1831E+00    1.4483E+01    1.4268E+01    7.2209E+00   
 2.1401E+02    4.0105E+01    4.9495E+01    2.0301E+01    1.5430E+01    1.4833E+01    6.5991E+01    4.5227E+01    1.3302E+01    4.2034E+00    1.4442E+01    1.4305E+01    7.2811E+00   
 2.1511E+02    4.0096E+01    4.9476E+01    2.0242E+01    1.5481E+01    1.4951E+01    6.6008E+01    4.5334E+01    1.3326E+01    4.1627E+00    1.4340E+01    1.4305E+01    7.2511E+00   
 2.1626E+02    4.0123E+01    4.9487E+01    2.0301E+01    1.5586E+01    1.5043E+01    6.6033E+01    4.5438E+01    1.3346E+01    4.1831E+00    1.4381E+01    1.4329E+01    7.2811E+00   
 2.1735E+02    4.0147E+01    4.9495E+01    2.0328E+01    1.5655E+01    1.5145E+01    6.6054E+01    4.5487E+01    1.3379E+01    4.2034E+00    1.4320E+01    1.4195E+01    7.2511E+00   
 2.1843E+02    4.0150E+01    4.9510E+01    2.0651E+01    1.5648E+01    1.5261E+01    6.6060E+01    4.5538E+01    1.3428E+01    4.2034E+00    1.4422E+01    1.4000E+01    7.2209E+00   
 2.1952E+02    4.0162E+01    4.9510E+01    2.0693E+01    1.5668E+01    1.5347E+01    6.6105E+01    4.5592E+01    1.3457E+01    4.2034E+00    1.4381E+01    1.4049E+01    7.2511E+00   
 2.2060E+02    4.0177E+01    4.9522E+01    2.0815E+01    1.5767E+01    1.5388E+01    6.6177E+01    4.5660E+01    1.3466E+01    4.2238E+00    1.4340E+01    1.4024E+01    7.2511E+00   
 2.2168E+02    4.0181E+01    4.9516E+01    2.1070E+01    1.5660E+01    1.5472E+01    6.6245E+01    4.5679E+01    1.3479E+01    4.2034E+00    1.4320E+01    1.4110E+01    7.2209E+00   
 2.2276E+02    4.0200E+01    4.9509E+01    2.1195E+01    1.5739E+01    1.5580E+01    6.6305E+01    4.5761E+01    1.3545E+01    4.2238E+00    1.4340E+01    1.4085E+01    7.2209E+00   
 2.2384E+02    4.0193E+01    4.9486E+01    2.1275E+01    1.5629E+01    1.5622E+01    6.6380E+01    4.5797E+01    1.3539E+01    4.2238E+00    1.4462E+01    1.4195E+01    7.2209E+00   
 2.2492E+02    4.0221E+01    4.9490E+01    2.1241E+01    1.5726E+01    1.5690E+01    6.6437E+01    4.5842E+01    1.3593E+01    4.2238E+00    1.4442E+01    1.4390E+01    7.2209E+00   
 2.2600E+02    4.0213E+01    4.9490E+01    2.1186E+01    1.5671E+01    1.5761E+01    6.6473E+01    4.5844E+01    1.3611E+01    4.2238E+00    1.4360E+01    1.4427E+01    7.2209E+00   
 2.2708E+02    4.0225E+01    4.9495E+01    2.0928E+01    1.5765E+01    1.5848E+01    6.6538E+01    4.5886E+01    1.3616E+01    4.2238E+00    1.4340E+01    1.4414E+01    7.2209E+00   
 2.2816E+02    4.0230E+01    4.9515E+01    2.0727E+01    1.5795E+01    1.5871E+01    6.6596E+01    4.5912E+01    1.3637E+01    4.2238E+00    1.4340E+01    1.4427E+01    7.2511E+00   
# Time (s)      T1w (C)       T2w (C)       T1a (C)       T2a (C)       T1r (C)       T2r (C)       T3r (C)       T4r (C)       P1 (bar)      P2 (bar)      Pow (W/100)      Qc (l/min)    
 2.2924E+02    4.0269E+01    4.9513E+01    2.0343E+01    1.5761E+01    1.5934E+01    6.6618E+01    4.5953E+01    1.3674E+01    4.2442E+00    1.4381E+01    1.4341E+01    7.2811E+00   
 2.3032E+02    4.0270E+01    4.9523E+01    2.0438E+01    1.5762E+01    1.5992E+01    6.6634E+01    4.5974E+01    1.3685E+01    4.2442E+00    1.4442E+01    1.4256E+01    7.2209E+00   
 2.3140E+02    4.0282E+01    4.9540E+01    2.0525E+01    1.5755E+01    1.6024E+01    6.6660E+01    4.6010E+01    1.3705E+01    4.2645E+00    1.4442E+01    1.4341E+01    7.2811E+00   
 2.3248E+02    4.0308E+01    4.9555E+01    2.0370E+01    1.5750E+01    1.6096E+01    6.6688E+01    4.6040E+01    1.3731E+01    4.2645E+00    1.4462E+01    1.4293E+01    7.2511E+00   
 2.3356E+02    4.0309E+01    4.9550E+01    2.0489E+01    1.5798E+01    1.6140E+01    6.6691E+01    4.6068E+01    1.3764E+01    4.2849E+00    1.4401E+01    1.4049E+01    7.2811E+00   
 2.3464E+02    4.0323E+01    4.9580E+01    2.0265E+01    1.5876E+01    1.6216E+01    6.6727E+01    4.6090E+01    1.3801E+01    4.2849E+00    1.4422E+01    1.4024E+01    7.2209E+00   
 2.3572E+02    4.0312E+01    4.9591E+01    2.0153E+01    1.5793E+01    1.6238E+01    6.6753E+01    4.6137E+01    1.3841E+01    4.3053E+00    1.4381E+01    1.4061E+01    7.1906E+00   
 2.3680E+02    4.0316E+01    4.9607E+01    2.0365E+01    1.5839E+01    1.6285E+01    6.6763E+01    4.6172E+01    1.3871E+01    4.2849E+00    1.4381E+01    1.4049E+01    7.2811E+00   
 2.3788E+02    4.0314E+01    4.9622E+01    2.0467E+01    1.5935E+01    1.6342E+01    6.6780E+01    4.6226E+01    1.3906E+01    4.3053E+00    1.4462E+01    1.4049E+01    7.1906E+00   
 2.3896E+02    4.0318E+01    4.9646E+01    2.0490E+01    1.5822E+01    1.6344E+01    6.6757E+01    4.6233E+01    1.3894E+01    4.3053E+00    1.4564E+01    1.4061E+01    7.2811E+00   
 2.4004E+02    4.0294E+01    4.9640E+01    2.0706E+01    1.5858E+01    1.6343E+01    6.6744E+01    4.6218E+01    1.3941E+01    4.3257E+00    1.4524E+01    1.4061E+01    7.2511E+00   
 2.4112E+02    4.0294E+01    4.9656E+01    2.0677E+01    1.5888E+01    1.6348E+01    6.6751E+01    4.6222E+01    1.3977E+01    4.3053E+00    1.4422E+01    1.4085E+01    7.2511E+00   
 2.4220E+02    4.0294E+01    4.9679E+01    2.0660E+01    1.5957E+01    1.6329E+01    6.6749E+01    4.6241E+01    1.3966E+01    4.2849E+00    1.4462E+01    1.4293E+01    7.2811E+00   
 2.4328E+02    4.0307E+01    4.9689E+01    2.0430E+01    1.5938E+01    1.6332E+01    6.6692E+01    4.6238E+01    1.3963E+01    4.2849E+00    1.4401E+01    1.4390E+01    7.2811E+00   
 2.4436E+02    4.0316E+01    4.9703E+01    2.0261E+01    1.5993E+01    1.6330E+01    6.6668E+01    4.6259E+01    1.3998E+01    4.3053E+00    1.4422E+01    1.4353E+01    7.2511E+00   
 2.4544E+02    4.0312E+01    4.9722E+01    1.9950E+01    1.6009E+01    1.6297E+01    6.6674E+01    4.6281E+01    1.4013E+01    4.3053E+00    1.4483E+01    1.4475E+01    7.2811E+00   
 2.4652E+02    4.0318E+01    4.9728E+01    1.9767E+01    1.5916E+01    1.6263E+01    6.6680E+01    4.6273E+01    1.4013E+01    4.3053E+00    1.4544E+01    1.4512E+01    7.2511E+00   
 2.4761E+02    4.0310E+01    4.9728E+01    2.0258E+01    1.5905E+01    1.6248E+01    6.6666E+01    4.6314E+01    1.4036E+01    4.2849E+00    1.4544E+01    1.4439E+01    7.2811E+00   
 2.4869E+02    4.0334E+01    4.9730E+01    2.0281E+01    1.5973E+01    1.6188E+01    6.6652E+01    4.6330E+01    1.4053E+01    4.3053E+00    1.4564E+01    1.4183E+01    7.2511E+00   
 2.4978E+02    4.0336E+01    4.9726E+01    2.0808E+01    1.5985E+01    1.6075E+01    6.6623E+01    4.6334E+01    1.4056E+01    4.3053E+00    1.4483E+01    1.4305E+01    7.2209E+00   
 2.5086E+02    4.0360E+01    4.9737E+01    2.0947E+01    1.5950E+01    1.6018E+01    6.6608E+01    4.6343E+01    1.4072E+01    4.3460E+00    1.4462E+01    1.4158E+01    7.2511E+00   
 2.5195E+02    4.0370E+01    4.9744E+01    2.0727E+01    1.5975E+01    1.5892E+01    6.6583E+01    4.6354E+01    1.4093E+01    4.3460E+00    1.4585E+01    1.4366E+01    7.2511E+00   
 2.5304E+02    4.0389E+01    4.9756E+01    2.0537E+01    1.5991E+01    1.5703E+01    6.6558E+01    4.6342E+01    1.4105E+01    4.3664E+00    1.4503E+01    1.4573E+01    7.2511E+00   
 2.5412E+02    4.0391E+01    4.9766E+01    2.0755E+01    1.6007E+01    1.5493E+01    6.6516E+01    4.6373E+01    1.4139E+01    4.3664E+00    1.4524E+01    1.4158E+01    7.2511E+00   
 2.5522E+02    4.0400E+01    4.9784E+01    2.0726E+01    1.6032E+01    1.5361E+01    6.6494E+01    4.6387E+01    1.4149E+01    4.3460E+00    1.4544E+01    1.4244E+01    7.2511E+00   
 2.5632E+02    4.0394E+01    4.9798E+01    2.0210E+01    1.5986E+01    1.4974E+01    6.6511E+01    4.6386E+01    1.4173E+01    4.3868E+00    1.4626E+01    1.4317E+01    7.2511E+00   
 2.5740E+02    4.0403E+01    4.9816E+01    2.0171E+01    1.6043E+01    1.4408E+01    6.6485E+01    4.6366E+01    1.4174E+01    4.3868E+00    1.4503E+01    1.4171E+01    7.2511E+00   
 2.5856E+02    4.0407E+01    4.9847E+01    2.0064E+01    1.6061E+01    1.4006E+01    6.6480E+01    4.6363E+01    1.4162E+01    4.3664E+00    1.4564E+01    1.4609E+01    7.2209E+00   
 2.5965E+02    4.0413E+01    4.9869E+01    2.0071E+01    1.6029E+01    1.3830E+01    6.6434E+01    4.6317E+01    1.4152E+01    4.3664E+00    1.4564E+01    1.4232E+01    7.2511E+00   
 2.6075E+02    4.0418E+01    4.9882E+01    2.0316E+01    1.5980E+01    1.3449E+01    6.6411E+01    4.6284E+01    1.4164E+01    4.3868E+00    1.4585E+01    1.4427E+01    7.2511E+00   
# Time (s)      T1w (C)       T2w (C)       T1a (C)       T2a (C)       T1r (C)       T2r (C)       T3r (C)       T4r (C)       P1 (bar)      P2 (bar)      Pow (W/100)      Qc (l/min)    
 2.6183E+02    4.0422E+01    4.9906E+01    2.0416E+01    1.5959E+01    1.3156E+01    6.6406E+01    4.6277E+01    1.4156E+01    4.3460E+00    1.4503E+01    1.4463E+01    7.2511E+00   
 2.6291E+02    4.0440E+01    4.9927E+01    2.0433E+01    1.6042E+01    1.2906E+01    6.6414E+01    4.6231E+01    1.4130E+01    4.3664E+00    1.4666E+01    1.4451E+01    7.2811E+00   
 2.6399E+02    4.0457E+01    4.9987E+01    2.0591E+01    1.5969E+01    1.2787E+01    6.6438E+01    4.6186E+01    1.4126E+01    4.3868E+00    1.4687E+01    1.4353E+01    7.2511E+00   
 2.6507E+02    4.0474E+01    5.0000E+01    2.0626E+01    1.6038E+01    1.2581E+01    6.6466E+01    4.6141E+01    1.4109E+01    4.3460E+00    1.4646E+01    1.4207E+01    7.2209E+00   
 2.6615E+02    4.0477E+01    5.0038E+01    2.0759E+01    1.6072E+01    1.2419E+01    6.6473E+01    4.6073E+01    1.4052E+01    4.3257E+00    1.4626E+01    1.4183E+01    7.2511E+00   
 2.6723E+02    4.0477E+01    5.0047E+01    2.0590E+01    1.6031E+01    1.2344E+01    6.6503E+01    4.5987E+01    1.4039E+01    4.3257E+00    1.4605E+01    1.4195E+01    7.2209E+00   
 2.6831E+02    4.0461E+01    5.0052E+01    2.0668E+01    1.5978E+01    1.2217E+01    6.6524E+01    4.5913E+01    1.3980E+01    4.3053E+00    1.4585E+01    1.4171E+01    7.2511E+00   
 2.6939E+02    4.0467E+01    5.0062E+01    2.0626E+01    1.5917E+01    1.2120E+01    6.6559E+01    4.5862E+01    1.3922E+01    4.3053E+00    1.4687E+01    1.4268E+01    7.2511E+00   
 2.7047E+02    4.0431E+01    5.0051E+01    2.0670E+01    1.5759E+01    1.2060E+01    6.6625E+01    4.5774E+01    1.3847E+01    4.3053E+00    1.4626E+01    1.4256E+01    7.2511E+00   
 2.7157E+02    4.0449E+01    5.0088E+01    2.0362E+01    1.5746E+01    1.2023E+01    6.6616E+01    4.5685E+01    1.3821E+01    4.2645E+00    1.4707E+01    1.4280E+01    7.2209E+00   
 2.7265E+02    4.0461E+01    5.0082E+01    2.0295E+01    1.5719E+01    1.1997E+01    6.6627E+01    4.5644E+01    1.3806E+01    4.2849E+00    1.4728E+01    1.4232E+01    7.2811E+00   
 2.7373E+02    4.0453E+01    5.0098E+01    2.0173E+01    1.5759E+01    1.1999E+01    6.6633E+01    4.5601E+01    1.3756E+01    4.2645E+00    1.4626E+01    1.4256E+01    7.2511E+00   
 2.7482E+02    4.0467E+01    5.0101E+01    2.0225E+01    1.5647E+01    1.2000E+01    6.6626E+01    4.5486E+01    1.3713E+01    4.2645E+00    1.4585E+01    1.4207E+01    7.2811E+00   
 2.7590E+02    4.0471E+01    5.0102E+01    2.0607E+01    1.5731E+01    1.2022E+01    6.6647E+01    4.5415E+01    1.3674E+01    4.2645E+00    1.4626E+01    1.4232E+01    7.2511E+00   
 2.7698E+02    4.0479E+01    5.0116E+01    2.0621E+01    1.5782E+01    1.2098E+01    6.6671E+01    4.5407E+01    1.3630E+01    4.2442E+00    1.4707E+01    1.4195E+01    7.2811E+00   
 2.7806E+02    4.0482E+01    5.0108E+01    2.0482E+01    1.5622E+01    1.2203E+01    6.6703E+01    4.5310E+01    1.3617E+01    4.2645E+00    1.4728E+01    1.4171E+01    7.2511E+00   
 2.7914E+02    4.0481E+01    5.0120E+01    2.0617E+01    1.5634E+01    1.2265E+01    6.6757E+01    4.5250E+01    1.3620E+01    4.2442E+00    1.4707E+01    1.4195E+01    7.2209E+00   
 2.8022E+02    4.0487E+01    5.0103E+01    2.0440E+01    1.5594E+01    1.2406E+01    6.6791E+01    4.5193E+01    1.3571E+01    4.2238E+00    1.4646E+01    1.4171E+01    7.2511E+00   
 2.8130E+02    4.0479E+01    5.0099E+01    2.0274E+01    1.5584E+01    1.2551E+01    6.6819E+01    4.5164E+01    1.3535E+01    4.2442E+00    1.4626E+01    1.4219E+01    7.2811E+00   
 2.8238E+02    4.0474E+01    5.0096E+01    2.0360E+01    1.5582E+01    1.2647E+01    6.6863E+01    4.5139E+01    1.3542E+01    4.2442E+00    1.4585E+01    1.4414E+01    7.2811E+00   
 2.8346E+02    4.0490E+01    5.0098E+01    2.0734E+01    1.5583E+01    1.2807E+01    6.6905E+01    4.5108E+01    1.3527E+01    4.2034E+00    1.4564E+01    1.4524E+01    7.2209E+00   
 2.8454E+02    4.0513E+01    5.0114E+01    2.0622E+01    1.5662E+01    1.2957E+01    6.6926E+01    4.5066E+01    1.3473E+01    4.2034E+00    1.4646E+01    1.4487E+01    7.2511E+00   
 2.8562E+02    4.0548E+01    5.0114E+01    2.0504E+01    1.5590E+01    1.3142E+01    6.6967E+01    4.5067E+01    1.3439E+01    4.2034E+00    1.4728E+01    1.4561E+01    7.2511E+00   
 2.8670E+02    4.0556E+01    5.0089E+01    2.0391E+01    1.5578E+01    1.3199E+01    6.7000E+01    4.5076E+01    1.3444E+01    4.1831E+00    1.4564E+01    1.4098E+01    7.2511E+00   
 2.8778E+02    4.0544E+01    5.0086E+01    2.0253E+01    1.5534E+01    1.3373E+01    6.7020E+01    4.5081E+01    1.3422E+01    4.1831E+00    1.4626E+01    1.4122E+01    7.2511E+00   
 2.8887E+02    4.0511E+01    5.0042E+01    2.0333E+01    1.5538E+01    1.3534E+01    6.7049E+01    4.5074E+01    1.3397E+01    4.2034E+00    1.4585E+01    1.4378E+01    7.2811E+00   
 2.8996E+02    4.0527E+01    5.0040E+01    2.0431E+01    1.5510E+01    1.3690E+01    6.7065E+01    4.5110E+01    1.3375E+01    4.2034E+00    1.4524E+01    1.4134E+01    7.2209E+00   
 2.9104E+02    4.0510E+01    4.9989E+01    2.0456E+01    1.5555E+01    1.3774E+01    6.7074E+01    4.5104E+01    1.3402E+01    4.1831E+00    1.4646E+01    1.4329E+01    7.2511E+00   
 2.9213E+02    4.0547E+01    4.9998E+01    2.0717E+01    1.5504E+01    1.3903E+01    6.7074E+01    4.5140E+01    1.3377E+01    4.2034E+00    1.4564E+01    1.4158E+01    7.2511E+00   
 2.9323E+02    4.0545E+01    4.9993E+01    2.0704E+01    1.5477E+01    1.4032E+01    6.7058E+01    4.5144E+01    1.3400E+01    4.1831E+00    1.4524E+01    1.4317E+01    7.2811E+00   
# Time (s)      T1w (C)       T2w (C)       T1a (C)       T2a (C)       T1r (C)       T2r (C)       T3r (C)       T4r (C)       P1 (bar)      P2 (bar)      Pow (W/100)      Qc (l/min)    
 2.9434E+02    4.0549E+01    4.9966E+01    2.0580E+01    1.5503E+01    1.4171E+01    6.7099E+01    4.5201E+01    1.3387E+01    4.1627E+00    1.4564E+01    1.4500E+01    7.2209E+00   
 2.9542E+02    4.0579E+01    4.9983E+01    2.0728E+01    1.5555E+01    1.4225E+01    6.7092E+01    4.5243E+01    1.3371E+01    4.2034E+00    1.4503E+01    1.4085E+01    7.2511E+00   
 2.9655E+02    4.0612E+01    4.9982E+01    2.0649E+01    1.5563E+01    1.4397E+01    6.7119E+01    4.5365E+01    1.3377E+01    4.1831E+00    1.4544E+01    1.4268E+01    7.2209E+00   
 2.9764E+02    4.0612E+01    4.9973E+01    2.0187E+01    1.5486E+01    1.4543E+01    6.7118E+01    4.5399E+01    1.3414E+01    4.2238E+00    1.4646E+01    1.4524E+01    7.2811E+00   
 2.9875E+02    4.0630E+01    4.9980E+01    2.0192E+01    1.5553E+01    1.4656E+01    6.7069E+01    4.5469E+01    1.3394E+01    4.2034E+00    1.4544E+01    1.4317E+01    7.2511E+00   
 2.9984E+02    4.0641E+01    4.9994E+01    2.0218E+01    1.5489E+01    1.4727E+01    6.7049E+01    4.5568E+01    1.3408E+01    4.1627E+00    1.4544E+01    1.4073E+01    7.2511E+00   
 3.0094E+02    4.0655E+01    4.9987E+01    2.0153E+01    1.5555E+01    1.4861E+01    6.6991E+01    4.5662E+01    1.3401E+01    4.1627E+00    1.4626E+01    1.4512E+01    7.2511E+00   
 3.0202E+02    4.0679E+01    4.9999E+01    2.0430E+01    1.5547E+01    1.4973E+01    6.7001E+01    4.5692E+01    1.3410E+01    4.1831E+00    1.4646E+01    1.4439E+01    7.2209E+00   
 3.0310E+02    4.0657E+01    4.9982E+01    2.0495E+01    1.5582E+01    1.5008E+01    6.6965E+01    4.5776E+01    1.3366E+01    4.2034E+00    1.4605E+01    1.4463E+01    7.2511E+00   
 3.0418E+02    4.0683E+01    4.9981E+01    2.0663E+01    1.5646E+01    1.5126E+01    6.6949E+01    4.5853E+01    1.3372E+01    4.2034E+00    1.4544E+01    1.4329E+01    7.2511E+00   
 3.0526E+02    4.0677E+01    4.9993E+01    2.0617E+01    1.5666E+01    1.5222E+01    6.6936E+01    4.5896E+01    1.3408E+01    4.2238E+00    1.4503E+01    1.4110E+01    7.2511E+00   
 3.0634E+02    4.0679E+01    4.9984E+01    2.0656E+01    1.5636E+01    1.5339E+01    6.6940E+01    4.5983E+01    1.3415E+01    4.2238E+00    1.4503E+01    1.4085E+01    7.2511E+00   
 3.0742E+02    4.0706E+01    4.9994E+01    2.0840E+01    1.5729E+01    1.5409E+01    6.6961E+01    4.6052E+01    1.3460E+01    4.2034E+00    1.4544E+01    1.4098E+01    7.2511E+00   
 3.0850E+02    4.0700E+01    4.9995E+01    2.0562E+01    1.5772E+01    1.5491E+01    6.6946E+01    4.6112E+01    1.3454E+01    4.2034E+00    1.4626E+01    1.4098E+01    7.2209E+00   
 3.0958E+02    4.0699E+01    4.9984E+01    2.0523E+01    1.5754E+01    1.5590E+01    6.6945E+01    4.6155E+01    1.3507E+01    4.2442E+00    1.4605E+01    1.4219E+01    7.2511E+00   
 3.1066E+02    4.0698E+01    4.9979E+01    2.0373E+01    1.5745E+01    1.5630E+01    6.6942E+01    4.6207E+01    1.3507E+01    4.2442E+00    1.4585E+01    1.4329E+01    7.2511E+00   
 3.1174E+02    4.0705E+01    4.9971E+01    2.0292E+01    1.5751E+01    1.5722E+01    6.6932E+01    4.6273E+01    1.3525E+01    4.2238E+00    1.4524E+01    1.4536E+01    7.2811E+00   
 3.1282E+02    4.0686E+01    4.9965E+01    2.0110E+01    1.5757E+01    1.5823E+01    6.6947E+01    4.6297E+01    1.3592E+01    4.2238E+00    1.4544E+01    1.4378E+01    7.2811E+00   
