# Run number 27 on Tue May 21 12:32:10 2024
# Time (s)      T1w (C)       T2w (C)       T1a (C)       T2a (C)       T1r (C)       T2r (C)       T3r (C)       T4r (C)       P1 (bar)      P2 (bar)      Pow (W/100)      Qc (l/min)    
 3.0095E-01    4.8297E+01    5.4360E+01    2.0299E+01    1.6009E+01    1.4911E+01    7.5262E+01    4.9438E+01    1.3523E+01    4.2238E+00    1.6298E+01    1.5048E+01    1.2800E+01   
 1.4463E+00    4.8284E+01    5.4350E+01    2.0218E+01    1.6030E+01    1.5057E+01    7.5231E+01    4.9576E+01    1.3539E+01    4.2442E+00    1.6298E+01    1.5170E+01    1.2658E+01   
 2.5324E+00    4.8276E+01    5.4337E+01    2.0194E+01    1.6192E+01    1.5184E+01    7.5200E+01    4.9660E+01    1.3591E+01    4.2645E+00    1.6278E+01    1.5462E+01    1.2715E+01   
 3.6366E+00    4.8281E+01    5.4330E+01    2.0100E+01    1.6056E+01    1.5241E+01    7.5175E+01    4.9792E+01    1.3620E+01    4.2645E+00    1.6216E+01    1.5011E+01    1.2715E+01   
 4.7257E+00    4.8293E+01    5.4326E+01    2.0040E+01    1.6170E+01    1.5404E+01    7.5140E+01    4.9937E+01    1.3658E+01    4.2849E+00    1.6176E+01    1.5462E+01    1.2687E+01   
 5.8138E+00    4.8280E+01    5.4326E+01    2.0123E+01    1.6221E+01    1.5528E+01    7.5115E+01    4.9997E+01    1.3669E+01    4.2645E+00    1.6400E+01    1.5036E+01    1.2715E+01   
 6.9010E+00    4.8283E+01    5.4339E+01    2.0208E+01    1.6274E+01    1.5648E+01    7.5120E+01    5.0096E+01    1.3742E+01    4.2849E+00    1.6257E+01    1.5462E+01    1.2715E+01   
 7.9892E+00    4.8277E+01    5.4332E+01    2.0245E+01    1.6250E+01    1.5680E+01    7.5056E+01    5.0212E+01    1.3721E+01    4.2849E+00    1.6176E+01    1.5206E+01    1.2772E+01   
 9.0783E+00    4.8257E+01    5.4333E+01    2.0360E+01    1.6255E+01    1.5802E+01    7.5028E+01    5.0342E+01    1.3743E+01    4.3053E+00    1.6155E+01    1.5145E+01    1.2772E+01   
 1.0166E+01    4.8260E+01    5.4318E+01    2.0672E+01    1.6256E+01    1.5885E+01    7.5009E+01    5.0380E+01    1.3786E+01    4.3053E+00    1.6278E+01    1.5097E+01    1.2715E+01   
 1.1247E+01    4.8258E+01    5.4320E+01    2.0396E+01    1.6283E+01    1.5974E+01    7.4958E+01    5.0480E+01    1.3780E+01    4.2849E+00    1.6298E+01    1.5170E+01    1.2715E+01   
 1.2342E+01    4.8275E+01    5.4326E+01    2.0421E+01    1.6314E+01    1.6017E+01    7.4918E+01    5.0551E+01    1.3792E+01    4.3053E+00    1.6278E+01    1.5535E+01    1.2715E+01   
 1.3431E+01    4.8277E+01    5.4342E+01    2.0540E+01    1.6376E+01    1.6100E+01    7.4873E+01    5.0652E+01    1.3830E+01    4.3257E+00    1.6339E+01    1.5462E+01    1.2687E+01   
 1.4521E+01    4.8273E+01    5.4341E+01    2.0131E+01    1.6322E+01    1.6194E+01    7.4863E+01    5.0691E+01    1.3903E+01    4.3460E+00    1.6318E+01    1.5182E+01    1.2744E+01   
 1.5614E+01    4.8282E+01    5.4369E+01    2.0172E+01    1.6377E+01    1.6304E+01    7.4843E+01    5.0802E+01    1.3976E+01    4.3257E+00    1.6278E+01    1.5206E+01    1.2744E+01   
 1.6702E+01    4.8261E+01    5.4342E+01    1.9901E+01    1.6399E+01    1.6339E+01    7.4887E+01    5.0857E+01    1.4000E+01    4.3868E+00    1.6257E+01    1.5511E+01    1.2744E+01   
 1.7792E+01    4.8272E+01    5.4350E+01    1.9930E+01    1.6511E+01    1.6423E+01    7.4919E+01    5.0898E+01    1.4048E+01    4.3868E+00    1.6318E+01    1.5085E+01    1.2687E+01   
 1.8880E+01    4.8261E+01    5.4357E+01    1.9893E+01    1.6525E+01    1.6526E+01    7.4973E+01    5.0928E+01    1.4103E+01    4.3868E+00    1.6339E+01    1.5548E+01    1.2629E+01   
 1.9967E+01    4.8254E+01    5.4360E+01    1.9867E+01    1.6544E+01    1.6556E+01    7.4971E+01    5.0992E+01    1.4116E+01    4.3868E+00    1.6339E+01    1.5596E+01    1.2658E+01   
 2.1049E+01    4.8270E+01    5.4378E+01    1.9891E+01    1.6493E+01    1.6655E+01    7.4962E+01    5.1033E+01    1.4209E+01    4.3664E+00    1.6318E+01    1.5194E+01    1.2658E+01   
 2.2136E+01    4.8287E+01    5.4404E+01    1.9889E+01    1.6689E+01    1.6724E+01    7.4944E+01    5.1053E+01    1.4274E+01    4.4071E+00    1.6257E+01    1.5474E+01    1.2715E+01   
 2.3224E+01    4.8266E+01    5.4412E+01    1.9837E+01    1.6635E+01    1.6795E+01    7.4892E+01    5.1097E+01    1.4332E+01    4.4071E+00    1.6278E+01    1.5231E+01    1.2772E+01   
 2.4312E+01    4.8267E+01    5.4405E+01    1.9833E+01    1.6556E+01    1.6811E+01    7.4853E+01    5.1075E+01    1.4344E+01    4.4275E+00    1.6441E+01    1.5499E+01    1.2715E+01   
 2.5400E+01    4.8253E+01    5.4428E+01    1.9833E+01    1.6560E+01    1.6880E+01    7.4801E+01    5.1078E+01    1.4409E+01    4.4071E+00    1.6339E+01    1.5596E+01    1.2687E+01   
 2.6483E+01    4.8231E+01    5.4416E+01    1.9818E+01    1.6554E+01    1.6959E+01    7.4809E+01    5.1119E+01    1.4466E+01    4.4071E+00    1.6318E+01    1.5219E+01    1.2744E+01   
 2.7571E+01    4.8237E+01    5.4424E+01    1.9837E+01    1.6535E+01    1.6995E+01    7.4754E+01    5.1142E+01    1.4507E+01    4.4071E+00    1.6298E+01    1.5279E+01    1.2687E+01   
 2.8656E+01    4.8223E+01    5.4429E+01    1.9834E+01    1.6632E+01    1.7034E+01    7.4715E+01    5.1136E+01    1.4522E+01    4.4683E+00    1.6318E+01    1.5279E+01    1.2715E+01   
 2.9744E+01    4.8225E+01    5.4434E+01    1.9858E+01    1.6659E+01    1.7091E+01    7.4734E+01    5.1187E+01    1.4563E+01    4.4479E+00    1.6216E+01    1.5608E+01    1.2772E+01   
 3.0834E+01    4.8239E+01    5.4447E+01    1.9940E+01    1.6618E+01    1.7126E+01    7.4704E+01    5.1159E+01    1.4554E+01    4.4479E+00    1.6380E+01    1.5145E+01    1.2744E+01   
 3.1922E+01    4.8236E+01    5.4448E+01    1.9933E+01    1.6610E+01    1.7132E+01    7.4745E+01    5.1157E+01    1.4604E+01    4.4683E+00    1.6298E+01    1.5523E+01    1.2687E+01   
# Time (s)      T1w (C)       T2w (C)       T1a (C)       T2a (C)       T1r (C)       T2r (C)       T3r (C)       T4r (C)       P1 (bar)      P2 (bar)      Pow (W/100)      Qc (l/min)    
 3.3018E+01    4.8235E+01    5.4458E+01    1.9911E+01    1.6708E+01    1.7204E+01    7.4826E+01    5.1181E+01    1.4623E+01    4.4683E+00    1.6339E+01    1.5523E+01    1.2715E+01   
 3.4121E+01    4.8239E+01    5.4453E+01    1.9898E+01    1.6700E+01    1.7243E+01    7.4874E+01    5.1216E+01    1.4657E+01    4.4683E+00    1.6380E+01    1.5182E+01    1.2744E+01   
 3.5259E+01    4.8228E+01    5.4451E+01    1.9897E+01    1.6684E+01    1.7298E+01    7.4949E+01    5.1219E+01    1.4718E+01    4.4886E+00    1.6298E+01    1.5231E+01    1.2744E+01   
 3.6342E+01    4.8237E+01    5.4458E+01    1.9876E+01    1.6712E+01    1.7308E+01    7.4992E+01    5.1229E+01    1.4760E+01    4.4479E+00    1.6359E+01    1.5462E+01    1.2715E+01   
 3.7419E+01    4.8237E+01    5.4469E+01    1.9865E+01    1.6732E+01    1.7327E+01    7.4955E+01    5.1243E+01    1.4779E+01    4.4683E+00    1.6298E+01    1.5682E+01    1.2687E+01   
 3.8514E+01    4.8227E+01    5.4472E+01    1.9852E+01    1.6763E+01    1.7361E+01    7.4933E+01    5.1296E+01    1.4825E+01    4.4683E+00    1.6339E+01    1.5718E+01    1.2715E+01   
 3.9604E+01    4.8231E+01    5.4483E+01    1.9856E+01    1.6767E+01    1.7373E+01    7.4899E+01    5.1284E+01    1.4862E+01    4.4683E+00    1.6318E+01    1.5499E+01    1.2715E+01   
 4.0707E+01    4.8232E+01    5.4470E+01    1.9837E+01    1.6694E+01    1.7384E+01    7.4836E+01    5.1310E+01    1.4870E+01    4.4683E+00    1.6278E+01    1.5706E+01    1.2772E+01   
 4.1789E+01    4.8219E+01    5.4481E+01    1.9823E+01    1.6719E+01    1.7383E+01    7.4796E+01    5.1299E+01    1.4909E+01    4.4886E+00    1.6298E+01    1.5694E+01    1.2800E+01   
 4.2874E+01    4.8217E+01    5.4487E+01    1.9783E+01    1.6792E+01    1.7367E+01    7.4766E+01    5.1308E+01    1.4969E+01    4.4683E+00    1.6278E+01    1.5511E+01    1.2744E+01   
 4.3956E+01    4.8235E+01    5.4514E+01    1.9795E+01    1.6849E+01    1.7330E+01    7.4739E+01    5.1347E+01    1.4995E+01    4.5090E+00    1.6318E+01    1.5718E+01    1.2800E+01   
 4.5037E+01    4.8236E+01    5.4522E+01    1.9795E+01    1.6860E+01    1.7295E+01    7.4701E+01    5.1404E+01    1.5019E+01    4.4886E+00    1.6318E+01    1.5426E+01    1.2687E+01   
 4.6118E+01    4.8211E+01    5.4488E+01    1.9872E+01    1.6842E+01    1.7214E+01    7.4707E+01    5.1415E+01    1.5069E+01    4.4886E+00    1.6400E+01    1.5487E+01    1.2772E+01   
 4.7203E+01    4.8192E+01    5.4483E+01    1.9811E+01    1.6810E+01    1.7111E+01    7.4687E+01    5.1405E+01    1.5105E+01    4.5090E+00    1.6339E+01    1.5694E+01    1.2772E+01   
 4.8285E+01    4.8190E+01    5.4475E+01    1.9772E+01    1.6891E+01    1.7046E+01    7.4686E+01    5.1391E+01    1.5138E+01    4.4886E+00    1.6380E+01    1.5474E+01    1.2800E+01   
 4.9366E+01    4.8202E+01    5.4499E+01    1.9759E+01    1.6836E+01    1.6871E+01    7.4690E+01    5.1422E+01    1.5160E+01    4.5090E+00    1.6380E+01    1.5219E+01    1.2715E+01   
 5.0446E+01    4.8220E+01    5.4514E+01    1.9743E+01    1.6927E+01    1.6571E+01    7.4650E+01    5.1409E+01    1.5177E+01    4.4886E+00    1.6400E+01    1.5231E+01    1.2687E+01   
 5.1531E+01    4.8211E+01    5.4519E+01    1.9762E+01    1.6920E+01    1.6043E+01    7.4604E+01    5.1412E+01    1.5194E+01    4.5294E+00    1.6400E+01    1.5401E+01    1.2829E+01   
 5.2613E+01    4.8208E+01    5.4501E+01    1.9745E+01    1.6817E+01    1.5662E+01    7.4570E+01    5.1377E+01    1.5190E+01    4.5090E+00    1.6420E+01    1.5755E+01    1.2744E+01   
 5.3701E+01    4.8188E+01    5.4486E+01    1.9744E+01    1.6880E+01    1.5124E+01    7.4529E+01    5.1366E+01    1.5194E+01    4.5090E+00    1.6380E+01    1.5596E+01    1.2744E+01   
 5.4783E+01    4.8185E+01    5.4501E+01    1.9773E+01    1.6919E+01    1.4723E+01    7.4504E+01    5.1344E+01    1.5196E+01    4.5294E+00    1.6380E+01    1.5779E+01    1.2744E+01   
 5.5876E+01    4.8148E+01    5.4481E+01    1.9777E+01    1.6855E+01    1.4548E+01    7.4485E+01    5.1295E+01    1.5166E+01    4.5090E+00    1.6339E+01    1.5584E+01    1.2772E+01   
 5.6958E+01    4.8153E+01    5.4513E+01    1.9770E+01    1.6895E+01    1.4235E+01    7.4474E+01    5.1218E+01    1.5136E+01    4.4886E+00    1.6380E+01    1.5219E+01    1.2715E+01   
 5.8045E+01    4.8169E+01    5.4540E+01    1.9776E+01    1.6890E+01    1.3990E+01    7.4464E+01    5.1130E+01    1.5096E+01    4.4886E+00    1.6461E+01    1.5755E+01    1.2715E+01   
 5.9134E+01    4.8145E+01    5.4533E+01    1.9732E+01    1.6910E+01    1.3745E+01    7.4488E+01    5.1104E+01    1.5010E+01    4.4683E+00    1.6441E+01    1.5438E+01    1.2715E+01   
 6.0229E+01    4.8155E+01    5.4555E+01    1.9799E+01    1.6784E+01    1.3649E+01    7.4517E+01    5.0972E+01    1.4918E+01    4.4683E+00    1.6441E+01    1.5243E+01    1.2772E+01   
 6.1311E+01    4.8167E+01    5.4593E+01    1.9850E+01    1.6679E+01    1.3469E+01    7.4550E+01    5.0844E+01    1.4867E+01    4.4275E+00    1.6441E+01    1.5292E+01    1.2715E+01   
 6.2398E+01    4.8179E+01    5.4626E+01    1.9867E+01    1.6665E+01    1.3285E+01    7.4568E+01    5.0773E+01    1.4795E+01    4.4479E+00    1.6441E+01    1.5462E+01    1.2687E+01   
 6.3480E+01    4.8204E+01    5.4645E+01    1.9994E+01    1.6738E+01    1.3107E+01    7.4587E+01    5.0635E+01    1.4701E+01    4.4479E+00    1.6441E+01    1.5523E+01    1.2687E+01   
 6.4565E+01    4.8197E+01    5.4667E+01    1.9879E+01    1.6709E+01    1.3028E+01    7.4568E+01    5.0500E+01    1.4653E+01    4.4275E+00    1.6420E+01    1.5292E+01    1.2658E+01   
# Time (s)      T1w (C)       T2w (C)       T1a (C)       T2a (C)       T1r (C)       T2r (C)       T3r (C)       T4r (C)       P1 (bar)      P2 (bar)      Pow (W/100)      Qc (l/min)    
 6.5653E+01    4.8185E+01    5.4640E+01    1.9837E+01    1.6620E+01    1.2908E+01    7.4548E+01    5.0338E+01    1.4568E+01    4.4479E+00    1.6543E+01    1.5755E+01    1.2687E+01   
 6.6743E+01    4.8171E+01    5.4648E+01    1.9804E+01    1.6536E+01    1.2764E+01    7.4552E+01    5.0265E+01    1.4481E+01    4.4071E+00    1.6482E+01    1.5328E+01    1.2658E+01   
 6.7839E+01    4.8166E+01    5.4640E+01    1.9814E+01    1.6602E+01    1.2702E+01    7.4581E+01    5.0088E+01    1.4407E+01    4.4275E+00    1.6420E+01    1.5499E+01    1.2715E+01   
 6.8927E+01    4.8159E+01    5.4663E+01    1.9763E+01    1.6475E+01    1.2567E+01    7.4597E+01    4.9900E+01    1.4316E+01    4.4071E+00    1.6482E+01    1.5401E+01    1.2658E+01   
 7.0014E+01    4.8151E+01    5.4644E+01    1.9769E+01    1.6471E+01    1.2428E+01    7.4639E+01    4.9738E+01    1.4229E+01    4.3868E+00    1.6563E+01    1.5267E+01    1.2744E+01   
 7.1096E+01    4.8160E+01    5.4659E+01    1.9774E+01    1.6399E+01    1.2335E+01    7.4704E+01    4.9651E+01    1.4128E+01    4.3868E+00    1.6686E+01    1.5255E+01    1.2744E+01   
 7.2183E+01    4.8143E+01    5.4668E+01    1.9750E+01    1.6362E+01    1.2286E+01    7.4770E+01    4.9451E+01    1.4026E+01    4.3664E+00    1.6482E+01    1.5377E+01    1.2687E+01   
 7.3303E+01    4.8143E+01    5.4651E+01    1.9771E+01    1.6239E+01    1.2221E+01    7.4870E+01    4.9282E+01    1.3986E+01    4.3664E+00    1.6584E+01    1.5255E+01    1.2744E+01   
 7.4399E+01    4.8141E+01    5.4653E+01    1.9787E+01    1.6274E+01    1.2207E+01    7.4908E+01    4.9120E+01    1.3898E+01    4.3257E+00    1.6543E+01    1.5365E+01    1.2687E+01   
 7.5503E+01    4.8135E+01    5.4663E+01    1.9870E+01    1.6172E+01    1.2257E+01    7.4976E+01    4.9033E+01    1.3798E+01    4.3257E+00    1.6543E+01    1.5730E+01    1.2744E+01   
 7.6586E+01    4.8155E+01    5.4644E+01    1.9851E+01    1.6150E+01    1.2301E+01    7.5023E+01    4.8887E+01    1.3750E+01    4.2645E+00    1.6543E+01    1.5316E+01    1.2687E+01   
 7.7666E+01    4.8143E+01    5.4642E+01    1.9896E+01    1.6092E+01    1.2417E+01    7.5059E+01    4.8777E+01    1.3688E+01    4.2645E+00    1.6604E+01    1.5194E+01    1.2687E+01   
 7.8745E+01    4.8168E+01    5.4638E+01    1.9829E+01    1.6108E+01    1.2562E+01    7.5073E+01    4.8723E+01    1.3607E+01    4.2442E+00    1.6502E+01    1.5572E+01    1.2687E+01   
 7.9825E+01    4.8179E+01    5.4633E+01    1.9816E+01    1.5978E+01    1.2650E+01    7.5129E+01    4.8627E+01    1.3519E+01    4.2442E+00    1.6461E+01    1.5426E+01    1.2715E+01   
 8.0908E+01    4.8182E+01    5.4612E+01    1.9892E+01    1.5913E+01    1.2830E+01    7.5118E+01    4.8618E+01    1.3479E+01    4.2238E+00    1.6400E+01    1.5474E+01    1.2744E+01   
 8.1981E+01    4.8185E+01    5.4557E+01    1.9862E+01    1.5877E+01    1.3011E+01    7.5126E+01    4.8608E+01    1.3412E+01    4.2034E+00    1.6318E+01    1.5353E+01    1.2772E+01   
 8.3056E+01    4.8172E+01    5.4521E+01    1.9890E+01    1.5768E+01    1.3206E+01    7.5111E+01    4.8605E+01    1.3366E+01    4.1831E+00    1.6298E+01    1.5072E+01    1.2772E+01   
 8.4160E+01    4.8160E+01    5.4465E+01    1.9816E+01    1.5919E+01    1.3297E+01    7.5056E+01    4.8587E+01    1.3353E+01    4.2034E+00    1.6298E+01    1.5292E+01    1.2715E+01   
 8.5257E+01    4.8160E+01    5.4426E+01    1.9782E+01    1.5872E+01    1.3507E+01    7.5041E+01    4.8610E+01    1.3353E+01    4.2238E+00    1.6278E+01    1.5535E+01    1.2744E+01   
 8.6339E+01    4.8171E+01    5.4370E+01    1.9735E+01    1.5861E+01    1.3709E+01    7.5027E+01    4.8644E+01    1.3351E+01    4.2034E+00    1.6216E+01    1.5511E+01    1.2744E+01   
 8.7424E+01    4.8178E+01    5.4375E+01    1.9745E+01    1.5914E+01    1.3875E+01    7.5001E+01    4.8659E+01    1.3318E+01    4.2034E+00    1.6318E+01    1.5024E+01    1.2744E+01   
 8.8521E+01    4.8183E+01    5.4345E+01    1.9824E+01    1.5874E+01    1.3987E+01    7.4992E+01    4.8755E+01    1.3345E+01    4.1831E+00    1.6216E+01    1.4999E+01    1.2800E+01   
 8.9611E+01    4.8170E+01    5.4318E+01    1.9872E+01    1.5911E+01    1.4191E+01    7.5003E+01    4.8872E+01    1.3381E+01    4.2034E+00    1.6176E+01    1.5304E+01    1.2744E+01   
 9.0692E+01    4.8171E+01    5.4318E+01    1.9781E+01    1.5934E+01    1.4377E+01    7.4990E+01    4.8956E+01    1.3414E+01    4.2238E+00    1.6278E+01    1.5304E+01    1.2744E+01   
 9.1771E+01    4.8185E+01    5.4314E+01    1.9792E+01    1.5934E+01    1.4474E+01    7.4971E+01    4.9069E+01    1.3429E+01    4.2238E+00    1.6216E+01    1.4999E+01    1.2772E+01   
 9.2851E+01    4.8204E+01    5.4295E+01    1.9795E+01    1.6088E+01    1.4635E+01    7.4954E+01    4.9217E+01    1.3442E+01    4.2034E+00    1.6257E+01    1.4963E+01    1.2715E+01   
 9.3932E+01    4.8200E+01    5.4304E+01    1.9870E+01    1.6062E+01    1.4780E+01    7.4941E+01    4.9347E+01    1.3516E+01    4.2238E+00    1.6339E+01    1.5267E+01    1.2744E+01   
 9.5012E+01    4.8208E+01    5.4283E+01    1.9998E+01    1.5987E+01    1.4927E+01    7.4949E+01    4.9410E+01    1.3509E+01    4.2238E+00    1.6114E+01    1.5353E+01    1.2687E+01   
 9.6091E+01    4.8232E+01    5.4283E+01    1.9991E+01    1.6044E+01    1.5011E+01    7.4938E+01    4.9532E+01    1.3557E+01    4.2238E+00    1.6176E+01    1.5011E+01    1.2687E+01   
 9.7172E+01    4.8218E+01    5.4315E+01    2.0026E+01    1.6032E+01    1.5154E+01    7.4922E+01    4.9668E+01    1.3581E+01    4.2645E+00    1.6135E+01    1.4938E+01    1.2715E+01   
# Time (s)      T1w (C)       T2w (C)       T1a (C)       T2a (C)       T1r (C)       T2r (C)       T3r (C)       T4r (C)       P1 (bar)      P2 (bar)      Pow (W/100)      Qc (l/min)    
 9.8253E+01    4.8218E+01    5.4299E+01    1.9935E+01    1.6117E+01    1.5295E+01    7.4945E+01    4.9823E+01    1.3607E+01    4.2238E+00    1.6257E+01    1.5426E+01    1.2744E+01   
 9.9341E+01    4.8235E+01    5.4300E+01    1.9880E+01    1.6156E+01    1.5447E+01    7.4969E+01    4.9876E+01    1.3635E+01    4.2645E+00    1.6216E+01    1.5243E+01    1.2744E+01   
 1.0042E+02    4.8219E+01    5.4272E+01    1.9898E+01    1.6159E+01    1.5482E+01    7.4953E+01    5.0025E+01    1.3664E+01    4.2645E+00    1.6155E+01    1.4999E+01    1.2829E+01   
 1.0150E+02    4.8222E+01    5.4263E+01    1.9953E+01    1.6235E+01    1.5590E+01    7.4949E+01    5.0121E+01    1.3735E+01    4.2645E+00    1.6257E+01    1.5426E+01    1.2772E+01   
 1.0259E+02    4.8212E+01    5.4277E+01    1.9990E+01    1.6314E+01    1.5711E+01    7.4920E+01    5.0178E+01    1.3753E+01    4.3053E+00    1.6135E+01    1.4975E+01    1.2687E+01   
 1.0368E+02    4.8193E+01    5.4254E+01    2.0026E+01    1.6183E+01    1.5752E+01    7.4921E+01    5.0284E+01    1.3788E+01    4.2645E+00    1.6298E+01    1.5535E+01    1.2715E+01   
 1.0476E+02    4.8201E+01    5.4258E+01    1.9966E+01    1.6213E+01    1.5856E+01    7.4923E+01    5.0406E+01    1.3813E+01    4.2849E+00    1.6094E+01    1.5036E+01    1.2715E+01   
 1.0586E+02    4.8199E+01    5.4253E+01    1.9904E+01    1.6281E+01    1.5964E+01    7.4919E+01    5.0496E+01    1.3816E+01    4.3053E+00    1.6318E+01    1.5011E+01    1.2744E+01   
 1.0697E+02    4.8204E+01    5.4257E+01    1.9858E+01    1.6291E+01    1.6050E+01    7.4929E+01    5.0582E+01    1.3863E+01    4.3257E+00    1.6196E+01    1.5048E+01    1.2715E+01   
 1.0832E+02    4.8208E+01    5.4281E+01    1.9821E+01    1.6355E+01    1.6147E+01    7.4958E+01    5.0675E+01    1.3922E+01    4.3053E+00    1.6196E+01    1.5072E+01    1.2687E+01   
 1.0941E+02    4.8204E+01    5.4284E+01    1.9801E+01    1.6386E+01    1.6240E+01    7.4940E+01    5.0724E+01    1.3965E+01    4.3257E+00    1.6257E+01    1.5121E+01    1.2772E+01   
 1.1049E+02    4.8204E+01    5.4294E+01    1.9910E+01    1.6413E+01    1.6285E+01    7.4926E+01    5.0779E+01    1.3987E+01    4.3460E+00    1.6257E+01    1.5487E+01    1.2772E+01   
 1.1157E+02    4.8217E+01    5.4308E+01    1.9857E+01    1.6318E+01    1.6382E+01    7.4930E+01    5.0808E+01    1.4068E+01    4.3460E+00    1.6400E+01    1.5596E+01    1.2744E+01   
 1.1265E+02    4.8210E+01    5.4314E+01    1.9849E+01    1.6335E+01    1.6453E+01    7.4932E+01    5.0836E+01    1.4131E+01    4.3868E+00    1.6359E+01    1.5292E+01    1.2800E+01   
 1.1373E+02    4.8201E+01    5.4289E+01    1.9787E+01    1.6461E+01    1.6483E+01    7.4924E+01    5.0868E+01    1.4172E+01    4.3664E+00    1.6135E+01    1.5072E+01    1.2744E+01   
 1.1481E+02    4.8192E+01    5.4312E+01    1.9804E+01    1.6463E+01    1.6537E+01    7.4878E+01    5.0901E+01    1.4186E+01    4.3664E+00    1.6216E+01    1.5292E+01    1.2715E+01   
 1.1589E+02    4.8210E+01    5.4339E+01    1.9786E+01    1.6493E+01    1.6605E+01    7.4859E+01    5.0941E+01    1.4225E+01    4.3664E+00    1.6216E+01    1.5487E+01    1.2744E+01   
 1.1697E+02    4.8206E+01    5.4340E+01    1.9785E+01    1.6488E+01    1.6648E+01    7.4821E+01    5.0933E+01    1.4241E+01    4.3868E+00    1.6318E+01    1.5560E+01    1.2715E+01   
 1.1805E+02    4.8214E+01    5.4354E+01    1.9819E+01    1.6520E+01    1.6685E+01    7.4787E+01    5.0952E+01    1.4255E+01    4.3868E+00    1.6318E+01    1.5121E+01    1.2744E+01   
 1.1913E+02    4.8201E+01    5.4348E+01    1.9800E+01    1.6455E+01    1.6727E+01    7.4794E+01    5.0952E+01    1.4260E+01    4.4275E+00    1.6339E+01    1.5085E+01    1.2800E+01   
 1.2021E+02    4.8183E+01    5.4340E+01    1.9785E+01    1.6495E+01    1.6784E+01    7.4846E+01    5.0955E+01    1.4280E+01    4.4071E+00    1.6298E+01    1.5133E+01    1.2687E+01   
 1.2129E+02    4.8181E+01    5.4340E+01    1.9790E+01    1.6417E+01    1.6814E+01    7.4902E+01    5.0978E+01    1.4306E+01    4.4275E+00    1.6278E+01    1.5511E+01    1.2687E+01   
 1.2237E+02    4.8178E+01    5.4360E+01    1.9796E+01    1.6538E+01    1.6870E+01    7.4932E+01    5.1011E+01    1.4339E+01    4.4275E+00    1.6257E+01    1.5462E+01    1.2744E+01   
 1.2345E+02    4.8186E+01    5.4354E+01    1.9776E+01    1.6522E+01    1.6919E+01    7.4941E+01    5.0997E+01    1.4364E+01    4.4275E+00    1.6257E+01    1.5182E+01    1.2687E+01   
 1.2453E+02    4.8192E+01    5.4358E+01    1.9811E+01    1.6481E+01    1.6978E+01    7.4917E+01    5.1010E+01    1.4418E+01    4.4479E+00    1.6237E+01    1.5645E+01    1.2715E+01   
 1.2561E+02    4.8178E+01    5.4371E+01    1.9779E+01    1.6573E+01    1.6989E+01    7.4863E+01    5.1030E+01    1.4437E+01    4.4479E+00    1.6359E+01    1.5145E+01    1.2772E+01   
 1.2671E+02    4.8184E+01    5.4397E+01    1.9803E+01    1.6638E+01    1.7040E+01    7.4836E+01    5.1019E+01    1.4458E+01    4.4275E+00    1.6237E+01    1.5219E+01    1.2687E+01   
 1.2781E+02    4.8187E+01    5.4400E+01    1.9844E+01    1.6683E+01    1.7086E+01    7.4808E+01    5.1031E+01    1.4502E+01    4.4683E+00    1.6339E+01    1.5572E+01    1.2658E+01   
 1.2889E+02    4.8170E+01    5.4387E+01    1.9896E+01    1.6621E+01    1.7102E+01    7.4762E+01    5.1030E+01    1.4548E+01    4.4683E+00    1.6339E+01    1.5401E+01    1.2744E+01   
 1.2997E+02    4.8159E+01    5.4381E+01    1.9930E+01    1.6613E+01    1.7121E+01    7.4704E+01    5.1027E+01    1.4580E+01    4.4886E+00    1.6196E+01    1.5158E+01    1.2744E+01   
# Time (s)      T1w (C)       T2w (C)       T1a (C)       T2a (C)       T1r (C)       T2r (C)       T3r (C)       T4r (C)       P1 (bar)      P2 (bar)      Pow (W/100)      Qc (l/min)    
 1.3105E+02    4.8152E+01    5.4384E+01    1.9902E+01    1.6704E+01    1.7180E+01    7.4703E+01    5.1079E+01    1.4622E+01    4.4683E+00    1.6298E+01    1.5255E+01    1.2715E+01   
 1.3213E+02    4.8152E+01    5.4372E+01    1.9802E+01    1.6700E+01    1.7218E+01    7.4669E+01    5.1094E+01    1.4655E+01    4.4886E+00    1.6257E+01    1.5608E+01    1.2715E+01   
 1.3321E+02    4.8144E+01    5.4372E+01    1.9783E+01    1.6713E+01    1.7234E+01    7.4689E+01    5.1110E+01    1.4685E+01    4.5090E+00    1.6278E+01    1.5657E+01    1.2772E+01   
 1.3429E+02    4.8147E+01    5.4385E+01    1.9798E+01    1.6692E+01    1.7273E+01    7.4754E+01    5.1120E+01    1.4741E+01    4.4886E+00    1.6380E+01    1.5316E+01    1.2772E+01   
 1.3537E+02    4.8136E+01    5.4390E+01    1.9891E+01    1.6702E+01    1.7304E+01    7.4785E+01    5.1162E+01    1.4765E+01    4.5090E+00    1.6359E+01    1.5462E+01    1.2687E+01   
 1.3646E+02    4.8129E+01    5.4391E+01    1.9841E+01    1.6715E+01    1.7340E+01    7.4869E+01    5.1175E+01    1.4814E+01    4.4886E+00    1.6257E+01    1.5499E+01    1.2715E+01   
 1.3755E+02    4.8120E+01    5.4380E+01    1.9917E+01    1.6696E+01    1.7358E+01    7.4930E+01    5.1195E+01    1.4865E+01    4.5090E+00    1.6359E+01    1.5255E+01    1.2658E+01   
 1.3865E+02    4.8111E+01    5.4375E+01    1.9989E+01    1.6655E+01    1.7366E+01    7.4945E+01    5.1226E+01    1.4922E+01    4.5090E+00    1.6298E+01    1.5718E+01    1.2715E+01   
 1.3974E+02    4.8130E+01    5.4395E+01    2.0126E+01    1.6701E+01    1.7356E+01    7.4945E+01    5.1227E+01    1.4960E+01    4.4886E+00    1.6359E+01    1.5243E+01    1.2800E+01   
 1.4083E+02    4.8129E+01    5.4402E+01    1.9977E+01    1.6783E+01    1.7354E+01    7.4921E+01    5.1236E+01    1.4979E+01    4.4886E+00    1.6298E+01    1.5584E+01    1.2744E+01   
 1.4192E+02    4.8129E+01    5.4416E+01    2.0163E+01    1.6846E+01    1.7329E+01    7.4886E+01    5.1255E+01    1.5013E+01    4.4886E+00    1.6318E+01    1.5182E+01    1.2687E+01   
 1.4302E+02    4.8145E+01    5.4426E+01    2.0104E+01    1.6797E+01    1.7258E+01    7.4896E+01    5.1292E+01    1.5051E+01    4.5090E+00    1.6318E+01    1.5682E+01    1.2744E+01   
 1.4411E+02    4.8152E+01    5.4440E+01    2.0051E+01    1.6857E+01    1.7161E+01    7.4852E+01    5.1310E+01    1.5077E+01    4.5090E+00    1.6257E+01    1.5328E+01    1.2687E+01   
 1.4526E+02    4.8140E+01    5.4430E+01    2.0047E+01    1.6891E+01    1.7099E+01    7.4863E+01    5.1335E+01    1.5125E+01    4.5498E+00    1.6339E+01    1.5182E+01    1.2715E+01   
 1.4635E+02    4.8137E+01    5.4426E+01    2.0019E+01    1.6930E+01    1.6900E+01    7.4864E+01    5.1342E+01    1.5172E+01    4.5294E+00    1.6339E+01    1.5389E+01    1.2772E+01   
 1.4746E+02    4.8130E+01    5.4425E+01    2.0005E+01    1.6929E+01    1.6642E+01    7.4854E+01    5.1317E+01    1.5177E+01    4.5498E+00    1.6318E+01    1.5706E+01    1.2687E+01   
 1.4854E+02    4.8156E+01    5.4447E+01    2.0015E+01    1.6969E+01    1.6275E+01    7.4844E+01    5.1311E+01    1.5242E+01    4.5294E+00    1.6318E+01    1.5682E+01    1.2715E+01   
 1.4962E+02    4.8173E+01    5.4451E+01    2.0023E+01    1.6973E+01    1.5925E+01    7.4808E+01    5.1298E+01    1.5244E+01    4.5498E+00    1.6420E+01    1.5414E+01    1.2744E+01   
 1.5071E+02    4.8150E+01    5.4455E+01    1.9936E+01    1.6897E+01    1.5361E+01    7.4756E+01    5.1302E+01    1.5263E+01    4.5294E+00    1.6359E+01    1.5694E+01    1.2715E+01   
 1.5180E+02    4.8142E+01    5.4457E+01    1.9941E+01    1.7002E+01    1.4985E+01    7.4731E+01    5.1301E+01    1.5274E+01    4.5498E+00    1.6298E+01    1.5755E+01    1.2715E+01   
 1.5288E+02    4.8135E+01    5.4450E+01    1.9917E+01    1.6910E+01    1.4647E+01    7.4705E+01    5.1282E+01    1.5281E+01    4.5294E+00    1.6380E+01    1.5621E+01    1.2629E+01   
 1.5396E+02    4.8109E+01    5.4455E+01    1.9827E+01    1.6950E+01    1.4496E+01    7.4643E+01    5.1241E+01    1.5226E+01    4.5294E+00    1.6420E+01    1.5292E+01    1.2658E+01   
 1.5504E+02    4.8107E+01    5.4488E+01    1.9824E+01    1.6944E+01    1.4219E+01    7.4586E+01    5.1150E+01    1.5206E+01    4.5090E+00    1.6420E+01    1.5279E+01    1.2744E+01   
 1.5612E+02    4.8121E+01    5.4517E+01    1.9845E+01    1.6833E+01    1.3964E+01    7.4548E+01    5.1024E+01    1.5118E+01    4.5090E+00    1.6543E+01    1.5279E+01    1.2687E+01   
 1.5720E+02    4.8129E+01    5.4539E+01    1.9898E+01    1.6997E+01    1.3842E+01    7.4510E+01    5.0961E+01    1.5030E+01    4.4886E+00    1.6461E+01    1.5462E+01    1.2772E+01   
 1.5828E+02    4.8142E+01    5.4583E+01    2.0006E+01    1.6913E+01    1.3656E+01    7.4542E+01    5.0817E+01    1.4993E+01    4.4886E+00    1.6502E+01    1.5779E+01    1.2744E+01   
 1.5936E+02    4.8144E+01    5.4599E+01    1.9973E+01    1.6877E+01    1.3481E+01    7.4579E+01    5.0679E+01    1.4899E+01    4.4479E+00    1.6400E+01    1.5462E+01    1.2658E+01   
 1.6044E+02    4.8135E+01    5.4605E+01    1.9981E+01    1.6889E+01    1.3329E+01    7.4612E+01    5.0609E+01    1.4822E+01    4.4479E+00    1.6441E+01    1.5316E+01    1.2715E+01   
 1.6152E+02    4.8129E+01    5.4615E+01    1.9916E+01    1.6804E+01    1.3235E+01    7.4588E+01    5.0469E+01    1.4733E+01    4.4479E+00    1.6441E+01    1.5231E+01    1.2744E+01   
 1.6260E+02    4.8122E+01    5.4585E+01    1.9877E+01    1.6753E+01    1.3079E+01    7.4593E+01    5.0325E+01    1.4688E+01    4.4479E+00    1.6482E+01    1.5474E+01    1.2715E+01   
# Time (s)      T1w (C)       T2w (C)       T1a (C)       T2a (C)       T1r (C)       T2r (C)       T3r (C)       T4r (C)       P1 (bar)      P2 (bar)      Pow (W/100)      Qc (l/min)    
 1.6368E+02    4.8124E+01    5.4610E+01    1.9838E+01    1.6669E+01    1.2932E+01    7.4576E+01    5.0158E+01    1.4598E+01    4.4275E+00    1.6604E+01    1.5730E+01    1.2715E+01   
 1.6476E+02    4.8095E+01    5.4599E+01    1.9832E+01    1.6608E+01    1.2852E+01    7.4604E+01    5.0069E+01    1.4496E+01    4.4275E+00    1.6502E+01    1.5462E+01    1.2687E+01   
 1.6585E+02    4.8085E+01    5.4566E+01    1.9820E+01    1.6558E+01    1.2735E+01    7.4612E+01    4.9898E+01    1.4414E+01    4.4071E+00    1.6502E+01    1.5292E+01    1.2800E+01   
 1.6693E+02    4.8076E+01    5.4569E+01    1.9881E+01    1.6553E+01    1.2604E+01    7.4632E+01    4.9712E+01    1.4358E+01    4.4275E+00    1.6624E+01    1.5255E+01    1.2800E+01   
 1.6801E+02    4.8089E+01    5.4571E+01    1.9827E+01    1.6450E+01    1.2518E+01    7.4650E+01    4.9610E+01    1.4202E+01    4.4071E+00    1.6543E+01    1.5511E+01    1.2715E+01   
 1.6909E+02    4.8073E+01    5.4581E+01    1.9843E+01    1.6488E+01    1.2480E+01    7.4700E+01    4.9427E+01    1.4125E+01    4.3664E+00    1.6645E+01    1.5572E+01    1.2687E+01   
 1.7017E+02    4.8081E+01    5.4569E+01    1.9848E+01    1.6288E+01    1.2419E+01    7.4732E+01    4.9275E+01    1.4078E+01    4.3664E+00    1.6441E+01    1.5718E+01    1.2800E+01   
 1.7125E+02    4.8072E+01    5.4590E+01    1.9820E+01    1.6257E+01    1.2368E+01    7.4740E+01    4.9112E+01    1.3964E+01    4.3460E+00    1.6461E+01    1.5596E+01    1.2744E+01   
 1.7233E+02    4.8060E+01    5.4583E+01    1.9792E+01    1.6216E+01    1.2390E+01    7.4790E+01    4.9038E+01    1.3818E+01    4.3257E+00    1.6502E+01    1.5523E+01    1.2715E+01   
 1.7342E+02    4.8080E+01    5.4575E+01    1.9767E+01    1.6154E+01    1.2398E+01    7.4844E+01    4.8854E+01    1.3713E+01    4.3053E+00    1.6543E+01    1.5194E+01    1.2744E+01   
 1.7451E+02    4.8067E+01    5.4566E+01    1.9764E+01    1.5959E+01    1.2483E+01    7.4881E+01    4.8720E+01    1.3712E+01    4.2849E+00    1.6461E+01    1.5694E+01    1.2715E+01   
 1.7561E+02    4.8074E+01    5.4536E+01    1.9805E+01    1.5947E+01    1.2621E+01    7.4945E+01    4.8609E+01    1.3627E+01    4.3053E+00    1.6420E+01    1.5243E+01    1.2715E+01   
 1.7670E+02    4.8083E+01    5.4528E+01    1.9939E+01    1.6017E+01    1.2683E+01    7.5005E+01    4.8560E+01    1.3563E+01    4.2442E+00    1.6461E+01    1.5267E+01    1.2800E+01   
 1.7780E+02    4.8076E+01    5.4496E+01    2.0082E+01    1.5957E+01    1.2840E+01    7.5092E+01    4.8547E+01    1.3491E+01    4.2442E+00    1.6502E+01    1.5133E+01    1.2744E+01   
 1.7892E+02    4.8068E+01    5.4469E+01    1.9970E+01    1.5855E+01    1.3014E+01    7.5123E+01    4.8512E+01    1.3478E+01    4.2238E+00    1.6420E+01    1.5206E+01    1.2829E+01   
 1.8001E+02    4.8072E+01    5.4434E+01    1.9875E+01    1.5832E+01    1.3202E+01    7.5136E+01    4.8504E+01    1.3438E+01    4.2034E+00    1.6400E+01    1.5511E+01    1.2744E+01   
 1.8113E+02    4.8075E+01    5.4413E+01    1.9822E+01    1.5842E+01    1.3264E+01    7.5114E+01    4.8488E+01    1.3386E+01    4.2034E+00    1.6339E+01    1.5060E+01    1.2715E+01   
 1.8222E+02    4.8080E+01    5.4357E+01    1.9821E+01    1.5807E+01    1.3448E+01    7.5105E+01    4.8506E+01    1.3355E+01    4.2034E+00    1.6400E+01    1.5511E+01    1.2772E+01   
 1.8331E+02    4.8084E+01    5.4337E+01    1.9771E+01    1.5992E+01    1.3641E+01    7.5096E+01    4.8520E+01    1.3368E+01    4.2238E+00    1.6196E+01    1.5377E+01    1.2715E+01   
 1.8440E+02    4.8093E+01    5.4301E+01    1.9768E+01    1.5853E+01    1.3838E+01    7.5109E+01    4.8588E+01    1.3365E+01    4.1831E+00    1.6359E+01    1.5255E+01    1.2744E+01   
 1.8549E+02    4.8092E+01    5.4288E+01    1.9809E+01    1.6048E+01    1.3918E+01    7.5096E+01    4.8648E+01    1.3366E+01    4.2034E+00    1.6257E+01    1.4999E+01    1.2800E+01   
 1.8657E+02    4.8101E+01    5.4272E+01    1.9839E+01    1.5872E+01    1.4076E+01    7.5062E+01    4.8752E+01    1.3387E+01    4.2442E+00    1.6380E+01    1.5426E+01    1.2687E+01   
 1.8766E+02    4.8103E+01    5.4261E+01    1.9850E+01    1.5839E+01    1.4255E+01    7.5058E+01    4.8861E+01    1.3386E+01    4.2238E+00    1.6298E+01    1.5511E+01    1.2744E+01   
 1.8874E+02    4.8110E+01    5.4239E+01    1.9817E+01    1.5897E+01    1.4406E+01    7.5019E+01    4.8920E+01    1.3404E+01    4.2034E+00    1.6196E+01    1.5292E+01    1.2687E+01   
 1.8982E+02    4.8107E+01    5.4217E+01    1.9826E+01    1.5917E+01    1.4481E+01    7.5008E+01    4.9040E+01    1.3402E+01    4.2238E+00    1.6114E+01    1.4975E+01    1.2715E+01   
 1.9090E+02    4.8105E+01    5.4222E+01    1.9832E+01    1.5894E+01    1.4658E+01    7.4997E+01    4.9186E+01    1.3413E+01    4.2238E+00    1.6196E+01    1.5048E+01    1.2687E+01   
 1.9198E+02    4.8125E+01    5.4205E+01    1.9833E+01    1.5899E+01    1.4783E+01    7.4984E+01    4.9316E+01    1.3438E+01    4.2238E+00    1.6155E+01    1.5231E+01    1.2687E+01   
 1.9306E+02    4.8099E+01    5.4216E+01    1.9893E+01    1.5951E+01    1.4871E+01    7.4963E+01    4.9387E+01    1.3465E+01    4.2442E+00    1.6237E+01    1.5024E+01    1.2744E+01   
 1.9415E+02    4.8102E+01    5.4205E+01    1.9910E+01    1.5973E+01    1.5029E+01    7.4951E+01    4.9551E+01    1.3517E+01    4.2442E+00    1.6298E+01    1.5072E+01    1.2715E+01   
 1.9523E+02    4.8102E+01    5.4209E+01    1.9955E+01    1.6034E+01    1.5174E+01    7.4937E+01    4.9679E+01    1.3537E+01    4.2645E+00    1.6257E+01    1.5389E+01    1.2715E+01   
# Time (s)      T1w (C)       T2w (C)       T1a (C)       T2a (C)       T1r (C)       T2r (C)       T3r (C)       T4r (C)       P1 (bar)      P2 (bar)      Pow (W/100)      Qc (l/min)    
 1.9631E+02    4.8113E+01    5.4200E+01    1.9832E+01    1.6127E+01    1.5319E+01    7.4953E+01    4.9767E+01    1.3579E+01    4.2849E+00    1.6155E+01    1.5474E+01    1.2715E+01   
 1.9739E+02    4.8113E+01    5.4191E+01    1.9853E+01    1.6126E+01    1.5401E+01    7.4980E+01    4.9910E+01    1.3626E+01    4.2849E+00    1.6053E+01    1.5328E+01    1.2744E+01   
 1.9847E+02    4.8107E+01    5.4172E+01    1.9812E+01    1.6119E+01    1.5512E+01    7.5046E+01    5.0055E+01    1.3666E+01    4.2849E+00    1.6135E+01    1.4999E+01    1.2744E+01   
 1.9955E+02    4.8116E+01    5.4173E+01    1.9870E+01    1.6272E+01    1.5646E+01    7.5053E+01    5.0184E+01    1.3705E+01    4.2645E+00    1.6114E+01    1.5036E+01    1.2744E+01   
 2.0063E+02    4.8109E+01    5.4174E+01    1.9772E+01    1.6264E+01    1.5706E+01    7.5037E+01    5.0243E+01    1.3731E+01    4.2849E+00    1.6155E+01    1.5085E+01    1.2687E+01   
 2.0171E+02    4.8119E+01    5.4196E+01    1.9743E+01    1.6238E+01    1.5814E+01    7.5082E+01    5.0371E+01    1.3791E+01    4.3257E+00    1.6216E+01    1.5462E+01    1.2744E+01   
 2.0280E+02    4.8119E+01    5.4179E+01    1.9735E+01    1.6181E+01    1.5916E+01    7.5121E+01    5.0456E+01    1.3805E+01    4.2849E+00    1.6339E+01    1.5328E+01    1.2744E+01   
 2.0387E+02    4.8122E+01    5.4170E+01    1.9738E+01    1.6204E+01    1.6020E+01    7.5130E+01    5.0512E+01    1.3840E+01    4.3257E+00    1.6298E+01    1.5048E+01    1.2800E+01   
 2.0495E+02    4.8112E+01    5.4182E+01    1.9782E+01    1.6288E+01    1.6084E+01    7.5139E+01    5.0569E+01    1.3903E+01    4.3460E+00    1.6278E+01    1.5535E+01    1.2715E+01   
 2.0604E+02    4.8123E+01    5.4182E+01    1.9769E+01    1.6282E+01    1.6199E+01    7.5139E+01    5.0691E+01    1.3956E+01    4.3053E+00    1.6257E+01    1.5414E+01    1.2772E+01   
 2.0712E+02    4.8105E+01    5.4191E+01    1.9761E+01    1.6358E+01    1.6292E+01    7.5135E+01    5.0753E+01    1.4015E+01    4.3257E+00    1.6359E+01    1.5170E+01    1.2687E+01   
 2.0821E+02    4.8120E+01    5.4192E+01    1.9767E+01    1.6329E+01    1.6383E+01    7.5095E+01    5.0781E+01    1.4072E+01    4.3460E+00    1.6359E+01    1.5060E+01    1.2715E+01   
 2.0931E+02    4.8134E+01    5.4203E+01    1.9787E+01    1.6323E+01    1.6405E+01    7.5036E+01    5.0833E+01    1.4103E+01    4.3664E+00    1.6176E+01    1.5572E+01    1.2744E+01   
 2.1041E+02    4.8103E+01    5.4200E+01    1.9795E+01    1.6398E+01    1.6457E+01    7.4989E+01    5.0888E+01    1.4110E+01    4.3868E+00    1.6237E+01    1.5036E+01    1.2744E+01   
 2.1151E+02    4.8079E+01    5.4218E+01    1.9764E+01    1.6388E+01    1.6546E+01    7.4964E+01    5.0912E+01    1.4181E+01    4.3460E+00    1.6176E+01    1.5548E+01    1.2715E+01   
 2.1263E+02    4.8096E+01    5.4227E+01    1.9716E+01    1.6409E+01    1.6602E+01    7.4949E+01    5.0906E+01    1.4256E+01    4.3868E+00    1.6339E+01    1.5097E+01    1.2772E+01   
 2.1372E+02    4.8102E+01    5.4244E+01    1.9758E+01    1.6504E+01    1.6620E+01    7.4934E+01    5.0927E+01    1.4302E+01    4.3868E+00    1.6176E+01    1.5097E+01    1.2715E+01   
 2.1484E+02    4.8095E+01    5.4235E+01    1.9778E+01    1.6497E+01    1.6671E+01    7.4962E+01    5.0917E+01    1.4288E+01    4.4071E+00    1.6339E+01    1.5401E+01    1.2744E+01   
 2.1593E+02    4.8095E+01    5.4257E+01    1.9755E+01    1.6454E+01    1.6736E+01    7.4945E+01    5.0934E+01    1.4302E+01    4.4071E+00    1.6400E+01    1.5621E+01    1.2715E+01   
 2.1701E+02    4.8095E+01    5.4257E+01    1.9782E+01    1.6480E+01    1.6794E+01    7.4973E+01    5.0976E+01    1.4332E+01    4.4071E+00    1.6318E+01    1.5450E+01    1.2857E+01   
 2.1809E+02    4.8102E+01    5.4261E+01    1.9789E+01    1.6510E+01    1.6816E+01    7.4950E+01    5.0996E+01    1.4350E+01    4.4479E+00    1.6441E+01    1.5097E+01    1.2687E+01   
 2.1918E+02    4.8105E+01    5.4279E+01    1.9855E+01    1.6434E+01    1.6865E+01    7.4969E+01    5.0988E+01    1.4362E+01    4.4479E+00    1.6257E+01    1.5511E+01    1.2687E+01   
 2.2025E+02    4.8104E+01    5.4295E+01    1.9952E+01    1.6479E+01    1.6891E+01    7.5000E+01    5.0964E+01    1.4397E+01    4.4275E+00    1.6216E+01    1.5608E+01    1.2715E+01   
 2.2133E+02    4.8115E+01    5.4294E+01    2.0084E+01    1.6496E+01    1.6898E+01    7.5053E+01    5.0924E+01    1.4412E+01    4.4275E+00    1.6278E+01    1.5194E+01    1.2744E+01   
 2.2240E+02    4.8124E+01    5.4337E+01    2.0061E+01    1.6612E+01    1.6947E+01    7.5078E+01    5.0949E+01    1.4410E+01    4.4275E+00    1.6420E+01    1.5121E+01    1.2687E+01   
 2.2348E+02    4.8136E+01    5.4330E+01    1.9949E+01    1.6620E+01    1.6973E+01    7.5065E+01    5.0929E+01    1.4433E+01    4.4479E+00    1.6339E+01    1.5145E+01    1.2772E+01   
 2.2457E+02    4.8142E+01    5.4335E+01    1.9927E+01    1.6566E+01    1.7027E+01    7.5048E+01    5.0939E+01    1.4502E+01    4.4479E+00    1.6257E+01    1.5401E+01    1.2715E+01   
 2.2565E+02    4.8135E+01    5.4338E+01    1.9896E+01    1.6595E+01    1.7056E+01    7.5015E+01    5.0965E+01    1.4538E+01    4.4275E+00    1.6176E+01    1.5596E+01    1.2772E+01   
 2.2673E+02    4.8095E+01    5.4320E+01    1.9825E+01    1.6532E+01    1.7091E+01    7.4988E+01    5.0959E+01    1.4547E+01    4.4683E+00    1.6318E+01    1.5292E+01    1.2687E+01   
 2.2781E+02    4.8081E+01    5.4304E+01    1.9799E+01    1.6569E+01    1.7109E+01    7.4935E+01    5.0968E+01    1.4556E+01    4.4479E+00    1.6298E+01    1.5182E+01    1.2715E+01   
# Time (s)      T1w (C)       T2w (C)       T1a (C)       T2a (C)       T1r (C)       T2r (C)       T3r (C)       T4r (C)       P1 (bar)      P2 (bar)      Pow (W/100)      Qc (l/min)    
 2.2889E+02    4.8061E+01    5.4314E+01    1.9788E+01    1.6538E+01    1.7138E+01    7.4887E+01    5.0940E+01    1.4607E+01    4.4479E+00    1.6339E+01    1.5170E+01    1.2744E+01   
 2.2997E+02    4.8080E+01    5.4324E+01    1.9820E+01    1.6656E+01    1.7172E+01    7.4860E+01    5.0984E+01    1.4644E+01    4.4683E+00    1.6359E+01    1.5560E+01    1.2800E+01   
 2.3105E+02    4.8068E+01    5.4320E+01    1.9818E+01    1.6670E+01    1.7205E+01    7.4847E+01    5.1020E+01    1.4660E+01    4.4886E+00    1.6461E+01    1.5669E+01    1.2744E+01   
 2.3213E+02    4.8068E+01    5.4340E+01    1.9787E+01    1.6697E+01    1.7244E+01    7.4822E+01    5.1043E+01    1.4699E+01    4.5090E+00    1.6278E+01    1.5548E+01    1.2800E+01   
 2.3321E+02    4.8069E+01    5.4341E+01    1.9784E+01    1.6633E+01    1.7262E+01    7.4828E+01    5.1065E+01    1.4739E+01    4.4683E+00    1.6257E+01    1.5231E+01    1.2658E+01   
 2.3429E+02    4.8064E+01    5.4353E+01    1.9790E+01    1.6627E+01    1.7268E+01    7.4852E+01    5.1067E+01    1.4771E+01    4.4683E+00    1.6237E+01    1.5158E+01    1.2715E+01   
 2.3537E+02    4.8081E+01    5.4351E+01    1.9793E+01    1.6706E+01    1.7250E+01    7.4825E+01    5.1081E+01    1.4790E+01    4.4886E+00    1.6298E+01    1.5414E+01    1.2687E+01   
 2.3645E+02    4.8091E+01    5.4361E+01    1.9793E+01    1.6666E+01    1.7255E+01    7.4797E+01    5.1094E+01    1.4821E+01    4.5090E+00    1.6298E+01    1.5560E+01    1.2800E+01   
 2.3753E+02    4.8091E+01    5.4364E+01    1.9844E+01    1.6690E+01    1.7229E+01    7.4786E+01    5.1082E+01    1.4846E+01    4.4886E+00    1.6339E+01    1.5694E+01    1.2829E+01   
 2.3861E+02    4.8081E+01    5.4363E+01    1.9832E+01    1.6733E+01    1.7170E+01    7.4754E+01    5.1120E+01    1.4868E+01    4.4886E+00    1.6441E+01    1.5243E+01    1.2744E+01   
 2.3969E+02    4.8060E+01    5.4347E+01    1.9950E+01    1.6761E+01    1.7102E+01    7.4768E+01    5.1138E+01    1.4942E+01    4.4683E+00    1.6298E+01    1.5158E+01    1.2715E+01   
 2.4077E+02    4.8073E+01    5.4344E+01    1.9807E+01    1.6816E+01    1.7047E+01    7.4801E+01    5.1146E+01    1.4962E+01    4.5294E+00    1.6216E+01    1.5182E+01    1.2687E+01   
 2.4185E+02    4.8067E+01    5.4356E+01    1.9769E+01    1.6873E+01    1.6880E+01    7.4846E+01    5.1158E+01    1.5004E+01    4.5498E+00    1.6278E+01    1.5499E+01    1.2715E+01   
 2.4293E+02    4.8055E+01    5.4345E+01    1.9722E+01    1.6818E+01    1.6661E+01    7.4874E+01    5.1149E+01    1.5019E+01    4.5090E+00    1.6298E+01    1.5328E+01    1.2715E+01   
 2.4401E+02    4.8041E+01    5.4332E+01    1.9700E+01    1.6789E+01    1.6536E+01    7.4891E+01    5.1175E+01    1.5051E+01    4.5294E+00    1.6339E+01    1.5255E+01    1.2715E+01   
 2.4511E+02    4.8062E+01    5.4357E+01    1.9740E+01    1.6810E+01    1.6218E+01    7.4882E+01    5.1190E+01    1.5100E+01    4.5498E+00    1.6318E+01    1.5608E+01    1.2715E+01   
 2.4621E+02    4.8043E+01    5.4344E+01    1.9749E+01    1.6877E+01    1.5864E+01    7.4888E+01    5.1216E+01    1.5118E+01    4.5294E+00    1.6318E+01    1.5194E+01    1.2687E+01   
 2.4730E+02    4.8044E+01    5.4354E+01    1.9812E+01    1.6927E+01    1.5330E+01    7.4922E+01    5.1205E+01    1.5151E+01    4.5498E+00    1.6400E+01    1.5572E+01    1.2715E+01   
 2.4840E+02    4.8046E+01    5.4361E+01    1.9837E+01    1.6867E+01    1.5108E+01    7.4882E+01    5.1177E+01    1.5133E+01    4.5294E+00    1.6420E+01    1.5279E+01    1.2687E+01   
 2.4949E+02    4.8057E+01    5.4376E+01    1.9808E+01    1.6909E+01    1.4721E+01    7.4833E+01    5.1183E+01    1.5120E+01    4.5701E+00    1.6298E+01    1.5243E+01    1.2715E+01   
 2.5064E+02    4.8041E+01    5.4385E+01    1.9759E+01    1.6886E+01    1.4422E+01    7.4777E+01    5.1122E+01    1.5090E+01    4.5090E+00    1.6359E+01    1.5438E+01    1.2715E+01   
 2.5174E+02    4.8048E+01    5.4420E+01    1.9727E+01    1.6918E+01    1.4162E+01    7.4758E+01    5.1109E+01    1.5040E+01    4.5294E+00    1.6420E+01    1.5706E+01    1.2715E+01   
 2.5284E+02    4.8022E+01    5.4420E+01    1.9693E+01    1.6829E+01    1.4086E+01    7.4711E+01    5.1102E+01    1.5040E+01    4.5090E+00    1.6339E+01    1.5462E+01    1.2629E+01   
 2.5393E+02    4.8024E+01    5.4426E+01    1.9784E+01    1.6735E+01    1.3893E+01    7.4730E+01    5.0990E+01    1.4973E+01    4.5090E+00    1.6502E+01    1.5255E+01    1.2800E+01   
 2.5502E+02    4.8001E+01    5.4430E+01    1.9706E+01    1.6693E+01    1.3716E+01    7.4748E+01    5.0906E+01    1.4971E+01    4.4886E+00    1.6441E+01    1.5231E+01    1.2687E+01   
 2.5611E+02    4.8023E+01    5.4475E+01    1.9730E+01    1.6697E+01    1.3542E+01    7.4779E+01    5.0840E+01    1.4910E+01    4.4683E+00    1.6380E+01    1.5255E+01    1.2715E+01   
 2.5719E+02    4.7999E+01    5.4462E+01    1.9732E+01    1.6657E+01    1.3486E+01    7.4789E+01    5.0814E+01    1.4859E+01    4.4683E+00    1.6420E+01    1.5328E+01    1.2744E+01   
 2.5827E+02    4.8008E+01    5.4461E+01    1.9691E+01    1.6646E+01    1.3355E+01    7.4773E+01    5.0647E+01    1.4775E+01    4.4479E+00    1.6482E+01    1.5718E+01    1.2715E+01   
 2.5935E+02    4.7999E+01    5.4471E+01    1.9668E+01    1.6619E+01    1.3210E+01    7.4753E+01    5.0545E+01    1.4736E+01    4.4683E+00    1.6380E+01    1.5243E+01    1.2772E+01   
 2.6045E+02    4.7999E+01    5.4495E+01    1.9693E+01    1.6594E+01    1.3065E+01    7.4706E+01    5.0448E+01    1.4625E+01    4.4275E+00    1.6420E+01    1.5316E+01    1.2744E+01   
# Time (s)      T1w (C)       T2w (C)       T1a (C)       T2a (C)       T1r (C)       T2r (C)       T3r (C)       T4r (C)       P1 (bar)      P2 (bar)      Pow (W/100)      Qc (l/min)    
 2.6153E+02    4.7990E+01    5.4496E+01    1.9850E+01    1.6496E+01    1.2982E+01    7.4676E+01    5.0269E+01    1.4556E+01    4.4071E+00    1.6441E+01    1.5743E+01    1.2744E+01   
 2.6261E+02    4.7975E+01    5.4489E+01    1.9863E+01    1.6508E+01    1.2846E+01    7.4677E+01    5.0089E+01    1.4486E+01    4.4071E+00    1.6502E+01    1.5438E+01    1.2658E+01   
 2.6369E+02    4.7984E+01    5.4477E+01    1.9877E+01    1.6471E+01    1.2748E+01    7.4719E+01    4.9899E+01    1.4393E+01    4.4275E+00    1.6563E+01    1.5279E+01    1.2744E+01   
 2.6477E+02    4.7997E+01    5.4490E+01    1.9924E+01    1.6430E+01    1.2693E+01    7.4832E+01    4.9834E+01    1.4342E+01    4.4071E+00    1.6543E+01    1.5206E+01    1.2715E+01   
 2.6585E+02    4.7980E+01    5.4504E+01    1.9951E+01    1.6370E+01    1.2616E+01    7.4930E+01    4.9693E+01    1.4229E+01    4.4071E+00    1.6359E+01    1.5608E+01    1.2744E+01   
 2.6693E+02    4.7992E+01    5.4509E+01    2.0061E+01    1.6324E+01    1.2526E+01    7.4993E+01    4.9528E+01    1.4230E+01    4.3664E+00    1.6420E+01    1.5694E+01    1.2744E+01   
 2.6801E+02    4.8000E+01    5.4525E+01    1.9948E+01    1.6357E+01    1.2461E+01    7.5060E+01    4.9321E+01    1.4129E+01    4.3664E+00    1.6461E+01    1.5511E+01    1.2658E+01   
 2.6909E+02    4.8015E+01    5.4519E+01    1.9932E+01    1.6214E+01    1.2408E+01    7.5076E+01    4.9218E+01    1.4002E+01    4.3460E+00    1.6461E+01    1.5231E+01    1.2744E+01   
 2.7017E+02    4.8008E+01    5.4508E+01    1.9876E+01    1.6242E+01    1.2385E+01    7.5110E+01    4.9066E+01    1.3931E+01    4.3257E+00    1.6502E+01    1.5304E+01    1.2772E+01   
 2.7125E+02    4.8015E+01    5.4516E+01    1.9840E+01    1.6224E+01    1.2455E+01    7.5120E+01    4.8920E+01    1.3867E+01    4.3257E+00    1.6604E+01    1.5657E+01    1.2744E+01   
 2.7233E+02    4.7993E+01    5.4500E+01    1.9789E+01    1.6187E+01    1.2480E+01    7.5179E+01    4.8824E+01    1.3745E+01    4.3257E+00    1.6584E+01    1.5669E+01    1.2772E+01   
 2.7341E+02    4.8011E+01    5.4494E+01    1.9735E+01    1.6098E+01    1.2615E+01    7.5257E+01    4.8702E+01    1.3690E+01    4.3053E+00    1.6339E+01    1.5328E+01    1.2744E+01   
 2.7449E+02    4.8022E+01    5.4493E+01    1.9748E+01    1.6075E+01    1.2785E+01    7.5287E+01    4.8618E+01    1.3651E+01    4.2645E+00    1.6482E+01    1.5633E+01    1.2744E+01   
 2.7559E+02    4.8038E+01    5.4466E+01    1.9781E+01    1.6010E+01    1.2945E+01    7.5331E+01    4.8529E+01    1.3581E+01    4.2645E+00    1.6359E+01    1.5097E+01    1.2715E+01   
 2.7668E+02    4.8032E+01    5.4456E+01    1.9782E+01    1.6031E+01    1.3032E+01    7.5359E+01    4.8533E+01    1.3488E+01    4.2442E+00    1.6318E+01    1.5474E+01    1.2687E+01   
 2.7776E+02    4.8011E+01    5.4399E+01    1.9712E+01    1.5974E+01    1.3192E+01    7.5391E+01    4.8474E+01    1.3387E+01    4.2645E+00    1.6400E+01    1.5219E+01    1.2715E+01   
 2.7886E+02    4.7997E+01    5.4333E+01    1.9754E+01    1.5987E+01    1.3390E+01    7.5421E+01    4.8460E+01    1.3356E+01    4.2238E+00    1.6257E+01    1.5036E+01    1.2744E+01   
 2.7995E+02    4.7996E+01    5.4304E+01    1.9779E+01    1.5909E+01    1.3560E+01    7.5445E+01    4.8471E+01    1.3330E+01    4.2034E+00    1.6216E+01    1.5499E+01    1.2715E+01   
 2.8105E+02    4.7986E+01    5.4280E+01    1.9971E+01    1.5979E+01    1.3658E+01    7.5466E+01    4.8500E+01    1.3304E+01    4.2238E+00    1.6257E+01    1.5219E+01    1.2800E+01   
 2.8221E+02    4.8023E+01    5.4240E+01    2.0053E+01    1.5968E+01    1.3833E+01    7.5479E+01    4.8521E+01    1.3304E+01    4.2034E+00    1.6196E+01    1.5024E+01    1.2715E+01   
 2.8330E+02    4.7994E+01    5.4222E+01    2.0072E+01    1.5920E+01    1.4031E+01    7.5492E+01    4.8577E+01    1.3338E+01    4.1831E+00    1.6196E+01    1.5255E+01    1.2715E+01   
 2.8440E+02    4.8012E+01    5.4210E+01    1.9897E+01    1.5946E+01    1.4176E+01    7.5437E+01    4.8648E+01    1.3357E+01    4.2238E+00    1.6155E+01    1.5072E+01    1.2772E+01   
 2.8549E+02    4.8006E+01    5.4199E+01    1.9992E+01    1.5946E+01    1.4267E+01    7.5379E+01    4.8695E+01    1.3347E+01    4.2034E+00    1.6257E+01    1.4987E+01    1.2687E+01   
 2.8658E+02    4.8013E+01    5.4144E+01    1.9893E+01    1.5966E+01    1.4423E+01    7.5317E+01    4.8824E+01    1.3350E+01    4.2238E+00    1.6318E+01    1.5328E+01    1.2687E+01   
 2.8765E+02    4.7996E+01    5.4148E+01    1.9934E+01    1.5820E+01    1.4579E+01    7.5280E+01    4.8983E+01    1.3367E+01    4.2238E+00    1.6257E+01    1.5145E+01    1.2715E+01   
 2.8874E+02    4.8016E+01    5.4137E+01    1.9996E+01    1.5881E+01    1.4737E+01    7.5255E+01    4.9072E+01    1.3427E+01    4.2442E+00    1.6257E+01    1.4987E+01    1.2744E+01   
 2.8982E+02    4.8007E+01    5.4124E+01    2.0132E+01    1.5971E+01    1.4823E+01    7.5209E+01    4.9196E+01    1.3459E+01    4.2238E+00    1.6257E+01    1.5499E+01    1.2687E+01   
 2.9091E+02    4.8000E+01    5.4117E+01    2.0160E+01    1.6080E+01    1.4970E+01    7.5202E+01    4.9369E+01    1.3506E+01    4.2238E+00    1.6114E+01    1.5097E+01    1.2715E+01   
 2.9200E+02    4.7998E+01    5.4107E+01    1.9983E+01    1.6140E+01    1.5114E+01    7.5168E+01    4.9476E+01    1.3522E+01    4.2645E+00    1.6155E+01    1.5085E+01    1.2715E+01   
 2.9309E+02    4.8027E+01    5.4120E+01    1.9835E+01    1.6062E+01    1.5184E+01    7.5137E+01    4.9594E+01    1.3573E+01    4.2645E+00    1.6257E+01    1.5219E+01    1.2744E+01   
# Time (s)      T1w (C)       T2w (C)       T1a (C)       T2a (C)       T1r (C)       T2r (C)       T3r (C)       T4r (C)       P1 (bar)      P2 (bar)      Pow (W/100)      Qc (l/min)    
 2.9417E+02    4.8030E+01    5.4128E+01    1.9846E+01    1.6059E+01    1.5337E+01    7.5120E+01    4.9732E+01    1.3619E+01    4.2442E+00    1.6196E+01    1.5024E+01    1.2744E+01   
 2.9526E+02    4.8037E+01    5.4128E+01    1.9863E+01    1.6185E+01    1.5459E+01    7.5097E+01    4.9876E+01    1.3639E+01    4.2645E+00    1.6176E+01    1.5121E+01    1.2715E+01   
 2.9634E+02    4.8020E+01    5.4126E+01    1.9987E+01    1.6176E+01    1.5581E+01    7.5083E+01    5.0007E+01    1.3656E+01    4.2849E+00    1.6094E+01    1.5389E+01    1.2687E+01   
 2.9743E+02    4.8033E+01    5.4125E+01    2.0018E+01    1.6244E+01    1.5631E+01    7.5048E+01    5.0068E+01    1.3707E+01    4.2849E+00    1.6196E+01    1.5024E+01    1.2744E+01   
 2.9851E+02    4.8027E+01    5.4128E+01    2.0038E+01    1.6208E+01    1.5753E+01    7.5029E+01    5.0164E+01    1.3726E+01    4.2849E+00    1.6278E+01    1.5036E+01    1.2715E+01   
 2.9959E+02    4.8025E+01    5.4130E+01    2.0056E+01    1.6230E+01    1.5868E+01    7.5013E+01    5.0276E+01    1.3760E+01    4.2849E+00    1.6135E+01    1.5426E+01    1.2800E+01   
 3.0068E+02    4.8023E+01    5.4119E+01    1.9946E+01    1.6216E+01    1.5965E+01    7.4996E+01    5.0351E+01    1.3820E+01    4.3257E+00    1.6114E+01    1.5133E+01    1.2687E+01   
 3.0177E+02    4.7993E+01    5.4104E+01    1.9883E+01    1.6255E+01    1.6010E+01    7.4991E+01    5.0465E+01    1.3861E+01    4.3257E+00    1.6278E+01    1.5206E+01    1.2715E+01   
 3.0286E+02    4.8003E+01    5.4113E+01    1.9857E+01    1.6344E+01    1.6104E+01    7.4980E+01    5.0545E+01    1.3902E+01    4.3053E+00    1.6298E+01    1.5011E+01    1.2687E+01   
 3.0396E+02    4.8007E+01    5.4110E+01    1.9841E+01    1.6345E+01    1.6191E+01    7.4980E+01    5.0618E+01    1.3950E+01    4.3257E+00    1.6318E+01    1.5255E+01    1.2800E+01   
 3.0505E+02    4.7998E+01    5.4125E+01    1.9884E+01    1.6384E+01    1.6261E+01    7.5013E+01    5.0681E+01    1.4027E+01    4.3460E+00    1.6155E+01    1.5304E+01    1.2715E+01   
 3.0614E+02    4.8019E+01    5.4135E+01    1.9857E+01    1.6331E+01    1.6350E+01    7.5000E+01    5.0719E+01    1.4058E+01    4.3257E+00    1.6318E+01    1.5170E+01    1.2744E+01   
 3.0723E+02    4.8039E+01    5.4168E+01    1.9845E+01    1.6466E+01    1.6442E+01    7.5005E+01    5.0786E+01    1.4092E+01    4.3664E+00    1.6196E+01    1.5438E+01    1.2744E+01   
 3.0833E+02    4.8043E+01    5.4172E+01    1.9858E+01    1.6471E+01    1.6534E+01    7.5014E+01    5.0837E+01    1.4146E+01    4.3460E+00    1.6257E+01    1.5353E+01    1.2715E+01   
 3.0944E+02    4.8032E+01    5.4162E+01    1.9844E+01    1.6478E+01    1.6548E+01    7.4965E+01    5.0858E+01    1.4200E+01    4.3664E+00    1.6155E+01    1.5438E+01    1.2800E+01   
 3.1053E+02    4.8008E+01    5.4159E+01    1.9943E+01    1.6469E+01    1.6631E+01    7.4931E+01    5.0875E+01    1.4237E+01    4.3868E+00    1.6318E+01    1.5060E+01    1.2772E+01   
 3.1164E+02    4.7998E+01    5.4170E+01    1.9876E+01    1.6590E+01    1.6669E+01    7.4907E+01    5.0898E+01    1.4242E+01    4.4071E+00    1.6074E+01    1.5072E+01    1.2744E+01   
 3.1272E+02    4.7999E+01    5.4185E+01    2.0008E+01    1.6469E+01    1.6751E+01    7.4917E+01    5.0943E+01    1.4285E+01    4.4071E+00    1.6196E+01    1.5243E+01    1.2687E+01   
 3.1381E+02    4.8013E+01    5.4182E+01    1.9893E+01    1.6534E+01    1.6784E+01    7.4950E+01    5.0955E+01    1.4348E+01    4.3868E+00    1.6216E+01    1.5596E+01    1.2658E+01   
 3.1488E+02    4.7994E+01    5.4202E+01    1.9922E+01    1.6499E+01    1.6839E+01    7.4969E+01    5.0976E+01    1.4398E+01    4.4275E+00    1.6257E+01    1.5389E+01    1.2715E+01   
 3.1595E+02    4.8006E+01    5.4195E+01    2.0014E+01    1.6469E+01    1.6908E+01    7.4987E+01    5.0976E+01    1.4415E+01    4.4071E+00    1.6176E+01    1.5121E+01    1.2744E+01   
 3.1704E+02    4.7997E+01    5.4202E+01    1.9891E+01    1.6525E+01    1.6942E+01    7.4956E+01    5.0975E+01    1.4444E+01    4.4275E+00    1.6216E+01    1.5401E+01    1.2715E+01   
 3.1812E+02    4.8008E+01    5.4187E+01    1.9807E+01    1.6544E+01    1.7005E+01    7.4964E+01    5.1007E+01    1.4503E+01    4.4275E+00    1.6380E+01    1.5243E+01    1.2772E+01   
 3.1922E+02    4.7997E+01    5.4207E+01    1.9800E+01    1.6594E+01    1.7043E+01    7.4941E+01    5.0998E+01    1.4506E+01    4.4479E+00    1.6318E+01    1.5121E+01    1.2687E+01   
 3.2031E+02    4.8004E+01    5.4211E+01    1.9797E+01    1.6600E+01    1.7069E+01    7.4915E+01    5.0984E+01    1.4512E+01    4.4479E+00    1.6216E+01    1.5560E+01    1.2744E+01   
 3.2139E+02    4.8016E+01    5.4232E+01    1.9817E+01    1.6617E+01    1.7078E+01    7.4969E+01    5.0965E+01    1.4545E+01    4.4479E+00    1.6216E+01    1.5109E+01    1.2629E+01   
 3.2248E+02    4.8009E+01    5.4228E+01    1.9773E+01    1.6575E+01    1.7104E+01    7.4963E+01    5.0973E+01    1.4579E+01    4.4683E+00    1.6278E+01    1.5219E+01    1.2744E+01   
 3.2357E+02    4.7984E+01    5.4220E+01    1.9765E+01    1.6640E+01    1.7140E+01    7.4985E+01    5.0992E+01    1.4590E+01    4.4683E+00    1.6257E+01    1.5548E+01    1.2744E+01   
 3.2465E+02    4.7983E+01    5.4227E+01    1.9750E+01    1.6578E+01    1.7164E+01    7.5016E+01    5.0983E+01    1.4607E+01    4.4683E+00    1.6257E+01    1.5487E+01    1.2744E+01   
 3.2573E+02    4.7959E+01    5.4218E+01    1.9730E+01    1.6568E+01    1.7166E+01    7.5074E+01    5.1008E+01    1.4664E+01    4.4683E+00    1.6196E+01    1.5243E+01    1.2772E+01   
# Time (s)      T1w (C)       T2w (C)       T1a (C)       T2a (C)       T1r (C)       T2r (C)       T3r (C)       T4r (C)       P1 (bar)      P2 (bar)      Pow (W/100)      Qc (l/min)    
 3.2681E+02    4.7970E+01    5.4216E+01    1.9750E+01    1.6620E+01    1.7195E+01    7.5108E+01    5.0990E+01    1.4694E+01    4.4683E+00    1.6400E+01    1.5145E+01    1.2744E+01   
 3.2790E+02    4.7977E+01    5.4234E+01    1.9796E+01    1.6626E+01    1.7230E+01    7.5127E+01    5.0995E+01    1.4717E+01    4.4683E+00    1.6339E+01    1.5572E+01    1.2772E+01   
 3.2899E+02    4.7976E+01    5.4262E+01    1.9834E+01    1.6627E+01    1.7269E+01    7.5106E+01    5.1058E+01    1.4768E+01    4.4683E+00    1.6237E+01    1.5182E+01    1.2772E+01   
 3.3008E+02    4.7999E+01    5.4265E+01    1.9841E+01    1.6623E+01    1.7280E+01    7.5077E+01    5.1071E+01    1.4770E+01    4.5090E+00    1.6298E+01    1.5243E+01    1.2658E+01   
 3.3117E+02    4.7997E+01    5.4290E+01    1.9834E+01    1.6627E+01    1.7293E+01    7.5057E+01    5.1090E+01    1.4805E+01    4.4886E+00    1.6257E+01    1.5389E+01    1.2715E+01   
 3.3227E+02    4.8020E+01    5.4294E+01    2.0022E+01    1.6724E+01    1.7301E+01    7.5033E+01    5.1097E+01    1.4812E+01    4.4886E+00    1.6318E+01    1.5231E+01    1.2744E+01   
 3.3336E+02    4.7986E+01    5.4295E+01    2.0042E+01    1.6735E+01    1.7273E+01    7.4994E+01    5.1077E+01    1.4841E+01    4.5090E+00    1.6420E+01    1.5694E+01    1.2687E+01   
 3.3446E+02    4.8006E+01    5.4322E+01    1.9891E+01    1.6757E+01    1.7236E+01    7.4949E+01    5.1074E+01    1.4838E+01    4.4886E+00    1.6237E+01    1.5170E+01    1.2744E+01   
 3.3555E+02    4.8010E+01    5.4326E+01    1.9897E+01    1.6703E+01    1.7237E+01    7.4921E+01    5.1093E+01    1.4871E+01    4.4886E+00    1.6298E+01    1.5657E+01    1.2687E+01   
 3.3665E+02    4.8004E+01    5.4313E+01    1.9793E+01    1.6752E+01    1.7168E+01    7.4862E+01    5.1131E+01    1.4897E+01    4.4886E+00    1.6380E+01    1.5121E+01    1.2715E+01   
 3.3775E+02    4.7980E+01    5.4301E+01    1.9952E+01    1.6670E+01    1.7134E+01    7.4867E+01    5.1159E+01    1.4938E+01    4.4886E+00    1.6298E+01    1.5133E+01    1.2744E+01   
 3.3889E+02    4.7979E+01    5.4289E+01    1.9912E+01    1.6729E+01    1.7039E+01    7.4926E+01    5.1135E+01    1.4941E+01    4.4886E+00    1.6380E+01    1.5548E+01    1.2687E+01   
 3.3998E+02    4.7977E+01    5.4285E+01    1.9908E+01    1.6707E+01    1.6909E+01    7.4921E+01    5.1130E+01    1.4971E+01    4.5090E+00    1.6400E+01    1.5657E+01    1.2715E+01   
 3.4110E+02    4.7984E+01    5.4283E+01    1.9958E+01    1.6759E+01    1.6713E+01    7.4973E+01    5.1148E+01    1.4979E+01    4.5294E+00    1.6237E+01    1.5621E+01    1.2744E+01   
 3.4218E+02    4.7995E+01    5.4307E+01    1.9881E+01    1.6815E+01    1.6601E+01    7.4996E+01    5.1148E+01    1.5035E+01    4.5090E+00    1.6359E+01    1.5560E+01    1.2687E+01   
 3.4326E+02    4.8005E+01    5.4331E+01    1.9881E+01    1.6799E+01    1.6307E+01    7.4969E+01    5.1168E+01    1.5045E+01    4.5294E+00    1.6298E+01    1.5633E+01    1.2744E+01   
 3.4434E+02    4.7997E+01    5.4328E+01    1.9832E+01    1.6905E+01    1.5950E+01    7.4956E+01    5.1142E+01    1.5058E+01    4.5498E+00    1.6216E+01    1.5353E+01    1.2744E+01   
 3.4542E+02    4.8023E+01    5.4337E+01    1.9800E+01    1.6855E+01    1.5348E+01    7.4927E+01    5.1154E+01    1.5080E+01    4.5498E+00    1.6400E+01    1.5231E+01    1.2772E+01   
 3.4651E+02    4.8012E+01    5.4326E+01    1.9809E+01    1.6919E+01    1.5106E+01    7.4954E+01    5.1138E+01    1.5089E+01    4.5498E+00    1.6359E+01    1.5194E+01    1.2715E+01   
 3.4761E+02    4.7999E+01    5.4342E+01    1.9854E+01    1.6873E+01    1.4720E+01    7.4945E+01    5.1107E+01    1.5103E+01    4.5090E+00    1.6298E+01    1.5231E+01    1.2772E+01   
 3.4870E+02    4.8011E+01    5.4351E+01    1.9848E+01    1.6900E+01    1.4389E+01    7.4938E+01    5.1104E+01    1.5084E+01    4.5294E+00    1.6257E+01    1.5718E+01    1.2715E+01   
 3.4979E+02    4.8000E+01    5.4382E+01    2.0015E+01    1.6919E+01    1.4124E+01    7.4900E+01    5.1032E+01    1.5061E+01    4.4886E+00    1.6339E+01    1.5243E+01    1.2744E+01   
 3.5088E+02    4.8000E+01    5.4390E+01    2.0433E+01    1.6924E+01    1.4007E+01    7.4923E+01    5.1038E+01    1.5021E+01    4.4886E+00    1.6461E+01    1.5304E+01    1.2744E+01   
 3.5197E+02    4.8000E+01    5.4409E+01    2.0302E+01    1.6774E+01    1.3803E+01    7.4945E+01    5.0922E+01    1.4958E+01    4.5090E+00    1.6359E+01    1.5706E+01    1.2744E+01   
 3.5305E+02    4.7994E+01    5.4430E+01    2.0332E+01    1.6788E+01    1.3629E+01    7.4970E+01    5.0822E+01    1.4932E+01    4.4886E+00    1.6298E+01    1.5426E+01    1.2687E+01   
