# Run number 13 on Tue May 21 10:34:32 2024
# Time (s)      T1w (C)       T2w (C)       T1a (C)       T2a (C)       T1r (C)       T2r (C)       T3r (C)       T4r (C)       P1 (bar)      P2 (bar)      Pow (W/100)      Qc (l/min)    
 3.1039E-01    4.5662E+01    5.2564E+01    2.0640E+01    1.5874E+01    1.4147E+01    7.0058E+01    4.7334E+01    1.3402E+01    4.2442E+00    1.5482E+01    1.5024E+01    9.7204E+00   
 1.4558E+00    4.5673E+01    5.2564E+01    2.0958E+01    1.5854E+01    1.4281E+01    7.0019E+01    4.7429E+01    1.3396E+01    4.2238E+00    1.5421E+01    1.4646E+01    9.6528E+00   
 2.5518E+00    4.5688E+01    5.2542E+01    2.0469E+01    1.5858E+01    1.4377E+01    7.0012E+01    4.7494E+01    1.3374E+01    4.2442E+00    1.5441E+01    1.4853E+01    9.6528E+00   
 3.6479E+00    4.5674E+01    5.2558E+01    2.0821E+01    1.5854E+01    1.4434E+01    7.0000E+01    4.7547E+01    1.3378E+01    4.2442E+00    1.5482E+01    1.4829E+01    9.6302E+00   
 4.7431E+00    4.5690E+01    5.2552E+01    2.0595E+01    1.5930E+01    1.4549E+01    7.0014E+01    4.7605E+01    1.3393E+01    4.2442E+00    1.5605E+01    1.4707E+01    9.6979E+00   
 5.8392E+00    4.5695E+01    5.2572E+01    2.0713E+01    1.5966E+01    1.4671E+01    6.9996E+01    4.7688E+01    1.3395E+01    4.2238E+00    1.5605E+01    1.4707E+01    9.6979E+00   
 6.9364E+00    4.5690E+01    5.2567E+01    2.0519E+01    1.5999E+01    1.4772E+01    7.0002E+01    4.7770E+01    1.3413E+01    4.2442E+00    1.5441E+01    1.4780E+01    9.6979E+00   
 8.0325E+00    4.5678E+01    5.2564E+01    2.0551E+01    1.5819E+01    1.4835E+01    7.0021E+01    4.7894E+01    1.3426E+01    4.2442E+00    1.5441E+01    1.4950E+01    9.6302E+00   
 9.1277E+00    4.5654E+01    5.2545E+01    2.0570E+01    1.5926E+01    1.4941E+01    7.0034E+01    4.7912E+01    1.3445E+01    4.2442E+00    1.5482E+01    1.4622E+01    9.6979E+00   
 1.0224E+01    4.5642E+01    5.2532E+01    2.0170E+01    1.5895E+01    1.5039E+01    7.0050E+01    4.8017E+01    1.3463E+01    4.2442E+00    1.5503E+01    1.4877E+01    9.6979E+00   
 1.1315E+01    4.5627E+01    5.2534E+01    1.9963E+01    1.5915E+01    1.5137E+01    7.0121E+01    4.8105E+01    1.3487E+01    4.2849E+00    1.5421E+01    1.5036E+01    9.6979E+00   
 1.2409E+01    4.5646E+01    5.2537E+01    1.9917E+01    1.5963E+01    1.5219E+01    7.0179E+01    4.8197E+01    1.3515E+01    4.2849E+00    1.5401E+01    1.4999E+01    9.6979E+00   
 1.3490E+01    4.5663E+01    5.2547E+01    1.9892E+01    1.5912E+01    1.5309E+01    7.0222E+01    4.8216E+01    1.3514E+01    4.2849E+00    1.5503E+01    1.4902E+01    9.6979E+00   
 1.4584E+01    4.5656E+01    5.2531E+01    1.9904E+01    1.5860E+01    1.5398E+01    7.0231E+01    4.8290E+01    1.3562E+01    4.2645E+00    1.5584E+01    1.4816E+01    9.6979E+00   
 1.5682E+01    4.5668E+01    5.2550E+01    2.0006E+01    1.5989E+01    1.5433E+01    7.0232E+01    4.8395E+01    1.3570E+01    4.2645E+00    1.5401E+01    1.4792E+01    9.6754E+00   
 1.6778E+01    4.5659E+01    5.2546E+01    1.9978E+01    1.6050E+01    1.5521E+01    7.0196E+01    4.8457E+01    1.3613E+01    4.2849E+00    1.5482E+01    1.4634E+01    9.6302E+00   
 1.7873E+01    4.5652E+01    5.2556E+01    2.0620E+01    1.6079E+01    1.5618E+01    7.0212E+01    4.8514E+01    1.3679E+01    4.3053E+00    1.5543E+01    1.5036E+01    9.6528E+00   
 1.8969E+01    4.5661E+01    5.2548E+01    2.1211E+01    1.6036E+01    1.5714E+01    7.0219E+01    4.8562E+01    1.3749E+01    4.3053E+00    1.5584E+01    1.4719E+01    9.6528E+00   
 2.0066E+01    4.5654E+01    5.2570E+01    2.1288E+01    1.6109E+01    1.5762E+01    7.0213E+01    4.8628E+01    1.3767E+01    4.3053E+00    1.5441E+01    1.4816E+01    9.6754E+00   
 2.1156E+01    4.5661E+01    5.2561E+01    2.1001E+01    1.6125E+01    1.5837E+01    7.0205E+01    4.8682E+01    1.3779E+01    4.3257E+00    1.5564E+01    1.4804E+01    9.6754E+00   
 2.2249E+01    4.5668E+01    5.2590E+01    2.0415E+01    1.6163E+01    1.5909E+01    7.0214E+01    4.8716E+01    1.3819E+01    4.3257E+00    1.5543E+01    1.4865E+01    9.7204E+00   
 2.3346E+01    4.5668E+01    5.2595E+01    2.0612E+01    1.6174E+01    1.5994E+01    7.0268E+01    4.8773E+01    1.3848E+01    4.3460E+00    1.5441E+01    1.4695E+01    9.6754E+00   
 2.4441E+01    4.5669E+01    5.2611E+01    2.0765E+01    1.6256E+01    1.6033E+01    7.0324E+01    4.8818E+01    1.3890E+01    4.3257E+00    1.5482E+01    1.4902E+01    9.6528E+00   
 2.5539E+01    4.5670E+01    5.2584E+01    2.0385E+01    1.6208E+01    1.6077E+01    7.0356E+01    4.8863E+01    1.3904E+01    4.3257E+00    1.5503E+01    1.5011E+01    9.6979E+00   
 2.6667E+01    4.5668E+01    5.2603E+01    2.0514E+01    1.6241E+01    1.6129E+01    7.0348E+01    4.8871E+01    1.3946E+01    4.3460E+00    1.5625E+01    1.4682E+01    9.6979E+00   
 2.7754E+01    4.5668E+01    5.2624E+01    2.0501E+01    1.6162E+01    1.6173E+01    7.0335E+01    4.8868E+01    1.3968E+01    4.3664E+00    1.5503E+01    1.4950E+01    9.6754E+00   
 2.8850E+01    4.5652E+01    5.2611E+01    2.0307E+01    1.6268E+01    1.6189E+01    7.0382E+01    4.8875E+01    1.3961E+01    4.3664E+00    1.5503E+01    1.5133E+01    9.6979E+00   
 2.9941E+01    4.5668E+01    5.2625E+01    2.0354E+01    1.6267E+01    1.6233E+01    7.0434E+01    4.8920E+01    1.3968E+01    4.3664E+00    1.5625E+01    1.4682E+01    9.6979E+00   
 3.1029E+01    4.5675E+01    5.2625E+01    2.0768E+01    1.6313E+01    1.6281E+01    7.0461E+01    4.8926E+01    1.4018E+01    4.3460E+00    1.5543E+01    1.4670E+01    9.6979E+00   
 3.2123E+01    4.5676E+01    5.2643E+01    2.0954E+01    1.6278E+01    1.6326E+01    7.0491E+01    4.8950E+01    1.4029E+01    4.3664E+00    1.5482E+01    1.4695E+01    9.6979E+00   
# Time (s)      T1w (C)       T2w (C)       T1a (C)       T2a (C)       T1r (C)       T2r (C)       T3r (C)       T4r (C)       P1 (bar)      P2 (bar)      Pow (W/100)      Qc (l/min)    
 3.3235E+01    4.5662E+01    5.2654E+01    2.1247E+01    1.6325E+01    1.6346E+01    7.0475E+01    4.8964E+01    1.4060E+01    4.3460E+00    1.5666E+01    1.4999E+01    9.6754E+00   
 3.4340E+01    4.5669E+01    5.2658E+01    2.1088E+01    1.6348E+01    1.6385E+01    7.0465E+01    4.8987E+01    1.4089E+01    4.3868E+00    1.5462E+01    1.4877E+01    9.6528E+00   
 3.5436E+01    4.5663E+01    5.2667E+01    2.0518E+01    1.6354E+01    1.6388E+01    7.0446E+01    4.8998E+01    1.4113E+01    4.3664E+00    1.5564E+01    1.5011E+01    9.6528E+00   
 3.6525E+01    4.5654E+01    5.2662E+01    1.9954E+01    1.6363E+01    1.6408E+01    7.0429E+01    4.9046E+01    1.4149E+01    4.3664E+00    1.5482E+01    1.4999E+01    9.6754E+00   
 3.7619E+01    4.5666E+01    5.2672E+01    1.9851E+01    1.6361E+01    1.6369E+01    7.0444E+01    4.9021E+01    1.4141E+01    4.3868E+00    1.5503E+01    1.4743E+01    9.6754E+00   
 3.8716E+01    4.5682E+01    5.2688E+01    1.9805E+01    1.6374E+01    1.6345E+01    7.0479E+01    4.9007E+01    1.4145E+01    4.3664E+00    1.5625E+01    1.4792E+01    9.6979E+00   
 3.9806E+01    4.5691E+01    5.2696E+01    2.0072E+01    1.6436E+01    1.6332E+01    7.0500E+01    4.9025E+01    1.4182E+01    4.3868E+00    1.5584E+01    1.5182E+01    9.6979E+00   
 4.0894E+01    4.5685E+01    5.2695E+01    2.0096E+01    1.6422E+01    1.6321E+01    7.0551E+01    4.9074E+01    1.4192E+01    4.3664E+00    1.5523E+01    1.5011E+01    9.6979E+00   
 4.1982E+01    4.5682E+01    5.2725E+01    2.0085E+01    1.6381E+01    1.6312E+01    7.0563E+01    4.9088E+01    1.4237E+01    4.3664E+00    1.5564E+01    1.4719E+01    9.6754E+00   
 4.3071E+01    4.5679E+01    5.2707E+01    2.0134E+01    1.6383E+01    1.6269E+01    7.0579E+01    4.9103E+01    1.4277E+01    4.3664E+00    1.5503E+01    1.5011E+01    9.6528E+00   
 4.4159E+01    4.5684E+01    5.2730E+01    2.0166E+01    1.6422E+01    1.6212E+01    7.0550E+01    4.9095E+01    1.4286E+01    4.3868E+00    1.5605E+01    1.5145E+01    9.6979E+00   
 4.5252E+01    4.5684E+01    5.2724E+01    2.0397E+01    1.6507E+01    1.6115E+01    7.0506E+01    4.9063E+01    1.4277E+01    4.3868E+00    1.5482E+01    1.4695E+01    9.6979E+00   
 4.6349E+01    4.5682E+01    5.2729E+01    2.0213E+01    1.6537E+01    1.6049E+01    7.0493E+01    4.9122E+01    1.4321E+01    4.3868E+00    1.5543E+01    1.5182E+01    9.6979E+00   
 4.7446E+01    4.5668E+01    5.2730E+01    2.0441E+01    1.6446E+01    1.5882E+01    7.0453E+01    4.9129E+01    1.4332E+01    4.4071E+00    1.5645E+01    1.4731E+01    9.6754E+00   
 4.8542E+01    4.5684E+01    5.2723E+01    2.1116E+01    1.6439E+01    1.5647E+01    7.0420E+01    4.9113E+01    1.4353E+01    4.4071E+00    1.5686E+01    1.5121E+01    9.6754E+00   
 4.9660E+01    4.5697E+01    5.2739E+01    2.1144E+01    1.6523E+01    1.5513E+01    7.0392E+01    4.9105E+01    1.4342E+01    4.4275E+00    1.5564E+01    1.4999E+01    9.7204E+00   
 5.0749E+01    4.5691E+01    5.2745E+01    2.1398E+01    1.6546E+01    1.5245E+01    7.0348E+01    4.9076E+01    1.4381E+01    4.4275E+00    1.5686E+01    1.4938E+01    9.6754E+00   
 5.1885E+01    4.5687E+01    5.2750E+01    2.0994E+01    1.6547E+01    1.4843E+01    7.0331E+01    4.9097E+01    1.4406E+01    4.4071E+00    1.5523E+01    1.5219E+01    9.6979E+00   
 5.2974E+01    4.5683E+01    5.2768E+01    2.0575E+01    1.6453E+01    1.4302E+01    7.0320E+01    4.9107E+01    1.4409E+01    4.3868E+00    1.5584E+01    1.4780E+01    9.6979E+00   
 5.4052E+01    4.5677E+01    5.2776E+01    2.0657E+01    1.6529E+01    1.4076E+01    7.0276E+01    4.9093E+01    1.4425E+01    4.4071E+00    1.5666E+01    1.5085E+01    9.6979E+00   
 5.5127E+01    4.5690E+01    5.2784E+01    2.0741E+01    1.6516E+01    1.3699E+01    7.0249E+01    4.9065E+01    1.4421E+01    4.4071E+00    1.5686E+01    1.4780E+01    9.6979E+00   
 5.6224E+01    4.5676E+01    5.2781E+01    2.0145E+01    1.6593E+01    1.3420E+01    7.0229E+01    4.9048E+01    1.4406E+01    4.4479E+00    1.5707E+01    1.4768E+01    9.6754E+00   
 5.7305E+01    4.5673E+01    5.2783E+01    2.0346E+01    1.6473E+01    1.3186E+01    7.0183E+01    4.8997E+01    1.4401E+01    4.3868E+00    1.5645E+01    1.5060E+01    9.6754E+00   
 5.8393E+01    4.5662E+01    5.2805E+01    2.0883E+01    1.6512E+01    1.3076E+01    7.0182E+01    4.8950E+01    1.4380E+01    4.4071E+00    1.5605E+01    1.5170E+01    9.7204E+00   
 5.9486E+01    4.5662E+01    5.2816E+01    2.0553E+01    1.6473E+01    1.2871E+01    7.0185E+01    4.8889E+01    1.4340E+01    4.3868E+00    1.5645E+01    1.4743E+01    9.7204E+00   
 6.0582E+01    4.5654E+01    5.2824E+01    2.0276E+01    1.6427E+01    1.2725E+01    7.0185E+01    4.8838E+01    1.4299E+01    4.3868E+00    1.5727E+01    1.4829E+01    9.7204E+00   
 6.1673E+01    4.5659E+01    5.2830E+01    2.0340E+01    1.6389E+01    1.2595E+01    7.0223E+01    4.8758E+01    1.4256E+01    4.3664E+00    1.5645E+01    1.4829E+01    9.6754E+00   
 6.2768E+01    4.5678E+01    5.2853E+01    2.0657E+01    1.6400E+01    1.2535E+01    7.0228E+01    4.8665E+01    1.4240E+01    4.3664E+00    1.5645E+01    1.5255E+01    9.6754E+00   
 6.3863E+01    4.5665E+01    5.2857E+01    2.1002E+01    1.6399E+01    1.2432E+01    7.0226E+01    4.8580E+01    1.4203E+01    4.3664E+00    1.5727E+01    1.4780E+01    9.6754E+00   
 6.4959E+01    4.5662E+01    5.2860E+01    2.1344E+01    1.6403E+01    1.2302E+01    7.0233E+01    4.8521E+01    1.4127E+01    4.3460E+00    1.5686E+01    1.4816E+01    9.6528E+00   
# Time (s)      T1w (C)       T2w (C)       T1a (C)       T2a (C)       T1r (C)       T2r (C)       T3r (C)       T4r (C)       P1 (bar)      P2 (bar)      Pow (W/100)      Qc (l/min)    
 6.6042E+01    4.5673E+01    5.2877E+01    2.1659E+01    1.6403E+01    1.2235E+01    7.0293E+01    4.8426E+01    1.4108E+01    4.3460E+00    1.5645E+01    1.4841E+01    9.6302E+00   
 6.7136E+01    4.5655E+01    5.2877E+01    2.1659E+01    1.6371E+01    1.2202E+01    7.0294E+01    4.8356E+01    1.4059E+01    4.3460E+00    1.5707E+01    1.4768E+01    9.6754E+00   
 6.8225E+01    4.5648E+01    5.2877E+01    2.1536E+01    1.6306E+01    1.2105E+01    7.0328E+01    4.8289E+01    1.3976E+01    4.3460E+00    1.5768E+01    1.4756E+01    9.6979E+00   
 6.9305E+01    4.5660E+01    5.2895E+01    2.1516E+01    1.6335E+01    1.2057E+01    7.0329E+01    4.8177E+01    1.3938E+01    4.3257E+00    1.5768E+01    1.4829E+01    9.6754E+00   
 7.0386E+01    4.5678E+01    5.2888E+01    2.1579E+01    1.6293E+01    1.2039E+01    7.0405E+01    4.8067E+01    1.3907E+01    4.3053E+00    1.5666E+01    1.5170E+01    9.6754E+00   
 7.1474E+01    4.5677E+01    5.2911E+01    2.1332E+01    1.6283E+01    1.2033E+01    7.0457E+01    4.7966E+01    1.3869E+01    4.3053E+00    1.5666E+01    1.5011E+01    9.7204E+00   
 7.2568E+01    4.5677E+01    5.2879E+01    2.0744E+01    1.6224E+01    1.2061E+01    7.0504E+01    4.7920E+01    1.3827E+01    4.3257E+00    1.5625E+01    1.4987E+01    9.6979E+00   
 7.3664E+01    4.5680E+01    5.2892E+01    2.0469E+01    1.6161E+01    1.2152E+01    7.0499E+01    4.7825E+01    1.3837E+01    4.2849E+00    1.5645E+01    1.4853E+01    9.6979E+00   
 7.4761E+01    4.5663E+01    5.2876E+01    2.0752E+01    1.6044E+01    1.2210E+01    7.0551E+01    4.7721E+01    1.3833E+01    4.2849E+00    1.5788E+01    1.5109E+01    9.6979E+00   
 7.5857E+01    4.5673E+01    5.2891E+01    2.1032E+01    1.6102E+01    1.2338E+01    7.0576E+01    4.7639E+01    1.3785E+01    4.2849E+00    1.5747E+01    1.5036E+01    9.6754E+00   
 7.7000E+01    4.5671E+01    5.2869E+01    2.1503E+01    1.5956E+01    1.2489E+01    7.0607E+01    4.7610E+01    1.3723E+01    4.2645E+00    1.5564E+01    1.4743E+01    9.6754E+00   
 7.8097E+01    4.5669E+01    5.2852E+01    2.1772E+01    1.5978E+01    1.2676E+01    7.0683E+01    4.7575E+01    1.3672E+01    4.2645E+00    1.5707E+01    1.4999E+01    9.6754E+00   
 7.9201E+01    4.5646E+01    5.2814E+01    2.1476E+01    1.5945E+01    1.2752E+01    7.0745E+01    4.7509E+01    1.3647E+01    4.2442E+00    1.5666E+01    1.5048E+01    9.7204E+00   
 8.0284E+01    4.5649E+01    5.2806E+01    2.1355E+01    1.5899E+01    1.2944E+01    7.0820E+01    4.7499E+01    1.3620E+01    4.2442E+00    1.5584E+01    1.4829E+01    9.6754E+00   
 8.1372E+01    4.5649E+01    5.2782E+01    2.1215E+01    1.5846E+01    1.3141E+01    7.0852E+01    4.7478E+01    1.3611E+01    4.2442E+00    1.5605E+01    1.4829E+01    9.7204E+00   
 8.2459E+01    4.5646E+01    5.2774E+01    2.0695E+01    1.5878E+01    1.3334E+01    7.0918E+01    4.7488E+01    1.3588E+01    4.2442E+00    1.5605E+01    1.4999E+01    9.7204E+00   
 8.3547E+01    4.5657E+01    5.2773E+01    2.0622E+01    1.5970E+01    1.3426E+01    7.0927E+01    4.7497E+01    1.3629E+01    4.2442E+00    1.5564E+01    1.5121E+01    9.6754E+00   
 8.4642E+01    4.5661E+01    5.2764E+01    2.0319E+01    1.5955E+01    1.3614E+01    7.0955E+01    4.7533E+01    1.3587E+01    4.2442E+00    1.5543E+01    1.5121E+01    9.6754E+00   
 8.5732E+01    4.5665E+01    5.2746E+01    2.0641E+01    1.5888E+01    1.3811E+01    7.0956E+01    4.7573E+01    1.3609E+01    4.2442E+00    1.5645E+01    1.4756E+01    9.6754E+00   
 8.6811E+01    4.5649E+01    5.2712E+01    2.0581E+01    1.5924E+01    1.4003E+01    7.0924E+01    4.7601E+01    1.3595E+01    4.2238E+00    1.5645E+01    1.4646E+01    9.6979E+00   
 8.7892E+01    4.5629E+01    5.2685E+01    2.0740E+01    1.5847E+01    1.4077E+01    7.0914E+01    4.7677E+01    1.3575E+01    4.2442E+00    1.5605E+01    1.4646E+01    9.7204E+00   
 8.8973E+01    4.5639E+01    5.2662E+01    2.1211E+01    1.5908E+01    1.4246E+01    7.0888E+01    4.7732E+01    1.3556E+01    4.2645E+00    1.5523E+01    1.5011E+01    9.6754E+00   
 9.0061E+01    4.5687E+01    5.2690E+01    2.1053E+01    1.6016E+01    1.4398E+01    7.0895E+01    4.7794E+01    1.3593E+01    4.2442E+00    1.5564E+01    1.4695E+01    9.6528E+00   
 9.1148E+01    4.5686E+01    5.2671E+01    2.1246E+01    1.6025E+01    1.4472E+01    7.0842E+01    4.7890E+01    1.3578E+01    4.2645E+00    1.5625E+01    1.4707E+01    9.6528E+00   
 9.2236E+01    4.5684E+01    5.2655E+01    2.1215E+01    1.6019E+01    1.4654E+01    7.0822E+01    4.7957E+01    1.3627E+01    4.2442E+00    1.5503E+01    1.5085E+01    9.6528E+00   
 9.3325E+01    4.5679E+01    5.2660E+01    2.0794E+01    1.5995E+01    1.4783E+01    7.0847E+01    4.7987E+01    1.3652E+01    4.2645E+00    1.5584E+01    1.5024E+01    9.7204E+00   
 9.4420E+01    4.5645E+01    5.2629E+01    2.1261E+01    1.5961E+01    1.4918E+01    7.0806E+01    4.8067E+01    1.3677E+01    4.2645E+00    1.5462E+01    1.4622E+01    9.6754E+00   
 9.5515E+01    4.5663E+01    5.2631E+01    2.1261E+01    1.5965E+01    1.4981E+01    7.0819E+01    4.8166E+01    1.3686E+01    4.2849E+00    1.5482E+01    1.4634E+01    9.6302E+00   
 9.6605E+01    4.5668E+01    5.2630E+01    2.1632E+01    1.5955E+01    1.5086E+01    7.0848E+01    4.8251E+01    1.3667E+01    4.2442E+00    1.5503E+01    1.4634E+01    9.6754E+00   
 9.7686E+01    4.5663E+01    5.2625E+01    2.2015E+01    1.5984E+01    1.5215E+01    7.0864E+01    4.8282E+01    1.3714E+01    4.2645E+00    1.5523E+01    1.4780E+01    9.5619E+00   
# Time (s)      T1w (C)       T2w (C)       T1a (C)       T2a (C)       T1r (C)       T2r (C)       T3r (C)       T4r (C)       P1 (bar)      P2 (bar)      Pow (W/100)      Qc (l/min)    
 9.8772E+01    4.5674E+01    5.2618E+01    2.2117E+01    1.6015E+01    1.5318E+01    7.0862E+01    4.8323E+01    1.3730E+01    4.2645E+00    1.5625E+01    1.4731E+01    9.6754E+00   
 9.9883E+01    4.5662E+01    5.2570E+01    2.2220E+01    1.6021E+01    1.5346E+01    7.0883E+01    4.8386E+01    1.3697E+01    4.2849E+00    1.5462E+01    1.4804E+01    9.6754E+00   
 1.0100E+02    4.5664E+01    5.2610E+01    2.1916E+01    1.6087E+01    1.5427E+01    7.0909E+01    4.8464E+01    1.3691E+01    4.2645E+00    1.5564E+01    1.4865E+01    9.6754E+00   
 1.0209E+02    4.5658E+01    5.2572E+01    2.1746E+01    1.6093E+01    1.5541E+01    7.0920E+01    4.8494E+01    1.3696E+01    4.3053E+00    1.5605E+01    1.4877E+01    9.6528E+00   
 1.0319E+02    4.5681E+01    5.2622E+01    2.0869E+01    1.6108E+01    1.5626E+01    7.0983E+01    4.8577E+01    1.3743E+01    4.3053E+00    1.5564E+01    1.5097E+01    9.6302E+00   
 1.0433E+02    4.5668E+01    5.2611E+01    2.1062E+01    1.6168E+01    1.5682E+01    7.1002E+01    4.8650E+01    1.3743E+01    4.3257E+00    1.5543E+01    1.4658E+01    9.6979E+00   
 1.0543E+02    4.5670E+01    5.2612E+01    2.0907E+01    1.6170E+01    1.5763E+01    7.1016E+01    4.8694E+01    1.3780E+01    4.3460E+00    1.5543E+01    1.5109E+01    9.6979E+00   
 1.0652E+02    4.5684E+01    5.2627E+01    2.1222E+01    1.6224E+01    1.5846E+01    7.1017E+01    4.8724E+01    1.3808E+01    4.3257E+00    1.5523E+01    1.4658E+01    9.6754E+00   
 1.0759E+02    4.5689E+01    5.2625E+01    2.0978E+01    1.6235E+01    1.5927E+01    7.1034E+01    4.8763E+01    1.3816E+01    4.3257E+00    1.5564E+01    1.4670E+01    9.6979E+00   
 1.0867E+02    4.5698E+01    5.2656E+01    2.0882E+01    1.6291E+01    1.5967E+01    7.1047E+01    4.8803E+01    1.3845E+01    4.3460E+00    1.5503E+01    1.5133E+01    9.6979E+00   
 1.0976E+02    4.5700E+01    5.2658E+01    2.0756E+01    1.6291E+01    1.6022E+01    7.1092E+01    4.8831E+01    1.3871E+01    4.3257E+00    1.5482E+01    1.4682E+01    9.6754E+00   
 1.1085E+02    4.5689E+01    5.2674E+01    2.0624E+01    1.6363E+01    1.6089E+01    7.1085E+01    4.8845E+01    1.3874E+01    4.3257E+00    1.5543E+01    1.4695E+01    9.6754E+00   
 1.1194E+02    4.5705E+01    5.2696E+01    2.1077E+01    1.6294E+01    1.6161E+01    7.1111E+01    4.8880E+01    1.3886E+01    4.3460E+00    1.5503E+01    1.5158E+01    9.6528E+00   
 1.1302E+02    4.5728E+01    5.2687E+01    2.0989E+01    1.6331E+01    1.6196E+01    7.1146E+01    4.8895E+01    1.3930E+01    4.3868E+00    1.5523E+01    1.4682E+01    9.6075E+00   
 1.1411E+02    4.5719E+01    5.2696E+01    2.1096E+01    1.6346E+01    1.6254E+01    7.1151E+01    4.8911E+01    1.3974E+01    4.3460E+00    1.5584E+01    1.4926E+01    9.6075E+00   
 1.1520E+02    4.5695E+01    5.2673E+01    2.1202E+01    1.6338E+01    1.6314E+01    7.1171E+01    4.8938E+01    1.4022E+01    4.3460E+00    1.5564E+01    1.5036E+01    9.6754E+00   
 1.1628E+02    4.5674E+01    5.2642E+01    2.1540E+01    1.6288E+01    1.6347E+01    7.1184E+01    4.8973E+01    1.4041E+01    4.3664E+00    1.5543E+01    1.5182E+01    9.6754E+00   
 1.1736E+02    4.5668E+01    5.2650E+01    2.1453E+01    1.6304E+01    1.6405E+01    7.1195E+01    4.9013E+01    1.4083E+01    4.3868E+00    1.5523E+01    1.5170E+01    9.6754E+00   
 1.1845E+02    4.5671E+01    5.2661E+01    2.1012E+01    1.6340E+01    1.6460E+01    7.1215E+01    4.9024E+01    1.4137E+01    4.3664E+00    1.5564E+01    1.5194E+01    9.6754E+00   
 1.1954E+02    4.5661E+01    5.2675E+01    2.1247E+01    1.6360E+01    1.6505E+01    7.1233E+01    4.9041E+01    1.4192E+01    4.3868E+00    1.5503E+01    1.5072E+01    9.6979E+00   
 1.2064E+02    4.5669E+01    5.2681E+01    2.1527E+01    1.6337E+01    1.6542E+01    7.1239E+01    4.9083E+01    1.4208E+01    4.4071E+00    1.5564E+01    1.5206E+01    9.6754E+00   
 1.2174E+02    4.5658E+01    5.2678E+01    2.1578E+01    1.6380E+01    1.6573E+01    7.1262E+01    4.9136E+01    1.4198E+01    4.4071E+00    1.5625E+01    1.4719E+01    9.6979E+00   
 1.2282E+02    4.5649E+01    5.2682E+01    2.1402E+01    1.6326E+01    1.6625E+01    7.1258E+01    4.9174E+01    1.4208E+01    4.4071E+00    1.5564E+01    1.4950E+01    9.6979E+00   
 1.2391E+02    4.5652E+01    5.2707E+01    2.1134E+01    1.6444E+01    1.6638E+01    7.1281E+01    4.9177E+01    1.4240E+01    4.4275E+00    1.5543E+01    1.4731E+01    9.6528E+00   
 1.2500E+02    4.5663E+01    5.2731E+01    2.0976E+01    1.6419E+01    1.6658E+01    7.1279E+01    4.9175E+01    1.4279E+01    4.4071E+00    1.5564E+01    1.5182E+01    9.6528E+00   
 1.2610E+02    4.5682E+01    5.2714E+01    2.1047E+01    1.6441E+01    1.6660E+01    7.1285E+01    4.9220E+01    1.4295E+01    4.4479E+00    1.5686E+01    1.4743E+01    9.6754E+00   
 1.2719E+02    4.5678E+01    5.2749E+01    2.1152E+01    1.6515E+01    1.6696E+01    7.1325E+01    4.9250E+01    1.4373E+01    4.4071E+00    1.5564E+01    1.5194E+01    9.7204E+00   
 1.2829E+02    4.5674E+01    5.2737E+01    2.1236E+01    1.6436E+01    1.6680E+01    7.1320E+01    4.9226E+01    1.4399E+01    4.4275E+00    1.5584E+01    1.4756E+01    9.6979E+00   
 1.2938E+02    4.5669E+01    5.2750E+01    2.1278E+01    1.6448E+01    1.6661E+01    7.1317E+01    4.9239E+01    1.4388E+01    4.4071E+00    1.5584E+01    1.5231E+01    9.7204E+00   
 1.3048E+02    4.5677E+01    5.2761E+01    2.1381E+01    1.6517E+01    1.6622E+01    7.1306E+01    4.9237E+01    1.4438E+01    4.4275E+00    1.5564E+01    1.4816E+01    9.6979E+00   
# Time (s)      T1w (C)       T2w (C)       T1a (C)       T2a (C)       T1r (C)       T2r (C)       T3r (C)       T4r (C)       P1 (bar)      P2 (bar)      Pow (W/100)      Qc (l/min)    
 1.3162E+02    4.5678E+01    5.2778E+01    2.0921E+01    1.6528E+01    1.6606E+01    7.1301E+01    4.9229E+01    1.4472E+01    4.4275E+00    1.5625E+01    1.5194E+01    9.7204E+00   
 1.3270E+02    4.5692E+01    5.2771E+01    2.0730E+01    1.6561E+01    1.6584E+01    7.1323E+01    4.9276E+01    1.4515E+01    4.4275E+00    1.5666E+01    1.4768E+01    9.6979E+00   
 1.3380E+02    4.5684E+01    5.2791E+01    2.0552E+01    1.6532E+01    1.6573E+01    7.1326E+01    4.9263E+01    1.4534E+01    4.4479E+00    1.5605E+01    1.5206E+01    9.6754E+00   
 1.3488E+02    4.5694E+01    5.2784E+01    2.0163E+01    1.6576E+01    1.6497E+01    7.1335E+01    4.9307E+01    1.4557E+01    4.4275E+00    1.5686E+01    1.5243E+01    9.7204E+00   
 1.3598E+02    4.5679E+01    5.2790E+01    1.9953E+01    1.6598E+01    1.6405E+01    7.1325E+01    4.9328E+01    1.4597E+01    4.4275E+00    1.5564E+01    1.5231E+01    9.6302E+00   
 1.3707E+02    4.5697E+01    5.2808E+01    2.0112E+01    1.6597E+01    1.6317E+01    7.1300E+01    4.9304E+01    1.4578E+01    4.4479E+00    1.5625E+01    1.4841E+01    9.6754E+00   
 1.3815E+02    4.5696E+01    5.2786E+01    2.0019E+01    1.6623E+01    1.6179E+01    7.1312E+01    4.9323E+01    1.4617E+01    4.4683E+00    1.5605E+01    1.4768E+01    9.6754E+00   
 1.3924E+02    4.5678E+01    5.2786E+01    2.0310E+01    1.6626E+01    1.5993E+01    7.1337E+01    4.9335E+01    1.4676E+01    4.4479E+00    1.5543E+01    1.5121E+01    9.6979E+00   
 1.4033E+02    4.5671E+01    5.2777E+01    2.0399E+01    1.6628E+01    1.5826E+01    7.1324E+01    4.9377E+01    1.4703E+01    4.4683E+00    1.5707E+01    1.4950E+01    9.6528E+00   
 1.4142E+02    4.5659E+01    5.2774E+01    2.0300E+01    1.6650E+01    1.5729E+01    7.1310E+01    4.9382E+01    1.4735E+01    4.4479E+00    1.5605E+01    1.5072E+01    9.6528E+00   
 1.4251E+02    4.5663E+01    5.2780E+01    2.0280E+01    1.6618E+01    1.5512E+01    7.1266E+01    4.9361E+01    1.4724E+01    4.4683E+00    1.5747E+01    1.5279E+01    9.6979E+00   
 1.4363E+02    4.5699E+01    5.2800E+01    2.0526E+01    1.6634E+01    1.5180E+01    7.1245E+01    4.9380E+01    1.4736E+01    4.4886E+00    1.5564E+01    1.5243E+01    9.6528E+00   
 1.4472E+02    4.5678E+01    5.2804E+01    2.0591E+01    1.6682E+01    1.4622E+01    7.1215E+01    4.9363E+01    1.4749E+01    4.4683E+00    1.5747E+01    1.5279E+01    9.6979E+00   
 1.4581E+02    4.5699E+01    5.2838E+01    2.0698E+01    1.6677E+01    1.4379E+01    7.1175E+01    4.9348E+01    1.4737E+01    4.4683E+00    1.5645E+01    1.4816E+01    9.6528E+00   
 1.4691E+02    4.5699E+01    5.2834E+01    2.0563E+01    1.6654E+01    1.3998E+01    7.1140E+01    4.9345E+01    1.4757E+01    4.4683E+00    1.5625E+01    1.5036E+01    9.6754E+00   
 1.4800E+02    4.5675E+01    5.2853E+01    2.0128E+01    1.6674E+01    1.3706E+01    7.1087E+01    4.9305E+01    1.4752E+01    4.4479E+00    1.5707E+01    1.4816E+01    9.6754E+00   
 1.4908E+02    4.5691E+01    5.2867E+01    1.9918E+01    1.6690E+01    1.3449E+01    7.1036E+01    4.9252E+01    1.4728E+01    4.4479E+00    1.5707E+01    1.5194E+01    9.6979E+00   
 1.5017E+02    4.5718E+01    5.2883E+01    1.9934E+01    1.6673E+01    1.3362E+01    7.1024E+01    4.9204E+01    1.4686E+01    4.4683E+00    1.5645E+01    1.5206E+01    9.7204E+00   
 1.5126E+02    4.5696E+01    5.2903E+01    1.9933E+01    1.6612E+01    1.3164E+01    7.1011E+01    4.9157E+01    1.4646E+01    4.4479E+00    1.5788E+01    1.5206E+01    9.7428E+00   
 1.5236E+02    4.5700E+01    5.2926E+01    2.0002E+01    1.6609E+01    1.3010E+01    7.1029E+01    4.9103E+01    1.4605E+01    4.4683E+00    1.5788E+01    1.4902E+01    9.7204E+00   
 1.5345E+02    4.5687E+01    5.2913E+01    2.0455E+01    1.6586E+01    1.2874E+01    7.1053E+01    4.9028E+01    1.4519E+01    4.4479E+00    1.5645E+01    1.5170E+01    9.6979E+00   
 1.5455E+02    4.5658E+01    5.2937E+01    2.0728E+01    1.6592E+01    1.2829E+01    7.1100E+01    4.8937E+01    1.4494E+01    4.4071E+00    1.5686E+01    1.4914E+01    9.6754E+00   
 1.5564E+02    4.5683E+01    5.2941E+01    2.0729E+01    1.6477E+01    1.2753E+01    7.1162E+01    4.8835E+01    1.4453E+01    4.4071E+00    1.5666E+01    1.5219E+01    9.6754E+00   
 1.5679E+02    4.5696E+01    5.2963E+01    2.1075E+01    1.6475E+01    1.2677E+01    7.1171E+01    4.8819E+01    1.4390E+01    4.4275E+00    1.5849E+01    1.5243E+01    9.6979E+00   
 1.5788E+02    4.5699E+01    5.2973E+01    2.0613E+01    1.6493E+01    1.2573E+01    7.1201E+01    4.8737E+01    1.4339E+01    4.3868E+00    1.5727E+01    1.4792E+01    9.6979E+00   
 1.5897E+02    4.5704E+01    5.2986E+01    2.0342E+01    1.6470E+01    1.2529E+01    7.1200E+01    4.8628E+01    1.4293E+01    4.3868E+00    1.5809E+01    1.4926E+01    9.6979E+00   
 1.6005E+02    4.5699E+01    5.2971E+01    2.0022E+01    1.6496E+01    1.2416E+01    7.1203E+01    4.8522E+01    1.4235E+01    4.3664E+00    1.5788E+01    1.5255E+01    9.6754E+00   
 1.6114E+02    4.5693E+01    5.2962E+01    1.9815E+01    1.6427E+01    1.2371E+01    7.1205E+01    4.8456E+01    1.4118E+01    4.3868E+00    1.5788E+01    1.4890E+01    9.6754E+00   
 1.6221E+02    4.5704E+01    5.2958E+01    2.0334E+01    1.6360E+01    1.2384E+01    7.1262E+01    4.8406E+01    1.4122E+01    4.3460E+00    1.5788E+01    1.4829E+01    9.6528E+00   
 1.6329E+02    4.5697E+01    5.2950E+01    2.0264E+01    1.6385E+01    1.2444E+01    7.1296E+01    4.8329E+01    1.4034E+01    4.3460E+00    1.5829E+01    1.4768E+01    9.6754E+00   
# Time (s)      T1w (C)       T2w (C)       T1a (C)       T2a (C)       T1r (C)       T2r (C)       T3r (C)       T4r (C)       P1 (bar)      P2 (bar)      Pow (W/100)      Qc (l/min)    
 1.6437E+02    4.5699E+01    5.2943E+01    2.1145E+01    1.6305E+01    1.2517E+01    7.1320E+01    4.8289E+01    1.4007E+01    4.3460E+00    1.5686E+01    1.4950E+01    9.7428E+00   
 1.6546E+02    4.5687E+01    5.2945E+01    2.1709E+01    1.6299E+01    1.2625E+01    7.1344E+01    4.8183E+01    1.3986E+01    4.3257E+00    1.5809E+01    1.5194E+01    9.7204E+00   
 1.6655E+02    4.5700E+01    5.2934E+01    2.1755E+01    1.6379E+01    1.2662E+01    7.1392E+01    4.8119E+01    1.3945E+01    4.3460E+00    1.5727E+01    1.5036E+01    9.7204E+00   
 1.6764E+02    4.5717E+01    5.2926E+01    2.0821E+01    1.6334E+01    1.2789E+01    7.1410E+01    4.8046E+01    1.3925E+01    4.3257E+00    1.5645E+01    1.4756E+01    9.6979E+00   
 1.6873E+02    4.5700E+01    5.2930E+01    2.0502E+01    1.6249E+01    1.2926E+01    7.1443E+01    4.8028E+01    1.3926E+01    4.3257E+00    1.5829E+01    1.5097E+01    9.6979E+00   
 1.6981E+02    4.5709E+01    5.2910E+01    1.9895E+01    1.6200E+01    1.3078E+01    7.1468E+01    4.7983E+01    1.3895E+01    4.2849E+00    1.5747E+01    1.5085E+01    9.6754E+00   
 1.7090E+02    4.5720E+01    5.2913E+01    2.0054E+01    1.6170E+01    1.3136E+01    7.1522E+01    4.7963E+01    1.3878E+01    4.3053E+00    1.5768E+01    1.5206E+01    9.6754E+00   
 1.7198E+02    4.5707E+01    5.2880E+01    2.0858E+01    1.6102E+01    1.3311E+01    7.1531E+01    4.7964E+01    1.3829E+01    4.3053E+00    1.5686E+01    1.4987E+01    9.6979E+00   
 1.7305E+02    4.5720E+01    5.2875E+01    2.1087E+01    1.6162E+01    1.3476E+01    7.1570E+01    4.7948E+01    1.3802E+01    4.3257E+00    1.5707E+01    1.4816E+01    9.6979E+00   
 1.7413E+02    4.5724E+01    5.2860E+01    2.1473E+01    1.6192E+01    1.3539E+01    7.1583E+01    4.7928E+01    1.3799E+01    4.3053E+00    1.5747E+01    1.4768E+01    9.6979E+00   
 1.7522E+02    4.5734E+01    5.2854E+01    2.1887E+01    1.6297E+01    1.3732E+01    7.1603E+01    4.7961E+01    1.3813E+01    4.2849E+00    1.5625E+01    1.4756E+01    9.6528E+00   
 1.7630E+02    4.5723E+01    5.2831E+01    2.2230E+01    1.6189E+01    1.3908E+01    7.1650E+01    4.7990E+01    1.3815E+01    4.2849E+00    1.5564E+01    1.5121E+01    9.6302E+00   
 1.7739E+02    4.5731E+01    5.2823E+01    2.1869E+01    1.6185E+01    1.4076E+01    7.1667E+01    4.8066E+01    1.3823E+01    4.2849E+00    1.5727E+01    1.4719E+01    9.6754E+00   
 1.7848E+02    4.5719E+01    5.2806E+01    2.1637E+01    1.6142E+01    1.4178E+01    7.1681E+01    4.8136E+01    1.3818E+01    4.2849E+00    1.5564E+01    1.4719E+01    9.6754E+00   
 1.7957E+02    4.5692E+01    5.2773E+01    2.1308E+01    1.6137E+01    1.4329E+01    7.1684E+01    4.8175E+01    1.3818E+01    4.3053E+00    1.5645E+01    1.4853E+01    9.6754E+00   
 1.8065E+02    4.5710E+01    5.2778E+01    2.0663E+01    1.6208E+01    1.4481E+01    7.1693E+01    4.8198E+01    1.3831E+01    4.3257E+00    1.5543E+01    1.4682E+01    9.6754E+00   
 1.8173E+02    4.5717E+01    5.2772E+01    2.0806E+01    1.6165E+01    1.4552E+01    7.1717E+01    4.8235E+01    1.3832E+01    4.3257E+00    1.5707E+01    1.5097E+01    9.6979E+00   
 1.8283E+02    4.5727E+01    5.2772E+01    2.0986E+01    1.6122E+01    1.4692E+01    7.1724E+01    4.8315E+01    1.3837E+01    4.3257E+00    1.5605E+01    1.4695E+01    9.6979E+00   
 1.8393E+02    4.5713E+01    5.2774E+01    2.1246E+01    1.6175E+01    1.4816E+01    7.1710E+01    4.8344E+01    1.3851E+01    4.3257E+00    1.5564E+01    1.5158E+01    9.6979E+00   
 1.8502E+02    4.5714E+01    5.2750E+01    2.0912E+01    1.6208E+01    1.4944E+01    7.1712E+01    4.8446E+01    1.3872E+01    4.3257E+00    1.5707E+01    1.4695E+01    9.6979E+00   
 1.8617E+02    4.5707E+01    5.2757E+01    2.0903E+01    1.6150E+01    1.5069E+01    7.1705E+01    4.8517E+01    1.3904E+01    4.3053E+00    1.5625E+01    1.4926E+01    9.6979E+00   
 1.8728E+02    4.5718E+01    5.2752E+01    2.1386E+01    1.6192E+01    1.5132E+01    7.1701E+01    4.8576E+01    1.3907E+01    4.3257E+00    1.5605E+01    1.4670E+01    9.6754E+00   
 1.8838E+02    4.5712E+01    5.2760E+01    2.0840E+01    1.6168E+01    1.5237E+01    7.1711E+01    4.8632E+01    1.3920E+01    4.3460E+00    1.5503E+01    1.5048E+01    9.7204E+00   
 1.8947E+02    4.5735E+01    5.2771E+01    2.0552E+01    1.6186E+01    1.5356E+01    7.1712E+01    4.8667E+01    1.3974E+01    4.3460E+00    1.5686E+01    1.4695E+01    9.6754E+00   
 1.9055E+02    4.5755E+01    5.2777E+01    2.0578E+01    1.6204E+01    1.5421E+01    7.1711E+01    4.8758E+01    1.4029E+01    4.3053E+00    1.5543E+01    1.5097E+01    9.6754E+00   
 1.9164E+02    4.5726E+01    5.2749E+01    2.0315E+01    1.6197E+01    1.5550E+01    7.1711E+01    4.8825E+01    1.4030E+01    4.3460E+00    1.5605E+01    1.5182E+01    9.6979E+00   
 1.9272E+02    4.5717E+01    5.2733E+01    2.0318E+01    1.6218E+01    1.5645E+01    7.1721E+01    4.8878E+01    1.4080E+01    4.3257E+00    1.5584E+01    1.5158E+01    9.6979E+00   
 1.9380E+02    4.5709E+01    5.2739E+01    2.0242E+01    1.6205E+01    1.5741E+01    7.1721E+01    4.8908E+01    1.4082E+01    4.3257E+00    1.5523E+01    1.4719E+01    9.7204E+00   
 1.9489E+02    4.5712E+01    5.2737E+01    2.0305E+01    1.6247E+01    1.5741E+01    7.1722E+01    4.8959E+01    1.4067E+01    4.3460E+00    1.5727E+01    1.5024E+01    9.6979E+00   
 1.9598E+02    4.5724E+01    5.2721E+01    2.0371E+01    1.6310E+01    1.5814E+01    7.1710E+01    4.8973E+01    1.4102E+01    4.3460E+00    1.5543E+01    1.5011E+01    9.6979E+00   
# Time (s)      T1w (C)       T2w (C)       T1a (C)       T2a (C)       T1r (C)       T2r (C)       T3r (C)       T4r (C)       P1 (bar)      P2 (bar)      Pow (W/100)      Qc (l/min)    
 1.9707E+02    4.5722E+01    5.2726E+01    2.1511E+01    1.6278E+01    1.5896E+01    7.1714E+01    4.9024E+01    1.4096E+01    4.3460E+00    1.5564E+01    1.4719E+01    9.6979E+00   
 1.9815E+02    4.5703E+01    5.2720E+01    2.0804E+01    1.6209E+01    1.5988E+01    7.1712E+01    4.9062E+01    1.4137E+01    4.3460E+00    1.5686E+01    1.4938E+01    9.6754E+00   
 1.9924E+02    4.5719E+01    5.2737E+01    2.0477E+01    1.6197E+01    1.6024E+01    7.1723E+01    4.9105E+01    1.4127E+01    4.3664E+00    1.5727E+01    1.5219E+01    9.7204E+00   
 2.0032E+02    4.5728E+01    5.2747E+01    2.0768E+01    1.6229E+01    1.6097E+01    7.1712E+01    4.9150E+01    1.4130E+01    4.3868E+00    1.5707E+01    1.5011E+01    9.7204E+00   
 2.0140E+02    4.5742E+01    5.2781E+01    2.0764E+01    1.6255E+01    1.6161E+01    7.1741E+01    4.9145E+01    1.4146E+01    4.3664E+00    1.5707E+01    1.4926E+01    9.6979E+00   
 2.0248E+02    4.5755E+01    5.2784E+01    2.0311E+01    1.6341E+01    1.6182E+01    7.1690E+01    4.9156E+01    1.4166E+01    4.3868E+00    1.5584E+01    1.4756E+01    9.7204E+00   
 2.0357E+02    4.5748E+01    5.2802E+01    2.0107E+01    1.6406E+01    1.6232E+01    7.1700E+01    4.9177E+01    1.4169E+01    4.3664E+00    1.5523E+01    1.5206E+01    9.7204E+00   
 2.0466E+02    4.5749E+01    5.2797E+01    1.9899E+01    1.6256E+01    1.6277E+01    7.1675E+01    4.9197E+01    1.4162E+01    4.3868E+00    1.5707E+01    1.4743E+01    9.7204E+00   
 2.0575E+02    4.5738E+01    5.2784E+01    2.0541E+01    1.6345E+01    1.6320E+01    7.1659E+01    4.9223E+01    1.4205E+01    4.4275E+00    1.5605E+01    1.4792E+01    9.6979E+00   
 2.0684E+02    4.5731E+01    5.2790E+01    2.0493E+01    1.6415E+01    1.6334E+01    7.1658E+01    4.9266E+01    1.4211E+01    4.4071E+00    1.5666E+01    1.5048E+01    9.6979E+00   
 2.0792E+02    4.5742E+01    5.2795E+01    2.0890E+01    1.6354E+01    1.6363E+01    7.1659E+01    4.9300E+01    1.4219E+01    4.3868E+00    1.5666E+01    1.4792E+01    9.6754E+00   
 2.0900E+02    4.5767E+01    5.2815E+01    2.0501E+01    1.6369E+01    1.6402E+01    7.1671E+01    4.9328E+01    1.4238E+01    4.4071E+00    1.5564E+01    1.4743E+01    9.6302E+00   
 2.1011E+02    4.5768E+01    5.2817E+01    2.0362E+01    1.6433E+01    1.6434E+01    7.1637E+01    4.9331E+01    1.4272E+01    4.4071E+00    1.5645E+01    1.5158E+01    9.6528E+00   
 2.1120E+02    4.5776E+01    5.2815E+01    2.0696E+01    1.6479E+01    1.6439E+01    7.1630E+01    4.9365E+01    1.4298E+01    4.4071E+00    1.5707E+01    1.4743E+01    9.6302E+00   
 2.1230E+02    4.5781E+01    5.2822E+01    2.0416E+01    1.6432E+01    1.6434E+01    7.1650E+01    4.9384E+01    1.4309E+01    4.4275E+00    1.5584E+01    1.5219E+01    9.6528E+00   
 2.1339E+02    4.5784E+01    5.2804E+01    2.0442E+01    1.6488E+01    1.6411E+01    7.1634E+01    4.9385E+01    1.4339E+01    4.4071E+00    1.5605E+01    1.4816E+01    9.6979E+00   
 2.1449E+02    4.5769E+01    5.2834E+01    2.0465E+01    1.6504E+01    1.6396E+01    7.1644E+01    4.9451E+01    1.4404E+01    4.4071E+00    1.5686E+01    1.4865E+01    9.6979E+00   
 2.1559E+02    4.5769E+01    5.2839E+01    2.0597E+01    1.6602E+01    1.6343E+01    7.1633E+01    4.9445E+01    1.4407E+01    4.4071E+00    1.5625E+01    1.4902E+01    9.6754E+00   
 2.1668E+02    4.5769E+01    5.2837E+01    2.0449E+01    1.6491E+01    1.6258E+01    7.1651E+01    4.9418E+01    1.4442E+01    4.4071E+00    1.5584E+01    1.5206E+01    9.6754E+00   
 2.1776E+02    4.5760E+01    5.2838E+01    2.0437E+01    1.6473E+01    1.6154E+01    7.1645E+01    4.9431E+01    1.4465E+01    4.4275E+00    1.5707E+01    1.4768E+01    9.6754E+00   
 2.1885E+02    4.5762E+01    5.2844E+01    2.0216E+01    1.6599E+01    1.6042E+01    7.1670E+01    4.9447E+01    1.4499E+01    4.4479E+00    1.5564E+01    1.5255E+01    9.6528E+00   
 2.1999E+02    4.5770E+01    5.2834E+01    2.0131E+01    1.6591E+01    1.5969E+01    7.1698E+01    4.9488E+01    1.4533E+01    4.4479E+00    1.5686E+01    1.4902E+01    9.6075E+00   
 2.2108E+02    4.5762E+01    5.2844E+01    2.0086E+01    1.6646E+01    1.5765E+01    7.1666E+01    4.9499E+01    1.4567E+01    4.4683E+00    1.5625E+01    1.5231E+01    9.6528E+00   
 2.2216E+02    4.5756E+01    5.2822E+01    2.0503E+01    1.6621E+01    1.5543E+01    7.1646E+01    4.9486E+01    1.4599E+01    4.4479E+00    1.5584E+01    1.4804E+01    9.6754E+00   
 2.2325E+02    4.5751E+01    5.2844E+01    2.0849E+01    1.6633E+01    1.5418E+01    7.1634E+01    4.9492E+01    1.4626E+01    4.4683E+00    1.5727E+01    1.5267E+01    9.6302E+00   
 2.2433E+02    4.5776E+01    5.2860E+01    2.0527E+01    1.6644E+01    1.5131E+01    7.1620E+01    4.9517E+01    1.4655E+01    4.4683E+00    1.5707E+01    1.4987E+01    9.6754E+00   
 2.2542E+02    4.5777E+01    5.2870E+01    2.0085E+01    1.6657E+01    1.4680E+01    7.1628E+01    4.9533E+01    1.4690E+01    4.4683E+00    1.5605E+01    1.4829E+01    9.6979E+00   
 2.2651E+02    4.5779E+01    5.2883E+01    1.9904E+01    1.6681E+01    1.4310E+01    7.1610E+01    4.9503E+01    1.4684E+01    4.4683E+00    1.5707E+01    1.5231E+01    9.6754E+00   
 2.2760E+02    4.5769E+01    5.2899E+01    1.9808E+01    1.6643E+01    1.4103E+01    7.1581E+01    4.9498E+01    1.4702E+01    4.4683E+00    1.5666E+01    1.4938E+01    9.6075E+00   
 2.2868E+02    4.5748E+01    5.2889E+01    2.0070E+01    1.6627E+01    1.3774E+01    7.1540E+01    4.9458E+01    1.4684E+01    4.4479E+00    1.5666E+01    1.4853E+01    9.6754E+00   
# Time (s)      T1w (C)       T2w (C)       T1a (C)       T2a (C)       T1r (C)       T2r (C)       T3r (C)       T4r (C)       P1 (bar)      P2 (bar)      Pow (W/100)      Qc (l/min)    
 2.2976E+02    4.5745E+01    5.2908E+01    2.0341E+01    1.6625E+01    1.3505E+01    7.1511E+01    4.9437E+01    1.4671E+01    4.4683E+00    1.5768E+01    1.5048E+01    9.6528E+00   
 2.3085E+02    4.5753E+01    5.2921E+01    2.0752E+01    1.6543E+01    1.3253E+01    7.1476E+01    4.9410E+01    1.4646E+01    4.4479E+00    1.5707E+01    1.4816E+01    9.6302E+00   
 2.3194E+02    4.5755E+01    5.2921E+01    2.0553E+01    1.6574E+01    1.3151E+01    7.1430E+01    4.9347E+01    1.4627E+01    4.4275E+00    1.5829E+01    1.5231E+01    9.6754E+00   
 2.3303E+02    4.5760E+01    5.2949E+01    2.0602E+01    1.6637E+01    1.2990E+01    7.1379E+01    4.9305E+01    1.4600E+01    4.4071E+00    1.5707E+01    1.5121E+01    9.6754E+00   
 2.3412E+02    4.5762E+01    5.2974E+01    2.0975E+01    1.6609E+01    1.2849E+01    7.1387E+01    4.9274E+01    1.4568E+01    4.4275E+00    1.5707E+01    1.4841E+01    9.6754E+00   
 2.3521E+02    4.5774E+01    5.2992E+01    2.0731E+01    1.6606E+01    1.2801E+01    7.1371E+01    4.9194E+01    1.4539E+01    4.4275E+00    1.5809E+01    1.5292E+01    9.6528E+00   
 2.3629E+02    4.5771E+01    5.3004E+01    2.0805E+01    1.6609E+01    1.2677E+01    7.1387E+01    4.9078E+01    1.4520E+01    4.4071E+00    1.5707E+01    1.4816E+01    9.6754E+00   
 2.3738E+02    4.5777E+01    5.2997E+01    2.0659E+01    1.6549E+01    1.2535E+01    7.1368E+01    4.9002E+01    1.4448E+01    4.3664E+00    1.5768E+01    1.4829E+01    9.6754E+00   
 2.3846E+02    4.5756E+01    5.3021E+01    2.0670E+01    1.6518E+01    1.2432E+01    7.1388E+01    4.8920E+01    1.4391E+01    4.3664E+00    1.5768E+01    1.4975E+01    9.6528E+00   
 2.3954E+02    4.5756E+01    5.3018E+01    2.0539E+01    1.6420E+01    1.2393E+01    7.1366E+01    4.8800E+01    1.4349E+01    4.3257E+00    1.5849E+01    1.4853E+01    9.6754E+00   
 2.4063E+02    4.5758E+01    5.3030E+01    2.0300E+01    1.6424E+01    1.2288E+01    7.1350E+01    4.8685E+01    1.4287E+01    4.3257E+00    1.5788E+01    1.4829E+01    9.7204E+00   
 2.4172E+02    4.5767E+01    5.3035E+01    2.0162E+01    1.6416E+01    1.2198E+01    7.1330E+01    4.8633E+01    1.4248E+01    4.3257E+00    1.5849E+01    1.4938E+01    9.6528E+00   
 2.4281E+02    4.5769E+01    5.3044E+01    2.0077E+01    1.6322E+01    1.2122E+01    7.1269E+01    4.8479E+01    1.4141E+01    4.3257E+00    1.5747E+01    1.5206E+01    9.6754E+00   
 2.4390E+02    4.5751E+01    5.3026E+01    2.0014E+01    1.6279E+01    1.2085E+01    7.1210E+01    4.8367E+01    1.4110E+01    4.3257E+00    1.5809E+01    1.4792E+01    9.7204E+00   
 2.4500E+02    4.5765E+01    5.3055E+01    2.0005E+01    1.6178E+01    1.2053E+01    7.1219E+01    4.8215E+01    1.4009E+01    4.3257E+00    1.5829E+01    1.5206E+01    9.6754E+00   
 2.4609E+02    4.5764E+01    5.3048E+01    1.9871E+01    1.6216E+01    1.2041E+01    7.1250E+01    4.8127E+01    1.3951E+01    4.2849E+00    1.5727E+01    1.5243E+01    9.6979E+00   
 2.4725E+02    4.5769E+01    5.3042E+01    1.9852E+01    1.6168E+01    1.2076E+01    7.1310E+01    4.8023E+01    1.3895E+01    4.2645E+00    1.5788E+01    1.4768E+01    9.6754E+00   
 2.4834E+02    4.5768E+01    5.3011E+01    1.9930E+01    1.6026E+01    1.2117E+01    7.1379E+01    4.7905E+01    1.3905E+01    4.2849E+00    1.5768E+01    1.4792E+01    9.6754E+00   
 2.4942E+02    4.5766E+01    5.3026E+01    2.0246E+01    1.6017E+01    1.2209E+01    7.1456E+01    4.7781E+01    1.3842E+01    4.2645E+00    1.5768E+01    1.4743E+01    9.6754E+00   
 2.5050E+02    4.5781E+01    5.3006E+01    2.0271E+01    1.6065E+01    1.2367E+01    7.1483E+01    4.7727E+01    1.3758E+01    4.2645E+00    1.5727E+01    1.4987E+01    9.6979E+00   
 2.5159E+02    4.5765E+01    5.2990E+01    2.0374E+01    1.5947E+01    1.2437E+01    7.1544E+01    4.7657E+01    1.3662E+01    4.2645E+00    1.5747E+01    1.5219E+01    9.6979E+00   
 2.5268E+02    4.5771E+01    5.2965E+01    2.0191E+01    1.6050E+01    1.2604E+01    7.1594E+01    4.7616E+01    1.3634E+01    4.2238E+00    1.5849E+01    1.4719E+01    9.6754E+00   
 2.5378E+02    4.5776E+01    5.2957E+01    2.0008E+01    1.5985E+01    1.2775E+01    7.1637E+01    4.7615E+01    1.3597E+01    4.2442E+00    1.5707E+01    1.5182E+01    9.6754E+00   
 2.5487E+02    4.5770E+01    5.2924E+01    1.9990E+01    1.5916E+01    1.2978E+01    7.1697E+01    4.7589E+01    1.3580E+01    4.2645E+00    1.5625E+01    1.4792E+01    9.6754E+00   
 2.5595E+02    4.5780E+01    5.2904E+01    2.0216E+01    1.5851E+01    1.3066E+01    7.1741E+01    4.7579E+01    1.3558E+01    4.2442E+00    1.5666E+01    1.4682E+01    9.7204E+00   
 2.5704E+02    4.5770E+01    5.2867E+01    2.0300E+01    1.5891E+01    1.3265E+01    7.1791E+01    4.7649E+01    1.3555E+01    4.2034E+00    1.5768E+01    1.4719E+01    9.6979E+00   
 2.5812E+02    4.5755E+01    5.2858E+01    2.0332E+01    1.5899E+01    1.3436E+01    7.1794E+01    4.7628E+01    1.3521E+01    4.2238E+00    1.5707E+01    1.5097E+01    9.7204E+00   
 2.5920E+02    4.5774E+01    5.2840E+01    2.0301E+01    1.5869E+01    1.3600E+01    7.1816E+01    4.7643E+01    1.3434E+01    4.2034E+00    1.5564E+01    1.4804E+01    9.6979E+00   
 2.6029E+02    4.5770E+01    5.2807E+01    2.0121E+01    1.5839E+01    1.3698E+01    7.1880E+01    4.7711E+01    1.3445E+01    4.2034E+00    1.5503E+01    1.4634E+01    9.7428E+00   
 2.6138E+02    4.5762E+01    5.2799E+01    2.0106E+01    1.5783E+01    1.3848E+01    7.1888E+01    4.7744E+01    1.3442E+01    4.2645E+00    1.5747E+01    1.5048E+01    9.6979E+00   
# Time (s)      T1w (C)       T2w (C)       T1a (C)       T2a (C)       T1r (C)       T2r (C)       T3r (C)       T4r (C)       P1 (bar)      P2 (bar)      Pow (W/100)      Qc (l/min)    
 2.6247E+02    4.5780E+01    5.2788E+01    2.0677E+01    1.5818E+01    1.4030E+01    7.1902E+01    4.7777E+01    1.3425E+01    4.2238E+00    1.5523E+01    1.4707E+01    9.7204E+00   
 2.6355E+02    4.5782E+01    5.2753E+01    2.0706E+01    1.5881E+01    1.4083E+01    7.1903E+01    4.7840E+01    1.3436E+01    4.2442E+00    1.5523E+01    1.4707E+01    9.6979E+00   
 2.6464E+02    4.5755E+01    5.2732E+01    2.1169E+01    1.5894E+01    1.4213E+01    7.1911E+01    4.7916E+01    1.3431E+01    4.2238E+00    1.5523E+01    1.4841E+01    9.6979E+00   
 2.6572E+02    4.5742E+01    5.2723E+01    2.0985E+01    1.5965E+01    1.4340E+01    7.1897E+01    4.7988E+01    1.3422E+01    4.2645E+00    1.5584E+01    1.5097E+01    9.7204E+00   
 2.6680E+02    4.5753E+01    5.2699E+01    2.1150E+01    1.5983E+01    1.4484E+01    7.1877E+01    4.8008E+01    1.3412E+01    4.2238E+00    1.5584E+01    1.4890E+01    9.6979E+00   
 2.6788E+02    4.5761E+01    5.2698E+01    2.1398E+01    1.5898E+01    1.4538E+01    7.1868E+01    4.8065E+01    1.3408E+01    4.2238E+00    1.5564E+01    1.4658E+01    9.6979E+00   
 2.6897E+02    4.5774E+01    5.2710E+01    2.1286E+01    1.5966E+01    1.4673E+01    7.1884E+01    4.8179E+01    1.3432E+01    4.2238E+00    1.5584E+01    1.5011E+01    9.6528E+00   
 2.7006E+02    4.5812E+01    5.2720E+01    2.1279E+01    1.6051E+01    1.4817E+01    7.1884E+01    4.8239E+01    1.3447E+01    4.2645E+00    1.5523E+01    1.4987E+01    9.6979E+00   
 2.7115E+02    4.5787E+01    5.2711E+01    2.1151E+01    1.5986E+01    1.4949E+01    7.1900E+01    4.8329E+01    1.3457E+01    4.2645E+00    1.5503E+01    1.4646E+01    9.6979E+00   
 2.7225E+02    4.5795E+01    5.2721E+01    2.1253E+01    1.5910E+01    1.5002E+01    7.1908E+01    4.8426E+01    1.3492E+01    4.2442E+00    1.5605E+01    1.5060E+01    9.6754E+00   
 2.7335E+02    4.5789E+01    5.2716E+01    2.1140E+01    1.6022E+01    1.5121E+01    7.1928E+01    4.8515E+01    1.3508E+01    4.2849E+00    1.5543E+01    1.4658E+01    9.6528E+00   
 2.7444E+02    4.5785E+01    5.2709E+01    2.1431E+01    1.5957E+01    1.5231E+01    7.1938E+01    4.8540E+01    1.3508E+01    4.2645E+00    1.5686E+01    1.4695E+01    9.6754E+00   
 2.7555E+02    4.5761E+01    5.2700E+01    2.1026E+01    1.5989E+01    1.5293E+01    7.1903E+01    4.8609E+01    1.3536E+01    4.2645E+00    1.5543E+01    1.4646E+01    9.6754E+00   
 2.7670E+02    4.5781E+01    5.2718E+01    2.1198E+01    1.6060E+01    1.5330E+01    7.1869E+01    4.8662E+01    1.3564E+01    4.2645E+00    1.5523E+01    1.5011E+01    9.6528E+00   
 2.7779E+02    4.5767E+01    5.2701E+01    2.1355E+01    1.6025E+01    1.5458E+01    7.1847E+01    4.8793E+01    1.3581E+01    4.2849E+00    1.5543E+01    1.4670E+01    9.6979E+00   
 2.7888E+02    4.5777E+01    5.2722E+01    2.1604E+01    1.6119E+01    1.5541E+01    7.1843E+01    4.8860E+01    1.3630E+01    4.3257E+00    1.5584E+01    1.4731E+01    9.6754E+00   
 2.7997E+02    4.5810E+01    5.2733E+01    2.1178E+01    1.6119E+01    1.5648E+01    7.1836E+01    4.8894E+01    1.3686E+01    4.3257E+00    1.5666E+01    1.4682E+01    9.6979E+00   
 2.8105E+02    4.5792E+01    5.2732E+01    2.0945E+01    1.6150E+01    1.5707E+01    7.1824E+01    4.8957E+01    1.3714E+01    4.3053E+00    1.5584E+01    1.5170E+01    9.6754E+00   
 2.8214E+02    4.5784E+01    5.2744E+01    2.0553E+01    1.6268E+01    1.5778E+01    7.1830E+01    4.9034E+01    1.3748E+01    4.3053E+00    1.5543E+01    1.4695E+01    9.6754E+00   
 2.8323E+02    4.5775E+01    5.2741E+01    2.0588E+01    1.6201E+01    1.5885E+01    7.1830E+01    4.9033E+01    1.3775E+01    4.3460E+00    1.5564E+01    1.4707E+01    9.6754E+00   
 2.8431E+02    4.5785E+01    5.2749E+01    2.1017E+01    1.6245E+01    1.5933E+01    7.1842E+01    4.9072E+01    1.3804E+01    4.3664E+00    1.5564E+01    1.4804E+01    9.6979E+00   
 2.8539E+02    4.5792E+01    5.2772E+01    2.0960E+01    1.6276E+01    1.6014E+01    7.1828E+01    4.9110E+01    1.3825E+01    4.3460E+00    1.5625E+01    1.5206E+01    9.6979E+00   
 2.8647E+02    4.5793E+01    5.2770E+01    2.1392E+01    1.6240E+01    1.6084E+01    7.1825E+01    4.9137E+01    1.3874E+01    4.3664E+00    1.5625E+01    1.5024E+01    9.6979E+00   
 2.8755E+02    4.5796E+01    5.2779E+01    2.1355E+01    1.6293E+01    1.6163E+01    7.1809E+01    4.9144E+01    1.3910E+01    4.3664E+00    1.5564E+01    1.4731E+01    9.6979E+00   
 2.8864E+02    4.5783E+01    5.2774E+01    2.1184E+01    1.6219E+01    1.6206E+01    7.1831E+01    4.9206E+01    1.3941E+01    4.3664E+00    1.5645E+01    1.5011E+01    9.6754E+00   
 2.8973E+02    4.5791E+01    5.2784E+01    2.1326E+01    1.6325E+01    1.6256E+01    7.1832E+01    4.9224E+01    1.3981E+01    4.3664E+00    1.5625E+01    1.4890E+01    9.6754E+00   
 2.9081E+02    4.5794E+01    5.2793E+01    2.1182E+01    1.6307E+01    1.6348E+01    7.1850E+01    4.9254E+01    1.4048E+01    4.4071E+00    1.5645E+01    1.4780E+01    9.6754E+00   
 2.9190E+02    4.5840E+01    5.2821E+01    2.0794E+01    1.6327E+01    1.6416E+01    7.1862E+01    4.9294E+01    1.4111E+01    4.3868E+00    1.5707E+01    1.5133E+01    9.6754E+00   
 2.9299E+02    4.5834E+01    5.2854E+01    2.0854E+01    1.6365E+01    1.6474E+01    7.1885E+01    4.9324E+01    1.4163E+01    4.3664E+00    1.5584E+01    1.4975E+01    9.6754E+00   
 2.9408E+02    4.5837E+01    5.2863E+01    2.0253E+01    1.6393E+01    1.6545E+01    7.1890E+01    4.9361E+01    1.4193E+01    4.4275E+00    1.5625E+01    1.4743E+01    9.7204E+00   
# Time (s)      T1w (C)       T2w (C)       T1a (C)       T2a (C)       T1r (C)       T2r (C)       T3r (C)       T4r (C)       P1 (bar)      P2 (bar)      Pow (W/100)      Qc (l/min)    
 2.9516E+02    4.5870E+01    5.2883E+01    2.0354E+01    1.6453E+01    1.6594E+01    7.1876E+01    4.9351E+01    1.4225E+01    4.3868E+00    1.5625E+01    1.4768E+01    9.6979E+00   
 2.9624E+02    4.5837E+01    5.2892E+01    2.0739E+01    1.6446E+01    1.6633E+01    7.1871E+01    4.9353E+01    1.4253E+01    4.3868E+00    1.5584E+01    1.4950E+01    9.6528E+00   
 2.9734E+02    4.5856E+01    5.2897E+01    2.0623E+01    1.6479E+01    1.6672E+01    7.1881E+01    4.9390E+01    1.4254E+01    4.4071E+00    1.5666E+01    1.4780E+01    9.6754E+00   
 2.9843E+02    4.5873E+01    5.2909E+01    2.1340E+01    1.6469E+01    1.6699E+01    7.1894E+01    4.9405E+01    1.4291E+01    4.4071E+00    1.5645E+01    1.4768E+01    9.6979E+00   
 2.9953E+02    4.5856E+01    5.2900E+01    2.1556E+01    1.6401E+01    1.6755E+01    7.1904E+01    4.9433E+01    1.4314E+01    4.4275E+00    1.5747E+01    1.4780E+01    9.6754E+00   
 3.0062E+02    4.5839E+01    5.2875E+01    2.0744E+01    1.6452E+01    1.6781E+01    7.1898E+01    4.9453E+01    1.4366E+01    4.4071E+00    1.5645E+01    1.4780E+01    9.6979E+00   
 3.0171E+02    4.5820E+01    5.2905E+01    2.0819E+01    1.6460E+01    1.6852E+01    7.1911E+01    4.9490E+01    1.4397E+01    4.4071E+00    1.5747E+01    1.5267E+01    9.6979E+00   
 3.0281E+02    4.5838E+01    5.2912E+01    2.0802E+01    1.6457E+01    1.6898E+01    7.1899E+01    4.9518E+01    1.4427E+01    4.4275E+00    1.5707E+01    1.4780E+01    9.6754E+00   
 3.0393E+02    4.5834E+01    5.2914E+01    2.0415E+01    1.6471E+01    1.6931E+01    7.1901E+01    4.9535E+01    1.4460E+01    4.4479E+00    1.5605E+01    1.5011E+01    9.6979E+00   
 3.0502E+02    4.5820E+01    5.2917E+01    2.0809E+01    1.6543E+01    1.6936E+01    7.1871E+01    4.9507E+01    1.4482E+01    4.4479E+00    1.5809E+01    1.5158E+01    9.6979E+00   
 3.0615E+02    4.5810E+01    5.2911E+01    2.1211E+01    1.6496E+01    1.6940E+01    7.1870E+01    4.9523E+01    1.4478E+01    4.4479E+00    1.5727E+01    1.5072E+01    9.6754E+00   
 3.0723E+02    4.5817E+01    5.2929E+01    2.1223E+01    1.6537E+01    1.6946E+01    7.1847E+01    4.9538E+01    1.4522E+01    4.4683E+00    1.5605E+01    1.5024E+01    9.7204E+00   
 3.0833E+02    4.5826E+01    5.2936E+01    2.0762E+01    1.6596E+01    1.6925E+01    7.1779E+01    4.9537E+01    1.4547E+01    4.4479E+00    1.5686E+01    1.5158E+01    9.7204E+00   
 3.0942E+02    4.5827E+01    5.2946E+01    2.0572E+01    1.6609E+01    1.6921E+01    7.1760E+01    4.9544E+01    1.4569E+01    4.4479E+00    1.5645E+01    1.5036E+01    9.6979E+00   
 3.1050E+02    4.5828E+01    5.2957E+01    2.0422E+01    1.6572E+01    1.6874E+01    7.1709E+01    4.9547E+01    1.4585E+01    4.4683E+00    1.5788E+01    1.4804E+01    9.7204E+00   
 3.1159E+02    4.5803E+01    5.2947E+01    2.0296E+01    1.6538E+01    1.6848E+01    7.1714E+01    4.9586E+01    1.4618E+01    4.4479E+00    1.5788E+01    1.4877E+01    9.6754E+00   
 3.1267E+02    4.5806E+01    5.2957E+01    2.0883E+01    1.6529E+01    1.6790E+01    7.1686E+01    4.9611E+01    1.4618E+01    4.4683E+00    1.5707E+01    1.5304E+01    9.6979E+00   
 3.1375E+02    4.5795E+01    5.2959E+01    2.0901E+01    1.6643E+01    1.6759E+01    7.1651E+01    4.9606E+01    1.4645E+01    4.4683E+00    1.5625E+01    1.5182E+01    9.6754E+00   
 3.1483E+02    4.5806E+01    5.2952E+01    2.0805E+01    1.6638E+01    1.6621E+01    7.1631E+01    4.9598E+01    1.4684E+01    4.4683E+00    1.5645E+01    1.5048E+01    9.6979E+00   
 3.1591E+02    4.5790E+01    5.2955E+01    2.0363E+01    1.6657E+01    1.6466E+01    7.1609E+01    4.9583E+01    1.4724E+01    4.4479E+00    1.5809E+01    1.4853E+01    9.6528E+00   
 3.1700E+02    4.5801E+01    5.2978E+01    2.0302E+01    1.6619E+01    1.6363E+01    7.1576E+01    4.9596E+01    1.4775E+01    4.4275E+00    1.5707E+01    1.5279E+01    9.6754E+00   
 3.1809E+02    4.5824E+01    5.2976E+01    2.0203E+01    1.6702E+01    1.6139E+01    7.1544E+01    4.9616E+01    1.4785E+01    4.4886E+00    1.5788E+01    1.4865E+01    9.6979E+00   
 3.1919E+02    4.5820E+01    5.2991E+01    2.0217E+01    1.6742E+01    1.5872E+01    7.1544E+01    4.9635E+01    1.4804E+01    4.4683E+00    1.5686E+01    1.5292E+01    9.6979E+00   
 3.2027E+02    4.5831E+01    5.2982E+01    2.0013E+01    1.6729E+01    1.5497E+01    7.1534E+01    4.9653E+01    1.4825E+01    4.4886E+00    1.5666E+01    1.4902E+01    9.6979E+00   
 3.2136E+02    4.5820E+01    5.2989E+01    1.9962E+01    1.6705E+01    1.5148E+01    7.1535E+01    4.9631E+01    1.4832E+01    4.5090E+00    1.5666E+01    1.4865E+01    9.7204E+00   
 3.2244E+02    4.5808E+01    5.2976E+01    1.9988E+01    1.6659E+01    1.4646E+01    7.1553E+01    4.9594E+01    1.4824E+01    4.4886E+00    1.5707E+01    1.5121E+01    9.6754E+00   
 3.2352E+02    4.5824E+01    5.2989E+01    2.0265E+01    1.6747E+01    1.4302E+01    7.1530E+01    4.9591E+01    1.4813E+01    4.5090E+00    1.5727E+01    1.5255E+01    9.6754E+00   
 3.2460E+02    4.5809E+01    5.2987E+01    2.1001E+01    1.6667E+01    1.4124E+01    7.1530E+01    4.9567E+01    1.4829E+01    4.4886E+00    1.5686E+01    1.5011E+01    9.6754E+00   
 3.2569E+02    4.5836E+01    5.3019E+01    2.0846E+01    1.6700E+01    1.3831E+01    7.1568E+01    4.9564E+01    1.4828E+01    4.4683E+00    1.5829E+01    1.4926E+01    9.7204E+00   
 3.2678E+02    4.5820E+01    5.3007E+01    2.0748E+01    1.6692E+01    1.3537E+01    7.1569E+01    4.9568E+01    1.4819E+01    4.4886E+00    1.5788E+01    1.5328E+01    9.6979E+00   
# Time (s)      T1w (C)       T2w (C)       T1a (C)       T2a (C)       T1r (C)       T2r (C)       T3r (C)       T4r (C)       P1 (bar)      P2 (bar)      Pow (W/100)      Qc (l/min)    
 3.2788E+02    4.5815E+01    5.2995E+01    2.0597E+01    1.6662E+01    1.3301E+01    7.1582E+01    4.9525E+01    1.4796E+01    4.5090E+00    1.5707E+01    1.4890E+01    9.7204E+00   
 3.2898E+02    4.5817E+01    5.3021E+01    2.0597E+01    1.6674E+01    1.3195E+01    7.1588E+01    4.9466E+01    1.4762E+01    4.4683E+00    1.5768E+01    1.5340E+01    9.6979E+00   
 3.3007E+02    4.5797E+01    5.3026E+01    2.0522E+01    1.6605E+01    1.3004E+01    7.1580E+01    4.9392E+01    1.4718E+01    4.4886E+00    1.5911E+01    1.4890E+01    9.6754E+00   
 3.3117E+02    4.5789E+01    5.3038E+01    2.0794E+01    1.6682E+01    1.2832E+01    7.1562E+01    4.9285E+01    1.4635E+01    4.4479E+00    1.5747E+01    1.5109E+01    9.6979E+00   
 3.3227E+02    4.5782E+01    5.3047E+01    2.1075E+01    1.6644E+01    1.2706E+01    7.1582E+01    4.9197E+01    1.4545E+01    4.4275E+00    1.5829E+01    1.5304E+01    9.6754E+00   
 3.3342E+02    4.5783E+01    5.3046E+01    2.1225E+01    1.6616E+01    1.2648E+01    7.1568E+01    4.9078E+01    1.4488E+01    4.4275E+00    1.5788E+01    1.4865E+01    9.6528E+00   
 3.3451E+02    4.5812E+01    5.3080E+01    2.1321E+01    1.6552E+01    1.2547E+01    7.1596E+01    4.8972E+01    1.4411E+01    4.4275E+00    1.5890E+01    1.4865E+01    9.6754E+00   
 3.3562E+02    4.5812E+01    5.3093E+01    2.1398E+01    1.6618E+01    1.2480E+01    7.1649E+01    4.8872E+01    1.4396E+01    4.3868E+00    1.5747E+01    1.4853E+01    9.6754E+00   
 3.3671E+02    4.5830E+01    5.3129E+01    2.1096E+01    1.6530E+01    1.2369E+01    7.1669E+01    4.8813E+01    1.4325E+01    4.3868E+00    1.5931E+01    1.4853E+01    9.6528E+00   
 3.3780E+02    4.5834E+01    5.3108E+01    2.1413E+01    1.6496E+01    1.2336E+01    7.1698E+01    4.8699E+01    1.4264E+01    4.3664E+00    1.5829E+01    1.5377E+01    9.6528E+00   
 3.3888E+02    4.5827E+01    5.3133E+01    2.1463E+01    1.6464E+01    1.2284E+01    7.1655E+01    4.8636E+01    1.4230E+01    4.3868E+00    1.5870E+01    1.4877E+01    9.6754E+00   
 3.3997E+02    4.5847E+01    5.3123E+01    2.1594E+01    1.6501E+01    1.2210E+01    7.1621E+01    4.8522E+01    1.4183E+01    4.3460E+00    1.5809E+01    1.5279E+01    9.6302E+00   
 3.4106E+02    4.5834E+01    5.3129E+01    2.1497E+01    1.6449E+01    1.2135E+01    7.1580E+01    4.8431E+01    1.4104E+01    4.3664E+00    1.5768E+01    1.4975E+01    9.6754E+00   
 3.4214E+02    4.5829E+01    5.3126E+01    2.1075E+01    1.6423E+01    1.2103E+01    7.1535E+01    4.8343E+01    1.4023E+01    4.3664E+00    1.5768E+01    1.4865E+01    9.6528E+00   
 3.4322E+02    4.5842E+01    5.3124E+01    2.1131E+01    1.6415E+01    1.2041E+01    7.1505E+01    4.8214E+01    1.4022E+01    4.3460E+00    1.5768E+01    1.4829E+01    9.6302E+00   
 3.4430E+02    4.5856E+01    5.3128E+01    2.0637E+01    1.6352E+01    1.2015E+01    7.1496E+01    4.8107E+01    1.3926E+01    4.3460E+00    1.5829E+01    1.5316E+01    9.6528E+00   
 3.4539E+02    4.5849E+01    5.3129E+01    2.0714E+01    1.6311E+01    1.2027E+01    7.1493E+01    4.8039E+01    1.3875E+01    4.3257E+00    1.5829E+01    1.4829E+01    9.6528E+00   
 3.4648E+02    4.5863E+01    5.3143E+01    2.0990E+01    1.6242E+01    1.2052E+01    7.1545E+01    4.7895E+01    1.3765E+01    4.3257E+00    1.5788E+01    1.4938E+01    9.6754E+00   
 3.4757E+02    4.5840E+01    5.3124E+01    2.1330E+01    1.6206E+01    1.2164E+01    7.1611E+01    4.7817E+01    1.3764E+01    4.3257E+00    1.5890E+01    1.5182E+01    9.6979E+00   
 3.4865E+02    4.5857E+01    5.3121E+01    2.1395E+01    1.6220E+01    1.2275E+01    7.1636E+01    4.7768E+01    1.3720E+01    4.3053E+00    1.5890E+01    1.4816E+01    9.5847E+00   
