# Run number 04 on Wed May 22 16:02:08 2024
# Time (s)      T1w (C)       T2w (C)       T1a (C)       T2a (C)       T1r (C)       T2r (C)       T3r (C)       T4r (C)       P1 (bar)      P2 (bar)      Pow (W/100)      Qc (l/min)    
 3.2337E-01    4.5192E+01    5.0975E+01    1.9818E+01    1.6127E+01    1.4388E+01    7.0464E+01    4.8164E+01    1.4475E+01    4.3816E+00    1.5008E+01    1.4790E+01    1.3887E+01   
 1.4687E+00    4.5194E+01    5.1011E+01    1.9782E+01    1.6158E+01    1.4054E+01    7.0391E+01    4.8127E+01    1.4443E+01    4.4223E+00    1.5069E+01    1.4582E+01    1.3887E+01   
 2.5628E+00    4.5187E+01    5.1011E+01    1.9907E+01    1.6137E+01    1.3913E+01    7.0301E+01    4.8100E+01    1.4398E+01    4.4019E+00    1.5049E+01    1.4643E+01    1.4017E+01   
 3.6511E+00    4.5201E+01    5.1027E+01    2.0019E+01    1.6153E+01    1.3677E+01    7.0254E+01    4.8055E+01    1.4369E+01    4.4019E+00    1.5090E+01    1.4668E+01    1.3965E+01   
 4.7401E+00    4.5204E+01    5.1055E+01    1.9996E+01    1.6141E+01    1.3446E+01    7.0212E+01    4.8013E+01    1.4305E+01    4.4019E+00    1.5090E+01    1.4889E+01    1.3965E+01   
 5.8282E+00    4.5199E+01    5.1066E+01    2.0084E+01    1.6092E+01    1.3237E+01    7.0177E+01    4.7949E+01    1.4254E+01    4.3612E+00    1.5069E+01    1.4778E+01    1.3965E+01   
 6.9234E+00    4.5190E+01    5.1069E+01    2.0132E+01    1.6122E+01    1.3134E+01    7.0125E+01    4.7832E+01    1.4202E+01    4.3408E+00    1.5090E+01    1.4594E+01    1.3939E+01   
 8.0195E+00    4.5188E+01    5.1083E+01    2.0121E+01    1.6043E+01    1.2931E+01    7.0089E+01    4.7748E+01    1.4140E+01    4.3612E+00    1.5232E+01    1.4594E+01    1.3939E+01   
 9.1087E+00    4.5199E+01    5.1100E+01    1.9904E+01    1.5955E+01    1.2780E+01    7.0096E+01    4.7722E+01    1.4087E+01    4.3612E+00    1.5069E+01    1.4656E+01    1.3965E+01   
 1.0197E+01    4.5197E+01    5.1105E+01    1.9687E+01    1.5949E+01    1.2658E+01    7.0109E+01    4.7598E+01    1.4038E+01    4.3612E+00    1.5212E+01    1.5036E+01    1.3939E+01   
 1.1284E+01    4.5210E+01    5.1136E+01    1.9679E+01    1.5988E+01    1.2597E+01    7.0140E+01    4.7482E+01    1.4034E+01    4.3408E+00    1.5110E+01    1.5085E+01    1.3965E+01   
 1.2372E+01    4.5211E+01    5.1120E+01    1.9575E+01    1.5930E+01    1.2435E+01    7.0101E+01    4.7332E+01    1.3962E+01    4.3612E+00    1.5232E+01    1.5085E+01    1.3939E+01   
 1.3461E+01    4.5212E+01    5.1126E+01    1.9466E+01    1.5891E+01    1.2316E+01    7.0095E+01    4.7253E+01    1.3879E+01    4.3408E+00    1.5110E+01    1.5060E+01    1.3939E+01   
 1.4549E+01    4.5202E+01    5.1153E+01    1.9406E+01    1.5854E+01    1.2211E+01    7.0104E+01    4.7104E+01    1.3802E+01    4.3612E+00    1.5151E+01    1.4594E+01    1.3965E+01   
 1.5645E+01    4.5202E+01    5.1145E+01    1.9397E+01    1.5818E+01    1.2162E+01    7.0093E+01    4.6962E+01    1.3750E+01    4.3612E+00    1.5191E+01    1.4962E+01    1.3913E+01   
 1.6741E+01    4.5214E+01    5.1147E+01    1.9377E+01    1.5779E+01    1.2072E+01    7.0134E+01    4.6848E+01    1.3696E+01    4.3408E+00    1.5273E+01    1.4619E+01    1.3913E+01   
 1.7830E+01    4.5188E+01    5.1142E+01    1.9358E+01    1.5752E+01    1.1999E+01    7.0141E+01    4.6780E+01    1.3595E+01    4.3205E+00    1.5130E+01    1.4974E+01    1.3965E+01   
 1.8926E+01    4.5188E+01    5.1134E+01    1.9352E+01    1.5769E+01    1.1976E+01    7.0175E+01    4.6645E+01    1.3537E+01    4.3205E+00    1.5171E+01    1.5048E+01    1.4043E+01   
 2.0015E+01    4.5199E+01    5.1152E+01    1.9390E+01    1.5600E+01    1.1908E+01    7.0198E+01    4.6500E+01    1.3485E+01    4.3001E+00    1.5191E+01    1.4852E+01    1.3991E+01   
 2.1111E+01    4.5173E+01    5.1135E+01    1.9373E+01    1.5524E+01    1.1919E+01    7.0241E+01    4.6337E+01    1.3424E+01    4.3205E+00    1.5191E+01    1.5097E+01    1.3939E+01   
 2.2205E+01    4.5175E+01    5.1135E+01    1.9427E+01    1.5497E+01    1.1952E+01    7.0252E+01    4.6287E+01    1.3374E+01    4.2797E+00    1.5151E+01    1.5023E+01    1.3965E+01   
 2.3295E+01    4.5183E+01    5.1144E+01    1.9486E+01    1.5512E+01    1.1978E+01    7.0267E+01    4.6117E+01    1.3302E+01    4.2797E+00    1.5232E+01    1.5036E+01    1.3913E+01   
 2.4382E+01    4.5190E+01    5.1128E+01    1.9495E+01    1.5501E+01    1.2046E+01    7.0302E+01    4.5974E+01    1.3256E+01    4.2593E+00    1.5212E+01    1.4864E+01    1.3913E+01   
 2.5470E+01    4.5174E+01    5.1126E+01    1.9498E+01    1.5417E+01    1.2160E+01    7.0308E+01    4.5902E+01    1.3161E+01    4.2390E+00    1.5253E+01    1.4876E+01    1.3887E+01   
 2.6559E+01    4.5176E+01    5.1128E+01    1.9489E+01    1.5409E+01    1.2305E+01    7.0367E+01    4.5819E+01    1.3097E+01    4.2593E+00    1.5130E+01    1.4692E+01    1.3965E+01   
 2.7647E+01    4.5182E+01    5.1133E+01    1.9506E+01    1.5396E+01    1.2374E+01    7.0395E+01    4.5720E+01    1.3051E+01    4.2390E+00    1.5191E+01    1.4557E+01    1.3991E+01   
 2.8734E+01    4.5187E+01    5.1120E+01    1.9473E+01    1.5338E+01    1.2547E+01    7.0383E+01    4.5668E+01    1.3021E+01    4.1982E+00    1.5130E+01    1.4533E+01    1.3939E+01   
 2.9822E+01    4.5189E+01    5.1085E+01    1.9460E+01    1.5402E+01    1.2696E+01    7.0356E+01    4.5625E+01    1.2994E+01    4.2186E+00    1.5069E+01    1.4962E+01    1.3887E+01   
 3.0927E+01    4.5181E+01    5.1081E+01    1.9470E+01    1.5311E+01    1.2865E+01    7.0334E+01    4.5572E+01    1.3006E+01    4.2186E+00    1.5110E+01    1.4913E+01    1.3965E+01   
 3.2016E+01    4.5182E+01    5.1069E+01    1.9521E+01    1.5328E+01    1.2939E+01    7.0404E+01    4.5561E+01    1.2977E+01    4.1982E+00    1.5130E+01    1.4729E+01    1.3913E+01   
# Time (s)      T1w (C)       T2w (C)       T1a (C)       T2a (C)       T1r (C)       T2r (C)       T3r (C)       T4r (C)       P1 (bar)      P2 (bar)      Pow (W/100)      Qc (l/min)    
 3.3168E+01    4.5197E+01    5.1045E+01    1.9532E+01    1.5397E+01    1.3104E+01    7.0467E+01    4.5559E+01    1.2939E+01    4.1779E+00    1.5008E+01    1.4508E+01    1.3939E+01   
 3.4258E+01    4.5202E+01    5.0995E+01    1.9508E+01    1.5418E+01    1.3274E+01    7.0457E+01    4.5546E+01    1.2938E+01    4.1779E+00    1.5049E+01    1.4889E+01    1.3939E+01   
 3.5335E+01    4.5197E+01    5.0998E+01    1.9500E+01    1.5432E+01    1.3442E+01    7.0447E+01    4.5571E+01    1.2985E+01    4.2186E+00    1.5090E+01    1.4606E+01    1.3939E+01   
 3.6424E+01    4.5207E+01    5.0988E+01    1.9574E+01    1.5365E+01    1.3515E+01    7.0465E+01    4.5592E+01    1.3007E+01    4.1982E+00    1.5049E+01    1.4521E+01    1.3913E+01   
 3.7504E+01    4.5196E+01    5.0974E+01    1.9508E+01    1.5367E+01    1.3660E+01    7.0475E+01    4.5678E+01    1.3060E+01    4.1982E+00    1.5028E+01    1.4557E+01    1.3991E+01   
 3.8593E+01    4.5224E+01    5.0964E+01    1.9462E+01    1.5411E+01    1.3816E+01    7.0483E+01    4.5716E+01    1.3099E+01    4.1779E+00    1.5049E+01    1.4803E+01    1.3991E+01   
 3.9682E+01    4.5216E+01    5.0947E+01    1.9458E+01    1.5425E+01    1.3887E+01    7.0542E+01    4.5795E+01    1.3103E+01    4.1982E+00    1.5008E+01    1.4839E+01    1.3939E+01   
 4.0769E+01    4.5226E+01    5.0944E+01    1.9466E+01    1.5428E+01    1.4019E+01    7.0583E+01    4.5825E+01    1.3105E+01    4.1982E+00    1.5028E+01    1.4656E+01    1.4017E+01   
 4.1857E+01    4.5249E+01    5.0938E+01    1.9483E+01    1.5450E+01    1.4154E+01    7.0629E+01    4.5948E+01    1.3129E+01    4.1982E+00    1.5008E+01    1.4619E+01    1.3939E+01   
 4.2946E+01    4.5239E+01    5.0929E+01    1.9470E+01    1.5405E+01    1.4288E+01    7.0673E+01    4.5978E+01    1.3180E+01    4.1779E+00    1.4988E+01    1.4472E+01    1.3913E+01   
 4.4034E+01    4.5254E+01    5.0933E+01    1.9444E+01    1.5403E+01    1.4369E+01    7.0739E+01    4.6121E+01    1.3213E+01    4.1982E+00    1.4988E+01    1.4459E+01    1.3913E+01   
 4.5121E+01    4.5260E+01    5.0941E+01    1.9467E+01    1.5429E+01    1.4469E+01    7.0795E+01    4.6238E+01    1.3211E+01    4.2186E+00    1.4988E+01    1.4557E+01    1.4017E+01   
 4.6210E+01    4.5267E+01    5.0940E+01    1.9488E+01    1.5550E+01    1.4615E+01    7.0822E+01    4.6299E+01    1.3278E+01    4.2390E+00    1.5049E+01    1.4484E+01    1.3913E+01   
 4.7305E+01    4.5282E+01    5.0928E+01    1.9414E+01    1.5604E+01    1.4760E+01    7.0868E+01    4.6441E+01    1.3315E+01    4.1982E+00    1.5028E+01    1.4827E+01    1.3913E+01   
 4.8387E+01    4.5290E+01    5.0944E+01    1.9448E+01    1.5653E+01    1.4804E+01    7.0912E+01    4.6545E+01    1.3318E+01    4.2390E+00    1.5028E+01    1.4594E+01    1.3991E+01   
 4.9480E+01    4.5288E+01    5.0931E+01    1.9419E+01    1.5586E+01    1.4925E+01    7.0944E+01    4.6660E+01    1.3358E+01    4.2186E+00    1.4988E+01    1.4557E+01    1.3913E+01   
 5.0562E+01    4.5282E+01    5.0934E+01    1.9441E+01    1.5591E+01    1.5016E+01    7.0938E+01    4.6712E+01    1.3359E+01    4.2186E+00    1.5008E+01    1.4496E+01    1.3991E+01   
 5.1651E+01    4.5291E+01    5.0931E+01    1.9435E+01    1.5596E+01    1.5063E+01    7.0911E+01    4.6791E+01    1.3382E+01    4.1982E+00    1.5008E+01    1.4864E+01    1.3939E+01   
 5.2746E+01    4.5286E+01    5.0951E+01    1.9481E+01    1.5681E+01    1.5190E+01    7.0882E+01    4.6919E+01    1.3416E+01    4.2186E+00    1.5008E+01    1.4521E+01    1.3939E+01   
 5.3833E+01    4.5299E+01    5.0958E+01    1.9476E+01    1.5705E+01    1.5277E+01    7.0873E+01    4.7024E+01    1.3422E+01    4.2390E+00    1.4988E+01    1.4459E+01    1.3913E+01   
 5.4921E+01    4.5326E+01    5.0992E+01    1.9517E+01    1.5650E+01    1.5376E+01    7.0859E+01    4.7069E+01    1.3444E+01    4.2390E+00    1.4967E+01    1.4508E+01    1.3887E+01   
 5.5998E+01    4.5307E+01    5.0985E+01    1.9490E+01    1.5748E+01    1.5432E+01    7.0858E+01    4.7178E+01    1.3482E+01    4.2390E+00    1.5069E+01    1.4705E+01    1.3939E+01   
 5.7074E+01    4.5302E+01    5.0983E+01    1.9468E+01    1.5754E+01    1.5514E+01    7.0825E+01    4.7263E+01    1.3495E+01    4.2593E+00    1.5008E+01    1.4472E+01    1.3991E+01   
 5.8161E+01    4.5302E+01    5.0992E+01    1.9471E+01    1.5714E+01    1.5612E+01    7.0803E+01    4.7322E+01    1.3527E+01    4.2593E+00    1.5090E+01    1.4729E+01    1.3887E+01   
 5.9250E+01    4.5323E+01    5.0982E+01    1.9504E+01    1.5755E+01    1.5687E+01    7.0774E+01    4.7404E+01    1.3583E+01    4.2593E+00    1.4988E+01    1.4913E+01    1.4043E+01   
 6.0339E+01    4.5309E+01    5.0980E+01    1.9526E+01    1.5744E+01    1.5732E+01    7.0749E+01    4.7460E+01    1.3600E+01    4.2797E+00    1.5049E+01    1.4815E+01    1.3965E+01   
 6.1427E+01    4.5322E+01    5.1019E+01    1.9542E+01    1.5772E+01    1.5805E+01    7.0735E+01    4.7522E+01    1.3621E+01    4.2593E+00    1.5049E+01    1.4508E+01    1.3991E+01   
 6.2514E+01    4.5327E+01    5.1003E+01    1.9634E+01    1.5847E+01    1.5880E+01    7.0704E+01    4.7541E+01    1.3646E+01    4.2593E+00    1.4967E+01    1.4778E+01    1.3939E+01   
 6.3602E+01    4.5323E+01    5.1022E+01    1.9613E+01    1.5845E+01    1.5958E+01    7.0678E+01    4.7598E+01    1.3701E+01    4.2797E+00    1.5069E+01    1.4508E+01    1.3939E+01   
 6.4747E+01    4.5330E+01    5.1030E+01    1.9672E+01    1.5838E+01    1.5992E+01    7.0659E+01    4.7654E+01    1.3725E+01    4.2797E+00    1.5049E+01    1.4508E+01    1.3913E+01   
# Time (s)      T1w (C)       T2w (C)       T1a (C)       T2a (C)       T1r (C)       T2r (C)       T3r (C)       T4r (C)       P1 (bar)      P2 (bar)      Pow (W/100)      Qc (l/min)    
 6.5835E+01    4.5330E+01    5.1028E+01    1.9620E+01    1.5906E+01    1.6078E+01    7.0685E+01    4.7723E+01    1.3759E+01    4.2797E+00    1.5069E+01    1.4508E+01    1.3913E+01   
 6.6948E+01    4.5336E+01    5.1041E+01    1.9569E+01    1.5887E+01    1.6117E+01    7.0700E+01    4.7725E+01    1.3775E+01    4.2593E+00    1.5069E+01    1.4852E+01    1.3887E+01   
 6.8029E+01    4.5330E+01    5.1043E+01    1.9630E+01    1.5864E+01    1.6178E+01    7.0704E+01    4.7758E+01    1.3791E+01    4.2797E+00    1.5069E+01    1.4790E+01    1.3991E+01   
 6.9123E+01    4.5348E+01    5.1033E+01    1.9585E+01    1.5908E+01    1.6196E+01    7.0652E+01    4.7767E+01    1.3786E+01    4.3205E+00    1.5028E+01    1.4594E+01    1.3965E+01   
 7.0208E+01    4.5337E+01    5.1038E+01    1.9597E+01    1.5949E+01    1.6261E+01    7.0631E+01    4.7807E+01    1.3850E+01    4.3205E+00    1.5110E+01    1.4839E+01    1.3939E+01   
 7.1280E+01    4.5340E+01    5.1047E+01    1.9544E+01    1.5927E+01    1.6316E+01    7.0600E+01    4.7823E+01    1.3849E+01    4.3001E+00    1.5028E+01    1.4643E+01    1.3939E+01   
 7.2349E+01    4.5329E+01    5.1035E+01    1.9513E+01    1.5880E+01    1.6338E+01    7.0536E+01    4.7840E+01    1.3872E+01    4.3001E+00    1.5069E+01    1.4508E+01    1.3965E+01   
 7.3437E+01    4.5318E+01    5.1026E+01    1.9447E+01    1.5882E+01    1.6382E+01    7.0573E+01    4.7877E+01    1.3881E+01    4.3205E+00    1.5151E+01    1.4521E+01    1.3965E+01   
 7.4518E+01    4.5305E+01    5.1018E+01    1.9409E+01    1.5853E+01    1.6409E+01    7.0573E+01    4.7887E+01    1.3883E+01    4.3205E+00    1.5028E+01    1.4582E+01    1.3939E+01   
 7.5607E+01    4.5275E+01    5.1017E+01    1.9454E+01    1.5937E+01    1.6457E+01    7.0612E+01    4.7928E+01    1.3907E+01    4.3408E+00    1.5049E+01    1.4778E+01    1.3939E+01   
 7.6686E+01    4.5275E+01    5.1010E+01    1.9435E+01    1.5939E+01    1.6453E+01    7.0590E+01    4.7913E+01    1.3874E+01    4.3001E+00    1.5028E+01    1.4790E+01    1.3913E+01   
 7.7766E+01    4.5296E+01    5.1029E+01    1.9409E+01    1.5912E+01    1.6503E+01    7.0559E+01    4.7928E+01    1.3888E+01    4.3408E+00    1.5028E+01    1.4582E+01    1.3939E+01   
 7.8847E+01    4.5317E+01    5.1056E+01    1.9485E+01    1.5931E+01    1.6572E+01    7.0570E+01    4.7951E+01    1.3922E+01    4.3408E+00    1.5008E+01    1.4557E+01    1.3965E+01   
 7.9927E+01    4.5320E+01    5.1062E+01    1.9511E+01    1.5931E+01    1.6578E+01    7.0536E+01    4.7980E+01    1.3943E+01    4.3205E+00    1.4988E+01    1.4631E+01    1.3913E+01   
 8.1007E+01    4.5317E+01    5.1062E+01    1.9461E+01    1.5932E+01    1.6608E+01    7.0528E+01    4.7996E+01    1.3925E+01    4.3408E+00    1.5110E+01    1.4680E+01    1.3965E+01   
 8.2093E+01    4.5309E+01    5.1056E+01    1.9394E+01    1.5976E+01    1.6629E+01    7.0499E+01    4.8020E+01    1.3963E+01    4.3205E+00    1.5049E+01    1.4557E+01    1.3939E+01   
 8.3190E+01    4.5337E+01    5.1087E+01    1.9407E+01    1.5906E+01    1.6638E+01    7.0474E+01    4.7997E+01    1.3976E+01    4.3205E+00    1.5008E+01    1.4962E+01    1.3913E+01   
 8.4286E+01    4.5354E+01    5.1091E+01    1.9450E+01    1.5931E+01    1.6674E+01    7.0501E+01    4.8026E+01    1.4016E+01    4.3205E+00    1.5049E+01    1.4533E+01    1.3939E+01   
 8.5381E+01    4.5321E+01    5.1078E+01    1.9443E+01    1.5928E+01    1.6692E+01    7.0506E+01    4.8033E+01    1.4038E+01    4.3612E+00    1.5028E+01    1.5011E+01    1.3887E+01   
 8.6463E+01    4.5318E+01    5.1069E+01    1.9421E+01    1.5935E+01    1.6714E+01    7.0516E+01    4.8053E+01    1.4039E+01    4.3612E+00    1.5049E+01    1.4876E+01    1.3965E+01   
 8.7552E+01    4.5292E+01    5.1060E+01    1.9434E+01    1.5888E+01    1.6749E+01    7.0554E+01    4.8070E+01    1.4075E+01    4.3612E+00    1.5090E+01    1.4852E+01    1.3913E+01   
 8.8632E+01    4.5306E+01    5.1066E+01    1.9442E+01    1.5948E+01    1.6763E+01    7.0575E+01    4.8069E+01    1.4093E+01    4.3612E+00    1.5069E+01    1.4680E+01    1.3913E+01   
 8.9712E+01    4.5303E+01    5.1070E+01    1.9429E+01    1.5964E+01    1.6792E+01    7.0559E+01    4.8091E+01    1.4090E+01    4.3612E+00    1.5049E+01    1.4680E+01    1.3939E+01   
 9.0792E+01    4.5312E+01    5.1078E+01    1.9497E+01    1.5979E+01    1.6797E+01    7.0537E+01    4.8097E+01    1.4100E+01    4.3816E+00    1.5049E+01    1.4815E+01    1.3939E+01   
 9.1873E+01    4.5298E+01    5.1083E+01    1.9498E+01    1.5961E+01    1.6806E+01    7.0553E+01    4.8076E+01    1.4131E+01    4.3612E+00    1.5028E+01    1.4839E+01    1.3887E+01   
 9.2953E+01    4.5326E+01    5.1089E+01    1.9496E+01    1.5987E+01    1.6828E+01    7.0569E+01    4.8121E+01    1.4144E+01    4.3816E+00    1.5028E+01    1.4717E+01    1.3965E+01   
 9.4032E+01    4.5319E+01    5.1085E+01    1.9490E+01    1.5991E+01    1.6852E+01    7.0561E+01    4.8123E+01    1.4170E+01    4.4019E+00    1.5049E+01    1.4729E+01    1.3965E+01   
 9.5112E+01    4.5327E+01    5.1110E+01    1.9463E+01    1.6014E+01    1.6850E+01    7.0563E+01    4.8146E+01    1.4206E+01    4.3612E+00    1.5028E+01    1.4950E+01    1.3991E+01   
 9.6193E+01    4.5323E+01    5.1098E+01    1.9455E+01    1.6011E+01    1.6858E+01    7.0598E+01    4.8175E+01    1.4224E+01    4.3612E+00    1.5090E+01    1.5023E+01    1.3965E+01   
 9.7274E+01    4.5332E+01    5.1098E+01    1.9496E+01    1.5968E+01    1.6873E+01    7.0616E+01    4.8185E+01    1.4246E+01    4.3816E+00    1.5171E+01    1.4754E+01    1.3913E+01   
# Time (s)      T1w (C)       T2w (C)       T1a (C)       T2a (C)       T1r (C)       T2r (C)       T3r (C)       T4r (C)       P1 (bar)      P2 (bar)      Pow (W/100)      Qc (l/min)    
 9.8359E+01    4.5338E+01    5.1103E+01    1.9508E+01    1.6004E+01    1.6902E+01    7.0587E+01    4.8191E+01    1.4276E+01    4.4019E+00    1.5110E+01    1.5036E+01    1.3913E+01   
 9.9447E+01    4.5358E+01    5.1128E+01    1.9526E+01    1.6015E+01    1.6894E+01    7.0567E+01    4.8217E+01    1.4307E+01    4.4019E+00    1.5151E+01    1.5085E+01    1.3913E+01   
 1.0054E+02    4.5369E+01    5.1141E+01    1.9549E+01    1.6036E+01    1.6902E+01    7.0530E+01    4.8233E+01    1.4307E+01    4.3816E+00    1.5110E+01    1.4889E+01    1.3939E+01   
 1.0162E+02    4.5355E+01    5.1154E+01    1.9525E+01    1.6036E+01    1.6910E+01    7.0535E+01    4.8223E+01    1.4300E+01    4.4019E+00    1.5130E+01    1.4619E+01    1.3887E+01   
 1.0272E+02    4.5376E+01    5.1177E+01    1.9504E+01    1.5996E+01    1.6910E+01    7.0551E+01    4.8247E+01    1.4323E+01    4.4223E+00    1.5191E+01    1.5085E+01    1.3913E+01   
 1.0382E+02    4.5390E+01    5.1194E+01    1.9478E+01    1.6071E+01    1.6922E+01    7.0603E+01    4.8273E+01    1.4348E+01    4.4019E+00    1.5171E+01    1.5048E+01    1.3939E+01   
 1.0494E+02    4.5378E+01    5.1176E+01    1.9473E+01    1.5966E+01    1.6920E+01    7.0675E+01    4.8310E+01    1.4367E+01    4.4223E+00    1.5049E+01    1.5085E+01    1.3939E+01   
 1.0603E+02    4.5374E+01    5.1166E+01    1.9502E+01    1.6018E+01    1.6926E+01    7.0675E+01    4.8303E+01    1.4383E+01    4.4019E+00    1.5171E+01    1.5011E+01    1.3965E+01   
 1.0714E+02    4.5356E+01    5.1154E+01    1.9482E+01    1.5939E+01    1.6899E+01    7.0644E+01    4.8315E+01    1.4365E+01    4.4019E+00    1.5110E+01    1.4668E+01    1.3965E+01   
 1.0825E+02    4.5366E+01    5.1167E+01    1.9472E+01    1.6016E+01    1.6868E+01    7.0660E+01    4.8302E+01    1.4368E+01    4.4019E+00    1.5212E+01    1.4729E+01    1.3965E+01   
 1.0935E+02    4.5366E+01    5.1168E+01    1.9507E+01    1.6008E+01    1.6822E+01    7.0719E+01    4.8331E+01    1.4366E+01    4.4019E+00    1.5069E+01    1.4790E+01    1.3965E+01   
 1.1044E+02    4.5391E+01    5.1193E+01    1.9569E+01    1.6030E+01    1.6765E+01    7.0731E+01    4.8325E+01    1.4375E+01    4.4019E+00    1.5069E+01    1.4631E+01    1.3991E+01   
 1.1152E+02    4.5396E+01    5.1195E+01    1.9548E+01    1.6064E+01    1.6676E+01    7.0762E+01    4.8318E+01    1.4414E+01    4.3816E+00    1.5171E+01    1.5073E+01    1.3835E+01   
 1.1260E+02    4.5368E+01    5.1192E+01    1.9502E+01    1.6038E+01    1.6642E+01    7.0761E+01    4.8351E+01    1.4414E+01    4.3816E+00    1.5049E+01    1.4901E+01    1.3991E+01   
 1.1367E+02    4.5387E+01    5.1193E+01    1.9464E+01    1.6073E+01    1.6530E+01    7.0820E+01    4.8358E+01    1.4455E+01    4.4019E+00    1.5049E+01    1.4692E+01    1.3913E+01   
 1.1476E+02    4.5375E+01    5.1174E+01    1.9465E+01    1.5971E+01    1.6366E+01    7.0841E+01    4.8363E+01    1.4470E+01    4.3816E+00    1.5069E+01    1.4680E+01    1.3913E+01   
 1.1584E+02    4.5377E+01    5.1172E+01    1.9469E+01    1.6077E+01    1.6245E+01    7.0884E+01    4.8360E+01    1.4488E+01    4.3816E+00    1.5069E+01    1.4852E+01    1.3991E+01   
 1.1692E+02    4.5382E+01    5.1170E+01    1.9495E+01    1.6051E+01    1.5882E+01    7.0939E+01    4.8388E+01    1.4495E+01    4.4019E+00    1.5110E+01    1.4815E+01    1.3965E+01   
 1.1800E+02    4.5380E+01    5.1173E+01    1.9530E+01    1.6083E+01    1.5266E+01    7.0945E+01    4.8422E+01    1.4537E+01    4.3816E+00    1.5191E+01    1.4643E+01    1.3887E+01   
 1.1908E+02    4.5378E+01    5.1167E+01    1.9503E+01    1.6075E+01    1.4712E+01    7.0952E+01    4.8399E+01    1.4546E+01    4.3816E+00    1.5191E+01    1.4631E+01    1.3913E+01   
 1.2016E+02    4.5389E+01    5.1183E+01    1.9482E+01    1.6093E+01    1.4489E+01    7.0898E+01    4.8406E+01    1.4528E+01    4.3816E+00    1.5212E+01    1.4692E+01    1.3939E+01   
 1.2124E+02    4.5391E+01    5.1200E+01    1.9503E+01    1.6104E+01    1.4094E+01    7.0819E+01    4.8378E+01    1.4504E+01    4.4019E+00    1.5212E+01    1.4680E+01    1.3939E+01   
 1.2232E+02    4.5400E+01    5.1210E+01    1.9481E+01    1.6123E+01    1.3798E+01    7.0775E+01    4.8362E+01    1.4465E+01    4.4019E+00    1.5171E+01    1.5023E+01    1.3991E+01   
 1.2340E+02    4.5392E+01    5.1244E+01    1.9449E+01    1.6042E+01    1.3509E+01    7.0710E+01    4.8323E+01    1.4393E+01    4.3816E+00    1.5130E+01    1.4680E+01    1.3939E+01   
 1.2449E+02    4.5403E+01    5.1249E+01    1.9482E+01    1.5964E+01    1.3386E+01    7.0702E+01    4.8215E+01    1.4329E+01    4.3816E+00    1.5151E+01    1.4754E+01    1.4043E+01   
 1.2557E+02    4.5404E+01    5.1255E+01    1.9516E+01    1.5981E+01    1.3157E+01    7.0709E+01    4.8109E+01    1.4274E+01    4.4019E+00    1.5232E+01    1.4925E+01    1.4017E+01   
 1.2665E+02    4.5414E+01    5.1304E+01    1.9476E+01    1.5954E+01    1.2946E+01    7.0701E+01    4.8044E+01    1.4202E+01    4.3612E+00    1.5191E+01    1.4668E+01    1.3913E+01   
 1.2773E+02    4.5426E+01    5.1338E+01    1.9489E+01    1.6030E+01    1.2860E+01    7.0733E+01    4.7949E+01    1.4132E+01    4.3816E+00    1.5232E+01    1.4656E+01    1.3991E+01   
 1.2881E+02    4.5449E+01    5.1352E+01    1.9514E+01    1.5975E+01    1.2686E+01    7.0712E+01    4.7845E+01    1.4093E+01    4.3408E+00    1.5212E+01    1.4643E+01    1.3939E+01   
 1.2989E+02    4.5459E+01    5.1371E+01    1.9492E+01    1.6027E+01    1.2515E+01    7.0686E+01    4.7743E+01    1.4042E+01    4.3612E+00    1.5355E+01    1.4876E+01    1.3939E+01   
# Time (s)      T1w (C)       T2w (C)       T1a (C)       T2a (C)       T1r (C)       T2r (C)       T3r (C)       T4r (C)       P1 (bar)      P2 (bar)      Pow (W/100)      Qc (l/min)    
 1.3099E+02    4.5445E+01    5.1370E+01    1.9479E+01    1.5870E+01    1.2380E+01    7.0647E+01    4.7672E+01    1.3938E+01    4.3408E+00    1.5232E+01    1.4643E+01    1.3991E+01   
 1.3207E+02    4.5437E+01    5.1362E+01    1.9455E+01    1.5858E+01    1.2302E+01    7.0629E+01    4.7514E+01    1.3834E+01    4.3408E+00    1.5212E+01    1.4643E+01    1.3965E+01   
 1.3315E+02    4.5418E+01    5.1369E+01    1.9489E+01    1.5883E+01    1.2165E+01    7.0625E+01    4.7360E+01    1.3763E+01    4.3408E+00    1.5212E+01    1.4656E+01    1.3913E+01   
 1.3423E+02    4.5429E+01    5.1381E+01    1.9486E+01    1.5842E+01    1.2092E+01    7.0673E+01    4.7276E+01    1.3693E+01    4.3001E+00    1.5253E+01    1.4766E+01    1.3913E+01   
 1.3531E+02    4.5454E+01    5.1406E+01    1.9505E+01    1.5793E+01    1.2014E+01    7.0663E+01    4.7104E+01    1.3670E+01    4.3205E+00    1.5355E+01    1.5158E+01    1.3991E+01   
 1.3639E+02    4.5456E+01    5.1417E+01    1.9554E+01    1.5737E+01    1.1939E+01    7.0674E+01    4.6999E+01    1.3611E+01    4.3001E+00    1.5334E+01    1.5073E+01    1.3991E+01   
 1.3747E+02    4.5466E+01    5.1428E+01    1.9556E+01    1.5710E+01    1.1846E+01    7.0658E+01    4.6810E+01    1.3538E+01    4.3205E+00    1.5314E+01    1.4705E+01    1.4043E+01   
 1.3855E+02    4.5463E+01    5.1427E+01    1.9591E+01    1.5763E+01    1.1820E+01    7.0691E+01    4.6765E+01    1.3516E+01    4.3205E+00    1.5334E+01    1.4668E+01    1.3913E+01   
 1.3962E+02    4.5450E+01    5.1413E+01    1.9583E+01    1.5705E+01    1.1778E+01    7.0706E+01    4.6621E+01    1.3402E+01    4.3001E+00    1.5334E+01    1.4950E+01    1.3939E+01   
 1.4071E+02    4.5433E+01    5.1415E+01    1.9655E+01    1.5611E+01    1.1737E+01    7.0694E+01    4.6466E+01    1.3378E+01    4.3001E+00    1.5212E+01    1.4987E+01    1.3965E+01   
 1.4180E+02    4.5431E+01    5.1405E+01    1.9583E+01    1.5560E+01    1.1725E+01    7.0720E+01    4.6314E+01    1.3330E+01    4.2797E+00    1.5334E+01    1.5134E+01    1.3991E+01   
 1.4288E+02    4.5431E+01    5.1406E+01    1.9539E+01    1.5609E+01    1.1707E+01    7.0710E+01    4.6243E+01    1.3246E+01    4.2797E+00    1.5334E+01    1.4901E+01    1.3965E+01   
 1.4398E+02    4.5428E+01    5.1404E+01    1.9558E+01    1.5537E+01    1.1765E+01    7.0718E+01    4.6113E+01    1.3198E+01    4.2593E+00    1.5375E+01    1.4741E+01    1.3887E+01   
 1.4508E+02    4.5427E+01    5.1402E+01    1.9516E+01    1.5392E+01    1.1861E+01    7.0744E+01    4.5986E+01    1.3181E+01    4.2593E+00    1.5355E+01    1.5073E+01    1.3965E+01   
 1.4617E+02    4.5436E+01    5.1395E+01    1.9451E+01    1.5445E+01    1.1989E+01    7.0722E+01    4.5860E+01    1.3124E+01    4.2186E+00    1.5293E+01    1.5011E+01    1.3939E+01   
 1.4728E+02    4.5448E+01    5.1397E+01    1.9463E+01    1.5385E+01    1.2062E+01    7.0689E+01    4.5785E+01    1.3091E+01    4.1982E+00    1.5253E+01    1.5060E+01    1.3939E+01   
 1.4837E+02    4.5448E+01    5.1383E+01    1.9454E+01    1.5379E+01    1.2232E+01    7.0686E+01    4.5688E+01    1.3006E+01    4.2186E+00    1.5212E+01    1.5048E+01    1.3965E+01   
 1.4949E+02    4.5444E+01    5.1364E+01    1.9456E+01    1.5339E+01    1.2441E+01    7.0711E+01    4.5648E+01    1.3012E+01    4.1779E+00    1.5232E+01    1.4938E+01    1.3965E+01   
 1.5059E+02    4.5447E+01    5.1353E+01    1.9474E+01    1.5380E+01    1.2619E+01    7.0730E+01    4.5615E+01    1.2988E+01    4.2186E+00    1.5273E+01    1.4901E+01    1.4043E+01   
 1.5168E+02    4.5456E+01    5.1330E+01    1.9470E+01    1.5383E+01    1.2709E+01    7.0732E+01    4.5607E+01    1.2973E+01    4.1982E+00    1.5171E+01    1.4643E+01    1.3991E+01   
 1.5276E+02    4.5464E+01    5.1319E+01    1.9468E+01    1.5421E+01    1.2912E+01    7.0733E+01    4.5606E+01    1.2960E+01    4.1779E+00    1.5171E+01    1.4545E+01    1.3913E+01   
 1.5384E+02    4.5466E+01    5.1304E+01    1.9504E+01    1.5415E+01    1.3069E+01    7.0703E+01    4.5622E+01    1.2925E+01    4.1982E+00    1.5232E+01    1.4521E+01    1.3887E+01   
 1.5493E+02    4.5474E+01    5.1284E+01    1.9478E+01    1.5444E+01    1.3259E+01    7.0654E+01    4.5617E+01    1.2963E+01    4.1982E+00    1.5191E+01    1.4974E+01    1.3939E+01   
 1.5602E+02    4.5492E+01    5.1270E+01    1.9463E+01    1.5281E+01    1.3360E+01    7.0670E+01    4.5693E+01    1.2989E+01    4.1779E+00    1.5212E+01    1.4570E+01    1.3887E+01   
 1.5710E+02    4.5476E+01    5.1252E+01    1.9460E+01    1.5300E+01    1.3514E+01    7.0703E+01    4.5731E+01    1.3027E+01    4.1575E+00    1.5090E+01    1.4631E+01    1.3965E+01   
 1.5819E+02    4.5473E+01    5.1231E+01    1.9434E+01    1.5370E+01    1.3699E+01    7.0724E+01    4.5802E+01    1.3070E+01    4.1982E+00    1.5171E+01    1.4545E+01    1.3991E+01   
 1.5928E+02    4.5480E+01    5.1221E+01    1.9456E+01    1.5463E+01    1.3879E+01    7.0790E+01    4.5840E+01    1.3091E+01    4.1982E+00    1.5049E+01    1.4557E+01    1.3939E+01   
 1.6037E+02    4.5497E+01    5.1206E+01    1.9480E+01    1.5370E+01    1.3958E+01    7.0847E+01    4.5954E+01    1.3124E+01    4.1779E+00    1.5171E+01    1.4790E+01    1.3965E+01   
 1.6146E+02    4.5490E+01    5.1200E+01    1.9440E+01    1.5366E+01    1.4099E+01    7.0929E+01    4.6078E+01    1.3177E+01    4.1779E+00    1.5028E+01    1.4778E+01    1.3965E+01   
 1.6255E+02    4.5489E+01    5.1189E+01    1.9446E+01    1.5494E+01    1.4255E+01    7.0955E+01    4.6201E+01    1.3219E+01    4.1982E+00    1.5171E+01    1.4484E+01    1.3991E+01   
# Time (s)      T1w (C)       T2w (C)       T1a (C)       T2a (C)       T1r (C)       T2r (C)       T3r (C)       T4r (C)       P1 (bar)      P2 (bar)      Pow (W/100)      Qc (l/min)    
 1.6363E+02    4.5501E+01    5.1179E+01    1.9408E+01    1.5464E+01    1.4304E+01    7.0986E+01    4.6249E+01    1.3244E+01    4.1779E+00    1.5049E+01    1.4876E+01    1.3861E+01   
 1.6472E+02    4.5485E+01    5.1177E+01    1.9542E+01    1.5481E+01    1.4471E+01    7.1051E+01    4.6391E+01    1.3278E+01    4.1982E+00    1.5028E+01    1.4496E+01    1.3939E+01   
 1.6579E+02    4.5498E+01    5.1165E+01    1.9568E+01    1.5478E+01    1.4585E+01    7.1045E+01    4.6512E+01    1.3314E+01    4.1982E+00    1.5090E+01    1.4962E+01    1.3991E+01   
 1.6689E+02    4.5503E+01    5.1157E+01    1.9468E+01    1.5554E+01    1.4727E+01    7.1131E+01    4.6572E+01    1.3300E+01    4.2186E+00    1.5090E+01    1.4594E+01    1.3939E+01   
 1.6797E+02    4.5517E+01    5.1168E+01    1.9489E+01    1.5629E+01    1.4793E+01    7.1142E+01    4.6685E+01    1.3356E+01    4.1982E+00    1.5110E+01    1.4606E+01    1.3939E+01   
 1.6906E+02    4.5509E+01    5.1166E+01    1.9508E+01    1.5642E+01    1.4879E+01    7.1101E+01    4.6798E+01    1.3368E+01    4.1982E+00    1.5069E+01    1.4521E+01    1.3913E+01   
 1.7015E+02    4.5528E+01    5.1167E+01    1.9510E+01    1.5617E+01    1.5015E+01    7.1116E+01    4.6906E+01    1.3381E+01    4.2186E+00    1.5090E+01    1.4533E+01    1.4017E+01   
 1.7123E+02    4.5539E+01    5.1172E+01    1.9430E+01    1.5712E+01    1.5110E+01    7.1139E+01    4.6942E+01    1.3430E+01    4.2390E+00    1.5049E+01    1.4521E+01    1.3965E+01   
 1.7232E+02    4.5543E+01    5.1187E+01    1.9428E+01    1.5773E+01    1.5183E+01    7.1179E+01    4.7082E+01    1.3440E+01    4.1982E+00    1.5008E+01    1.4778E+01    1.3991E+01   
 1.7342E+02    4.5534E+01    5.1186E+01    1.9474E+01    1.5793E+01    1.5291E+01    7.1209E+01    4.7172E+01    1.3456E+01    4.2390E+00    1.5151E+01    1.4656E+01    1.3939E+01   
 1.7452E+02    4.5542E+01    5.1193E+01    1.9640E+01    1.5735E+01    1.5392E+01    7.1214E+01    4.7305E+01    1.3490E+01    4.2390E+00    1.5191E+01    1.4521E+01    1.3913E+01   
 1.7562E+02    4.5547E+01    5.1206E+01    1.9584E+01    1.5812E+01    1.5482E+01    7.1195E+01    4.7350E+01    1.3502E+01    4.2593E+00    1.5151E+01    1.4496E+01    1.3965E+01   
 1.7675E+02    4.5544E+01    5.1208E+01    1.9547E+01    1.5798E+01    1.5532E+01    7.1174E+01    4.7469E+01    1.3576E+01    4.2186E+00    1.5069E+01    1.4496E+01    1.3913E+01   
 1.7784E+02    4.5557E+01    5.1214E+01    1.9525E+01    1.5775E+01    1.5647E+01    7.1192E+01    4.7539E+01    1.3579E+01    4.2186E+00    1.5171E+01    1.4790E+01    1.3939E+01   
 1.7895E+02    4.5573E+01    5.1241E+01    1.9525E+01    1.5803E+01    1.5759E+01    7.1197E+01    4.7622E+01    1.3625E+01    4.2186E+00    1.5130E+01    1.4717E+01    1.3965E+01   
 1.8003E+02    4.5580E+01    5.1241E+01    1.9641E+01    1.5852E+01    1.5787E+01    7.1134E+01    4.7666E+01    1.3616E+01    4.2797E+00    1.5049E+01    1.4545E+01    1.4043E+01   
 1.8111E+02    4.5566E+01    5.1249E+01    1.9596E+01    1.5840E+01    1.5848E+01    7.1090E+01    4.7726E+01    1.3652E+01    4.2186E+00    1.5069E+01    1.5023E+01    1.4043E+01   
 1.8221E+02    4.5544E+01    5.1232E+01    1.9545E+01    1.5859E+01    1.5919E+01    7.1036E+01    4.7768E+01    1.3665E+01    4.2593E+00    1.5171E+01    1.5023E+01    1.3939E+01   
 1.8329E+02    4.5541E+01    5.1233E+01    1.9475E+01    1.5911E+01    1.5969E+01    7.0958E+01    4.7814E+01    1.3700E+01    4.2390E+00    1.5130E+01    1.4827E+01    1.3913E+01   
 1.8437E+02    4.5542E+01    5.1245E+01    1.9448E+01    1.5931E+01    1.6013E+01    7.0929E+01    4.7881E+01    1.3771E+01    4.2593E+00    1.5130E+01    1.4557E+01    1.3991E+01   
 1.8545E+02    4.5573E+01    5.1250E+01    1.9453E+01    1.5964E+01    1.6073E+01    7.0883E+01    4.7948E+01    1.3804E+01    4.2797E+00    1.5212E+01    1.4582E+01    1.3965E+01   
 1.8654E+02    4.5574E+01    5.1282E+01    1.9500E+01    1.5954E+01    1.6138E+01    7.0858E+01    4.7998E+01    1.3819E+01    4.2797E+00    1.5069E+01    1.4606E+01    1.3991E+01   
 1.8763E+02    4.5587E+01    5.1298E+01    1.9540E+01    1.5939E+01    1.6205E+01    7.0833E+01    4.8026E+01    1.3859E+01    4.3001E+00    1.5191E+01    1.4594E+01    1.3965E+01   
 1.8872E+02    4.5571E+01    5.1286E+01    1.9524E+01    1.5966E+01    1.6218E+01    7.0787E+01    4.8026E+01    1.3848E+01    4.2797E+00    1.5069E+01    1.4643E+01    1.4017E+01   
 1.8981E+02    4.5571E+01    5.1290E+01    1.9568E+01    1.5938E+01    1.6272E+01    7.0763E+01    4.8036E+01    1.3869E+01    4.2797E+00    1.5212E+01    1.5036E+01    1.4017E+01   
 1.9089E+02    4.5578E+01    5.1284E+01    1.9549E+01    1.5982E+01    1.6323E+01    7.0739E+01    4.8044E+01    1.3877E+01    4.2797E+00    1.5171E+01    1.4619E+01    1.3991E+01   
 1.9197E+02    4.5618E+01    5.1310E+01    1.9613E+01    1.5964E+01    1.6346E+01    7.0762E+01    4.8077E+01    1.3896E+01    4.3001E+00    1.5110E+01    1.4570E+01    1.4017E+01   
 1.9305E+02    4.5596E+01    5.1302E+01    1.9549E+01    1.6054E+01    1.6388E+01    7.0787E+01    4.8113E+01    1.3897E+01    4.3001E+00    1.5110E+01    1.4766E+01    1.3939E+01   
 1.9413E+02    4.5600E+01    5.1302E+01    1.9545E+01    1.6047E+01    1.6439E+01    7.0773E+01    4.8111E+01    1.3886E+01    4.3001E+00    1.5212E+01    1.5036E+01    1.3965E+01   
 1.9521E+02    4.5618E+01    5.1309E+01    1.9611E+01    1.6026E+01    1.6485E+01    7.0763E+01    4.8104E+01    1.3893E+01    4.3001E+00    1.5069E+01    1.5023E+01    1.4043E+01   
# Time (s)      T1w (C)       T2w (C)       T1a (C)       T2a (C)       T1r (C)       T2r (C)       T3r (C)       T4r (C)       P1 (bar)      P2 (bar)      Pow (W/100)      Qc (l/min)    
 1.9630E+02    4.5606E+01    5.1308E+01    1.9665E+01    1.6039E+01    1.6524E+01    7.0802E+01    4.8140E+01    1.3919E+01    4.3408E+00    1.5069E+01    1.4925E+01    1.4017E+01   
 1.9740E+02    4.5627E+01    5.1320E+01    1.9886E+01    1.6058E+01    1.6559E+01    7.0819E+01    4.8162E+01    1.3946E+01    4.3205E+00    1.5151E+01    1.5060E+01    1.3939E+01   
 1.9849E+02    4.5636E+01    5.1315E+01    1.9851E+01    1.5989E+01    1.6598E+01    7.0824E+01    4.8214E+01    1.3960E+01    4.3408E+00    1.5110E+01    1.4790E+01    1.3991E+01   
 1.9957E+02    4.5617E+01    5.1308E+01    1.9854E+01    1.6041E+01    1.6621E+01    7.0787E+01    4.8209E+01    1.3945E+01    4.3408E+00    1.5090E+01    1.4656E+01    1.3991E+01   
 2.0067E+02    4.5596E+01    5.1302E+01    1.9709E+01    1.6044E+01    1.6662E+01    7.0808E+01    4.8236E+01    1.3991E+01    4.3408E+00    1.5110E+01    1.4570E+01    1.4068E+01   
 2.0177E+02    4.5589E+01    5.1299E+01    1.9597E+01    1.5915E+01    1.6684E+01    7.0862E+01    4.8260E+01    1.3997E+01    4.3408E+00    1.5110E+01    1.4606E+01    1.3887E+01   
 2.0286E+02    4.5586E+01    5.1309E+01    1.9618E+01    1.6004E+01    1.6739E+01    7.0868E+01    4.8267E+01    1.4019E+01    4.3408E+00    1.5232E+01    1.4815E+01    1.3939E+01   
 2.0397E+02    4.5574E+01    5.1310E+01    1.9573E+01    1.6089E+01    1.6768E+01    7.0863E+01    4.8266E+01    1.4055E+01    4.3612E+00    1.5110E+01    1.4619E+01    1.3991E+01   
 2.0505E+02    4.5586E+01    5.1306E+01    1.9615E+01    1.6005E+01    1.6788E+01    7.0840E+01    4.8267E+01    1.4084E+01    4.3612E+00    1.5151E+01    1.4803E+01    1.4094E+01   
 2.0621E+02    4.5579E+01    5.1309E+01    1.9546E+01    1.5976E+01    1.6819E+01    7.0815E+01    4.8306E+01    1.4102E+01    4.3816E+00    1.5130E+01    1.4619E+01    1.3939E+01   
 2.0731E+02    4.5586E+01    5.1337E+01    1.9611E+01    1.5975E+01    1.6848E+01    7.0808E+01    4.8317E+01    1.4113E+01    4.3612E+00    1.5293E+01    1.5073E+01    1.3939E+01   
 2.0839E+02    4.5581E+01    5.1312E+01    1.9647E+01    1.5982E+01    1.6883E+01    7.0807E+01    4.8319E+01    1.4135E+01    4.3816E+00    1.5151E+01    1.4766E+01    1.3939E+01   
 2.0947E+02    4.5593E+01    5.1333E+01    1.9654E+01    1.6052E+01    1.6894E+01    7.0801E+01    4.8341E+01    1.4178E+01    4.3816E+00    1.5253E+01    1.4962E+01    1.3939E+01   
 2.1056E+02    4.5593E+01    5.1335E+01    1.9670E+01    1.6126E+01    1.6919E+01    7.0822E+01    4.8326E+01    1.4191E+01    4.3816E+00    1.5191E+01    1.5085E+01    1.3991E+01   
 2.1164E+02    4.5574E+01    5.1335E+01    1.9537E+01    1.6058E+01    1.6942E+01    7.0816E+01    4.8318E+01    1.4201E+01    4.3816E+00    1.5191E+01    1.4656E+01    1.3887E+01   
 2.1272E+02    4.5569E+01    5.1326E+01    1.9574E+01    1.6025E+01    1.6951E+01    7.0831E+01    4.8344E+01    1.4235E+01    4.3816E+00    1.5110E+01    1.4852E+01    1.3965E+01   
 2.1380E+02    4.5578E+01    5.1342E+01    1.9650E+01    1.6107E+01    1.6981E+01    7.0850E+01    4.8363E+01    1.4261E+01    4.4019E+00    1.5191E+01    1.5048E+01    1.3939E+01   
 2.1489E+02    4.5586E+01    5.1342E+01    1.9790E+01    1.6104E+01    1.7019E+01    7.0852E+01    4.8412E+01    1.4292E+01    4.4019E+00    1.5232E+01    1.5048E+01    1.3965E+01   
 2.1598E+02    4.5583E+01    5.1354E+01    1.9897E+01    1.6067E+01    1.7051E+01    7.0851E+01    4.8430E+01    1.4325E+01    4.4019E+00    1.5151E+01    1.5109E+01    1.3965E+01   
 2.1706E+02    4.5586E+01    5.1360E+01    1.9858E+01    1.6044E+01    1.7057E+01    7.0847E+01    4.8424E+01    1.4365E+01    4.4223E+00    1.5212E+01    1.4852E+01    1.3965E+01   
 2.1817E+02    4.5578E+01    5.1348E+01    2.0015E+01    1.6083E+01    1.7084E+01    7.0908E+01    4.8465E+01    1.4391E+01    4.3816E+00    1.5151E+01    1.5011E+01    1.3913E+01   
 2.1926E+02    4.5593E+01    5.1371E+01    2.0122E+01    1.6053E+01    1.7070E+01    7.0932E+01    4.8477E+01    1.4402E+01    4.4223E+00    1.5191E+01    1.5122E+01    1.3965E+01   
 2.2034E+02    4.5593E+01    5.1371E+01    2.0132E+01    1.6043E+01    1.7107E+01    7.0985E+01    4.8496E+01    1.4434E+01    4.3816E+00    1.5171E+01    1.4680E+01    1.3939E+01   
 2.2142E+02    4.5605E+01    5.1375E+01    2.0097E+01    1.6125E+01    1.7116E+01    7.0999E+01    4.8528E+01    1.4446E+01    4.4019E+00    1.5293E+01    1.4815E+01    1.3965E+01   
 2.2250E+02    4.5614E+01    5.1394E+01    2.0274E+01    1.6109E+01    1.7131E+01    7.1024E+01    4.8522E+01    1.4461E+01    4.4223E+00    1.5151E+01    1.4962E+01    1.4017E+01   
 2.2359E+02    4.5599E+01    5.1380E+01    2.0058E+01    1.6072E+01    1.7142E+01    7.1050E+01    4.8541E+01    1.4451E+01    4.4019E+00    1.5253E+01    1.4962E+01    1.3939E+01   
 2.2467E+02    4.5600E+01    5.1381E+01    2.0058E+01    1.6018E+01    1.7103E+01    7.1098E+01    4.8534E+01    1.4433E+01    4.4223E+00    1.5171E+01    1.5097E+01    1.4043E+01   
 2.2576E+02    4.5615E+01    5.1399E+01    2.0394E+01    1.6062E+01    1.7078E+01    7.1138E+01    4.8576E+01    1.4465E+01    4.4427E+00    1.5171E+01    1.4656E+01    1.3939E+01   
 2.2686E+02    4.5633E+01    5.1394E+01    2.0409E+01    1.6074E+01    1.7056E+01    7.1152E+01    4.8563E+01    1.4461E+01    4.4427E+00    1.5191E+01    1.4656E+01    1.3887E+01   
 2.2795E+02    4.5640E+01    5.1416E+01    2.0482E+01    1.6143E+01    1.7035E+01    7.1186E+01    4.8583E+01    1.4494E+01    4.4019E+00    1.5212E+01    1.4827E+01    1.3991E+01   
# Time (s)      T1w (C)       T2w (C)       T1a (C)       T2a (C)       T1r (C)       T2r (C)       T3r (C)       T4r (C)       P1 (bar)      P2 (bar)      Pow (W/100)      Qc (l/min)    
 2.2905E+02    4.5647E+01    5.1446E+01    2.0475E+01    1.6147E+01    1.7015E+01    7.1242E+01    4.8593E+01    1.4502E+01    4.4427E+00    1.5191E+01    1.5011E+01    1.4017E+01   
 2.3014E+02    4.5662E+01    5.1453E+01    2.0320E+01    1.6179E+01    1.6934E+01    7.1254E+01    4.8567E+01    1.4507E+01    4.3816E+00    1.5191E+01    1.4643E+01    1.4017E+01   
 2.3124E+02    4.5669E+01    5.1455E+01    2.0514E+01    1.6142E+01    1.6851E+01    7.1249E+01    4.8565E+01    1.4489E+01    4.4427E+00    1.5171E+01    1.5122E+01    1.3913E+01   
 2.3234E+02    4.5672E+01    5.1450E+01    2.0997E+01    1.6232E+01    1.6801E+01    7.1282E+01    4.8605E+01    1.4532E+01    4.3816E+00    1.5171E+01    1.4803E+01    1.3913E+01   
 2.3350E+02    4.5680E+01    5.1446E+01    2.0311E+01    1.6193E+01    1.6723E+01    7.1308E+01    4.8625E+01    1.4550E+01    4.3816E+00    1.5232E+01    1.5036E+01    1.3939E+01   
 2.3459E+02    4.5690E+01    5.1450E+01    2.0183E+01    1.6215E+01    1.6671E+01    7.1292E+01    4.8632E+01    1.4594E+01    4.4427E+00    1.5293E+01    1.4913E+01    1.3887E+01   
 2.3568E+02    4.5687E+01    5.1458E+01    2.0451E+01    1.6214E+01    1.6565E+01    7.1279E+01    4.8663E+01    1.4600E+01    4.4427E+00    1.5314E+01    1.5158E+01    1.3965E+01   
 2.3677E+02    4.5680E+01    5.1450E+01    2.0076E+01    1.6202E+01    1.6350E+01    7.1244E+01    4.8649E+01    1.4611E+01    4.4427E+00    1.5314E+01    1.5109E+01    1.4017E+01   
 2.3785E+02    4.5671E+01    5.1461E+01    1.9936E+01    1.6216E+01    1.6249E+01    7.1185E+01    4.8665E+01    1.4618E+01    4.3816E+00    1.5191E+01    1.5109E+01    1.3965E+01   
 2.3894E+02    4.5679E+01    5.1467E+01    1.9987E+01    1.6210E+01    1.5892E+01    7.1138E+01    4.8642E+01    1.4610E+01    4.3816E+00    1.5232E+01    1.4999E+01    1.3913E+01   
 2.4003E+02    4.5672E+01    5.1463E+01    2.0169E+01    1.6247E+01    1.5261E+01    7.1093E+01    4.8653E+01    1.4596E+01    4.4019E+00    1.5232E+01    1.4692E+01    1.3991E+01   
 2.4112E+02    4.5677E+01    5.1468E+01    2.0080E+01    1.6255E+01    1.4714E+01    7.1046E+01    4.8657E+01    1.4625E+01    4.4019E+00    1.5314E+01    1.4754E+01    1.3965E+01   
 2.4220E+02    4.5683E+01    5.1469E+01    2.0112E+01    1.6248E+01    1.4491E+01    7.0990E+01    4.8651E+01    1.4613E+01    4.4223E+00    1.5212E+01    1.4766E+01    1.3965E+01   
 2.4328E+02    4.5681E+01    5.1480E+01    1.9997E+01    1.6285E+01    1.4123E+01    7.0939E+01    4.8612E+01    1.4523E+01    4.4223E+00    1.5293E+01    1.4913E+01    1.3965E+01   
 2.4437E+02    4.5672E+01    5.1475E+01    1.9938E+01    1.6273E+01    1.3818E+01    7.0944E+01    4.8563E+01    1.4518E+01    4.4019E+00    1.5232E+01    1.5158E+01    1.3991E+01   
 2.4546E+02    4.5669E+01    5.1501E+01    1.9965E+01    1.6251E+01    1.3534E+01    7.0963E+01    4.8515E+01    1.4419E+01    4.3816E+00    1.5355E+01    1.4766E+01    1.3991E+01   
 2.4654E+02    4.5667E+01    5.1525E+01    1.9787E+01    1.6215E+01    1.3422E+01    7.1026E+01    4.8416E+01    1.4359E+01    4.3816E+00    1.5355E+01    1.4705E+01    1.3991E+01   
 2.4762E+02    4.5684E+01    5.1524E+01    1.9672E+01    1.6158E+01    1.3160E+01    7.1012E+01    4.8299E+01    1.4322E+01    4.4019E+00    1.5293E+01    1.5036E+01    1.3965E+01   
 2.4870E+02    4.5680E+01    5.1541E+01    1.9632E+01    1.6167E+01    1.2960E+01    7.0967E+01    4.8170E+01    1.4243E+01    4.3816E+00    1.5253E+01    1.4864E+01    1.3939E+01   
 2.4978E+02    4.5675E+01    5.1559E+01    1.9548E+01    1.6180E+01    1.2869E+01    7.0955E+01    4.8127E+01    1.4152E+01    4.3816E+00    1.5293E+01    1.4729E+01    1.3965E+01   
 2.5086E+02    4.5687E+01    5.1562E+01    1.9487E+01    1.6052E+01    1.2653E+01    7.0955E+01    4.7980E+01    1.4070E+01    4.3612E+00    1.5314E+01    1.5183E+01    1.3965E+01   
 2.5196E+02    4.5658E+01    5.1577E+01    1.9459E+01    1.5987E+01    1.2507E+01    7.0944E+01    4.7859E+01    1.4046E+01    4.3612E+00    1.5334E+01    1.4692E+01    1.3991E+01   
 2.5305E+02    4.5650E+01    5.1565E+01    1.9435E+01    1.6048E+01    1.2368E+01    7.0989E+01    4.7753E+01    1.3980E+01    4.3612E+00    1.5375E+01    1.4803E+01    1.3965E+01   
 2.5413E+02    4.5635E+01    5.1557E+01    1.9430E+01    1.6023E+01    1.2304E+01    7.1002E+01    4.7699E+01    1.3869E+01    4.3816E+00    1.5293E+01    1.4938E+01    1.3991E+01   
 2.5522E+02    4.5642E+01    5.1561E+01    1.9456E+01    1.5881E+01    1.2190E+01    7.1031E+01    4.7557E+01    1.3817E+01    4.3612E+00    1.5273E+01    1.5207E+01    1.3965E+01   
 2.5630E+02    4.5642E+01    5.1576E+01    1.9471E+01    1.5920E+01    1.2060E+01    7.1057E+01    4.7392E+01    1.3755E+01    4.3408E+00    1.5334E+01    1.4790E+01    1.3965E+01   
 2.5738E+02    4.5684E+01    5.1612E+01    1.9499E+01    1.5932E+01    1.2019E+01    7.1056E+01    4.7333E+01    1.3703E+01    4.3612E+00    1.5416E+01    1.5158E+01    1.3913E+01   
 2.5847E+02    4.5687E+01    5.1603E+01    1.9507E+01    1.5887E+01    1.1946E+01    7.1071E+01    4.7199E+01    1.3654E+01    4.3205E+00    1.5395E+01    1.5195E+01    1.3939E+01   
 2.5957E+02    4.5687E+01    5.1615E+01    1.9630E+01    1.5832E+01    1.1897E+01    7.1085E+01    4.7087E+01    1.3615E+01    4.3408E+00    1.5457E+01    1.4950E+01    1.3965E+01   
 2.6066E+02    4.5682E+01    5.1601E+01    1.9570E+01    1.5787E+01    1.1857E+01    7.1098E+01    4.6935E+01    1.3545E+01    4.3408E+00    1.5355E+01    1.4778E+01    1.3939E+01   
# Time (s)      T1w (C)       T2w (C)       T1a (C)       T2a (C)       T1r (C)       T2r (C)       T3r (C)       T4r (C)       P1 (bar)      P2 (bar)      Pow (W/100)      Qc (l/min)    
 2.6177E+02    4.5669E+01    5.1603E+01    1.9498E+01    1.5721E+01    1.1838E+01    7.1073E+01    4.6898E+01    1.3473E+01    4.2797E+00    1.5375E+01    1.5109E+01    1.3965E+01   
 2.6288E+02    4.5666E+01    5.1619E+01    1.9463E+01    1.5686E+01    1.1812E+01    7.1037E+01    4.6745E+01    1.3406E+01    4.3205E+00    1.5457E+01    1.4790E+01    1.3991E+01   
 2.6397E+02    4.5671E+01    5.1615E+01    1.9456E+01    1.5709E+01    1.1809E+01    7.0989E+01    4.6623E+01    1.3355E+01    4.2797E+00    1.5355E+01    1.4680E+01    1.4017E+01   
 2.6509E+02    4.5656E+01    5.1626E+01    1.9440E+01    1.5636E+01    1.1840E+01    7.0918E+01    4.6449E+01    1.3298E+01    4.2593E+00    1.5436E+01    1.4680E+01    1.3939E+01   
 2.6618E+02    4.5677E+01    5.1613E+01    1.9425E+01    1.5624E+01    1.1881E+01    7.0900E+01    4.6388E+01    1.3255E+01    4.2390E+00    1.5314E+01    1.4803E+01    1.3991E+01   
 2.6727E+02    4.5675E+01    5.1607E+01    1.9514E+01    1.5497E+01    1.1983E+01    7.0887E+01    4.6296E+01    1.3248E+01    4.2797E+00    1.5273E+01    1.4852E+01    1.4068E+01   
 2.6837E+02    4.5643E+01    5.1572E+01    1.9540E+01    1.5431E+01    1.2118E+01    7.0867E+01    4.6187E+01    1.3220E+01    4.2390E+00    1.5355E+01    1.5122E+01    1.3991E+01   
 2.6946E+02    4.5648E+01    5.1576E+01    1.9491E+01    1.5482E+01    1.2270E+01    7.0852E+01    4.6068E+01    1.3196E+01    4.2186E+00    1.5314E+01    1.4643E+01    1.3939E+01   
 2.7054E+02    4.5650E+01    5.1583E+01    1.9450E+01    1.5383E+01    1.2358E+01    7.0839E+01    4.6023E+01    1.3186E+01    4.2186E+00    1.5395E+01    1.5097E+01    1.3965E+01   
 2.7162E+02    4.5648E+01    5.1569E+01    1.9364E+01    1.5298E+01    1.2546E+01    7.0832E+01    4.5972E+01    1.3144E+01    4.2186E+00    1.5232E+01    1.4999E+01    1.4043E+01   
 2.7271E+02    4.5653E+01    5.1560E+01    1.9360E+01    1.5382E+01    1.2705E+01    7.0859E+01    4.5944E+01    1.3160E+01    4.1982E+00    1.5293E+01    1.4717E+01    1.3991E+01   
 2.7379E+02    4.5660E+01    5.1536E+01    1.9355E+01    1.5394E+01    1.2889E+01    7.0870E+01    4.5895E+01    1.3109E+01    4.1982E+00    1.5273E+01    1.4656E+01    1.3913E+01   
 2.7488E+02    4.5650E+01    5.1484E+01    1.9344E+01    1.5420E+01    1.2976E+01    7.0898E+01    4.5887E+01    1.3101E+01    4.1779E+00    1.5355E+01    1.4729E+01    1.3991E+01   
 2.7596E+02    4.5648E+01    5.1507E+01    1.9349E+01    1.5323E+01    1.3176E+01    7.0916E+01    4.5923E+01    1.3116E+01    4.1779E+00    1.5232E+01    1.4864E+01    1.4017E+01   
 2.7704E+02    4.5642E+01    5.1460E+01    1.9296E+01    1.5317E+01    1.3367E+01    7.0966E+01    4.5960E+01    1.3141E+01    4.1982E+00    1.5191E+01    1.4594E+01    1.3913E+01   
 2.7812E+02    4.5638E+01    5.1429E+01    1.9296E+01    1.5389E+01    1.3457E+01    7.1021E+01    4.5995E+01    1.3156E+01    4.1982E+00    1.5191E+01    1.4950E+01    1.3939E+01   
 2.7920E+02    4.5658E+01    5.1420E+01    1.9302E+01    1.5436E+01    1.3623E+01    7.1075E+01    4.6068E+01    1.3235E+01    4.1982E+00    1.5171E+01    1.4999E+01    1.3965E+01   
 2.8029E+02    4.5674E+01    5.1420E+01    1.9427E+01    1.5454E+01    1.3782E+01    7.1105E+01    4.6106E+01    1.3221E+01    4.1779E+00    1.5253E+01    1.4570E+01    1.3965E+01   
 2.8138E+02    4.5678E+01    5.1413E+01    1.9432E+01    1.5467E+01    1.3927E+01    7.1154E+01    4.6179E+01    1.3256E+01    4.1779E+00    1.5191E+01    1.4545E+01    1.4120E+01   
 2.8247E+02    4.5684E+01    5.1391E+01    1.9432E+01    1.5421E+01    1.3974E+01    7.1213E+01    4.6216E+01    1.3287E+01    4.1982E+00    1.5253E+01    1.4864E+01    1.4017E+01   
 2.8355E+02    4.5692E+01    5.1400E+01    1.9476E+01    1.5403E+01    1.4113E+01    7.1237E+01    4.6313E+01    1.3266E+01    4.1779E+00    1.5090E+01    1.5011E+01    1.3939E+01   
 2.8463E+02    4.5696E+01    5.1380E+01    1.9478E+01    1.5437E+01    1.4252E+01    7.1264E+01    4.6414E+01    1.3286E+01    4.1779E+00    1.5253E+01    1.4545E+01    1.3965E+01   
 2.8571E+02    4.5705E+01    5.1393E+01    1.9411E+01    1.5382E+01    1.4307E+01    7.1296E+01    4.6478E+01    1.3272E+01    4.1982E+00    1.5191E+01    1.4950E+01    1.3965E+01   
 2.8680E+02    4.5697E+01    5.1367E+01    1.9382E+01    1.5533E+01    1.4445E+01    7.1345E+01    4.6591E+01    1.3333E+01    4.1982E+00    1.5171E+01    1.4766E+01    1.4017E+01   
 2.8787E+02    4.5715E+01    5.1370E+01    1.9396E+01    1.5499E+01    1.4575E+01    7.1335E+01    4.6735E+01    1.3336E+01    4.1982E+00    1.5273E+01    1.4570E+01    1.4043E+01   
 2.8896E+02    4.5721E+01    5.1355E+01    1.9411E+01    1.5525E+01    1.4695E+01    7.1363E+01    4.6840E+01    1.3384E+01    4.1982E+00    1.5171E+01    1.4950E+01    1.3965E+01   
 2.9006E+02    4.5693E+01    5.1355E+01    1.9382E+01    1.5580E+01    1.4757E+01    7.1386E+01    4.6906E+01    1.3410E+01    4.2186E+00    1.5212E+01    1.4974E+01    1.3965E+01   
 2.9115E+02    4.5718E+01    5.1350E+01    1.9398E+01    1.5598E+01    1.4901E+01    7.1420E+01    4.7032E+01    1.3423E+01    4.2186E+00    1.5253E+01    1.5048E+01    1.3991E+01   
 2.9225E+02    4.5711E+01    5.1357E+01    1.9379E+01    1.5641E+01    1.4998E+01    7.1419E+01    4.7151E+01    1.3438E+01    4.2186E+00    1.5212E+01    1.5048E+01    1.4043E+01   
 2.9335E+02    4.5707E+01    5.1363E+01    1.9353E+01    1.5698E+01    1.5115E+01    7.1373E+01    4.7253E+01    1.3445E+01    4.2186E+00    1.5151E+01    1.4619E+01    1.3939E+01   
# Time (s)      T1w (C)       T2w (C)       T1a (C)       T2a (C)       T1r (C)       T2r (C)       T3r (C)       T4r (C)       P1 (bar)      P2 (bar)      Pow (W/100)      Qc (l/min)    
 2.9446E+02    4.5730E+01    5.1381E+01    1.9379E+01    1.5715E+01    1.5158E+01    7.1270E+01    4.7300E+01    1.3436E+01    4.2390E+00    1.5191E+01    1.4974E+01    1.4017E+01   
 2.9555E+02    4.5729E+01    5.1372E+01    1.9383E+01    1.5765E+01    1.5251E+01    7.1188E+01    4.7400E+01    1.3452E+01    4.2186E+00    1.5191E+01    1.4570E+01    1.3991E+01   
 2.9666E+02    4.5729E+01    5.1392E+01    1.9343E+01    1.5720E+01    1.5309E+01    7.1123E+01    4.7463E+01    1.3429E+01    4.2390E+00    1.5232E+01    1.4594E+01    1.3965E+01   
 2.9775E+02    4.5729E+01    5.1372E+01    1.9296E+01    1.5754E+01    1.5403E+01    7.1102E+01    4.7601E+01    1.3478E+01    4.2186E+00    1.5253E+01    1.4582E+01    1.3991E+01   
 2.9884E+02    4.5753E+01    5.1388E+01    1.9314E+01    1.5668E+01    1.5470E+01    7.1112E+01    4.7641E+01    1.3498E+01    4.2390E+00    1.5151E+01    1.4570E+01    1.3991E+01   
 2.9992E+02    4.5745E+01    5.1398E+01    1.9339E+01    1.5793E+01    1.5553E+01    7.1112E+01    4.7737E+01    1.3523E+01    4.2390E+00    1.5171E+01    1.5011E+01    1.4017E+01   
 3.0101E+02    4.5747E+01    5.1401E+01    1.9361E+01    1.5829E+01    1.5641E+01    7.1098E+01    4.7804E+01    1.3552E+01    4.2186E+00    1.5191E+01    1.5073E+01    1.3991E+01   
 3.0209E+02    4.5759E+01    5.1400E+01    1.9405E+01    1.5850E+01    1.5643E+01    7.1043E+01    4.7850E+01    1.3575E+01    4.2593E+00    1.5273E+01    1.4778E+01    1.3913E+01   
 3.0318E+02    4.5761E+01    5.1426E+01    1.9420E+01    1.5840E+01    1.5713E+01    7.1010E+01    4.7873E+01    1.3579E+01    4.2593E+00    1.5191E+01    1.4778E+01    1.3939E+01   
 3.0426E+02    4.5755E+01    5.1429E+01    1.9422E+01    1.5845E+01    1.5802E+01    7.0972E+01    4.7959E+01    1.3618E+01    4.2797E+00    1.5273E+01    1.5085E+01    1.3965E+01   
 3.0535E+02    4.5752E+01    5.1442E+01    1.9483E+01    1.5926E+01    1.5868E+01    7.0932E+01    4.8040E+01    1.3655E+01    4.3001E+00    1.5253E+01    1.4680E+01    1.3913E+01   
 3.0643E+02    4.5771E+01    5.1448E+01    1.9504E+01    1.5858E+01    1.5896E+01    7.0920E+01    4.8054E+01    1.3686E+01    4.3001E+00    1.5253E+01    1.4582E+01    1.4017E+01   
 3.0752E+02    4.5761E+01    5.1458E+01    1.9476E+01    1.5867E+01    1.5975E+01    7.0926E+01    4.8100E+01    1.3728E+01    4.2797E+00    1.5171E+01    1.5023E+01    1.3965E+01   
 3.0861E+02    4.5781E+01    5.1457E+01    1.9391E+01    1.5849E+01    1.6019E+01    7.0939E+01    4.8119E+01    1.3724E+01    4.3001E+00    1.5232E+01    1.4987E+01    1.3965E+01   
 3.0969E+02    4.5789E+01    5.1495E+01    1.9504E+01    1.5842E+01    1.6072E+01    7.0909E+01    4.8131E+01    1.3764E+01    4.3205E+00    1.5232E+01    1.4717E+01    1.3939E+01   
 3.1078E+02    4.5791E+01    5.1497E+01    1.9509E+01    1.5848E+01    1.6101E+01    7.0889E+01    4.8165E+01    1.3787E+01    4.3001E+00    1.5273E+01    1.4741E+01    1.3913E+01   
 3.1186E+02    4.5798E+01    5.1523E+01    1.9502E+01    1.5867E+01    1.6158E+01    7.0880E+01    4.8177E+01    1.3824E+01    4.3205E+00    1.5191E+01    1.4705E+01    1.4068E+01   
 3.1294E+02    4.5781E+01    5.1511E+01    1.9499E+01    1.5918E+01    1.6237E+01    7.0920E+01    4.8236E+01    1.3840E+01    4.3001E+00    1.5171E+01    1.4729E+01    1.3991E+01   
 3.1402E+02    4.5818E+01    5.1519E+01    1.9528E+01    1.5962E+01    1.6255E+01    7.0935E+01    4.8255E+01    1.3872E+01    4.3205E+00    1.5273E+01    1.5109E+01    1.4017E+01   
 3.1510E+02    4.5824E+01    5.1523E+01    1.9538E+01    1.5904E+01    1.6311E+01    7.0937E+01    4.8268E+01    1.3900E+01    4.3205E+00    1.5232E+01    1.4962E+01    1.3965E+01   
 3.1619E+02    4.5813E+01    5.1523E+01    1.9501E+01    1.5966E+01    1.6359E+01    7.0930E+01    4.8290E+01    1.3908E+01    4.3205E+00    1.5232E+01    1.5097E+01    1.4043E+01   
 3.1726E+02    4.5813E+01    5.1522E+01    1.9494E+01    1.5989E+01    1.6426E+01    7.0916E+01    4.8304E+01    1.3927E+01    4.3205E+00    1.5293E+01    1.4974E+01    1.3965E+01   
 3.1835E+02    4.5799E+01    5.1521E+01    1.9476E+01    1.5930E+01    1.6443E+01    7.0923E+01    4.8320E+01    1.3966E+01    4.3205E+00    1.5232E+01    1.4692E+01    1.4017E+01   
 3.1944E+02    4.5808E+01    5.1529E+01    1.9455E+01    1.5959E+01    1.6482E+01    7.0877E+01    4.8351E+01    1.3979E+01    4.3408E+00    1.5232E+01    1.4717E+01    1.3991E+01   
 3.2054E+02    4.5802E+01    5.1520E+01    1.9436E+01    1.5980E+01    1.6516E+01    7.0884E+01    4.8370E+01    1.3971E+01    4.3408E+00    1.5273E+01    1.4852E+01    1.3965E+01   
 3.2164E+02    4.5799E+01    5.1522E+01    1.9445E+01    1.5949E+01    1.6567E+01    7.0846E+01    4.8412E+01    1.3996E+01    4.3205E+00    1.5293E+01    1.4839E+01    1.3913E+01   
 3.2273E+02    4.5802E+01    5.1534E+01    1.9499E+01    1.5949E+01    1.6587E+01    7.0838E+01    4.8406E+01    1.4003E+01    4.3408E+00    1.5314E+01    1.5122E+01    1.3965E+01   
 3.2385E+02    4.5809E+01    5.1550E+01    1.9493E+01    1.5966E+01    1.6648E+01    7.0850E+01    4.8445E+01    1.4061E+01    4.3816E+00    1.5171E+01    1.4803E+01    1.3991E+01   
 3.2494E+02    4.5833E+01    5.1568E+01    1.9532E+01    1.6048E+01    1.6706E+01    7.0883E+01    4.8473E+01    1.4106E+01    4.3612E+00    1.5232E+01    1.4643E+01    1.3913E+01   
 3.2607E+02    4.5834E+01    5.1570E+01    1.9537E+01    1.5995E+01    1.6756E+01    7.0878E+01    4.8497E+01    1.4119E+01    4.3612E+00    1.5232E+01    1.4656E+01    1.3939E+01   
# Time (s)      T1w (C)       T2w (C)       T1a (C)       T2a (C)       T1r (C)       T2r (C)       T3r (C)       T4r (C)       P1 (bar)      P2 (bar)      Pow (W/100)      Qc (l/min)    
 3.2717E+02    4.5830E+01    5.1568E+01    1.9515E+01    1.5994E+01    1.6775E+01    7.0871E+01    4.8509E+01    1.4153E+01    4.3816E+00    1.5232E+01    1.4656E+01    1.3939E+01   
 3.2826E+02    4.5817E+01    5.1575E+01    1.9537E+01    1.5942E+01    1.6805E+01    7.0880E+01    4.8535E+01    1.4162E+01    4.4019E+00    1.5232E+01    1.4643E+01    1.3939E+01   
 3.2934E+02    4.5806E+01    5.1549E+01    1.9631E+01    1.5968E+01    1.6841E+01    7.0897E+01    4.8547E+01    1.4168E+01    4.4019E+00    1.5293E+01    1.4803E+01    1.3965E+01   
 3.3042E+02    4.5785E+01    5.1556E+01    2.0049E+01    1.6013E+01    1.6863E+01    7.0955E+01    4.8544E+01    1.4203E+01    4.4019E+00    1.5334E+01    1.5134E+01    1.3965E+01   
 3.3151E+02    4.5813E+01    5.1573E+01    2.0239E+01    1.6003E+01    1.6887E+01    7.1026E+01    4.8555E+01    1.4230E+01    4.4019E+00    1.5334E+01    1.4705E+01    1.4068E+01   
 3.3259E+02    4.5816E+01    5.1568E+01    2.0061E+01    1.6060E+01    1.6902E+01    7.1045E+01    4.8560E+01    1.4250E+01    4.3816E+00    1.5253E+01    1.4705E+01    1.4068E+01   
 3.3367E+02    4.5817E+01    5.1566E+01    2.0051E+01    1.6010E+01    1.6945E+01    7.1052E+01    4.8587E+01    1.4251E+01    4.3816E+00    1.5232E+01    1.5134E+01    1.3913E+01   
 3.3475E+02    4.5818E+01    5.1575E+01    2.0192E+01    1.5991E+01    1.6964E+01    7.1071E+01    4.8617E+01    1.4292E+01    4.3816E+00    1.5314E+01    1.4729E+01    1.3861E+01   
 3.3584E+02    4.5815E+01    5.1591E+01    2.0075E+01    1.6022E+01    1.6987E+01    7.1114E+01    4.8633E+01    1.4338E+01    4.4019E+00    1.5293E+01    1.4668E+01    1.3965E+01   
 3.3693E+02    4.5814E+01    5.1582E+01    2.0186E+01    1.6057E+01    1.6991E+01    7.1130E+01    4.8637E+01    1.4320E+01    4.3816E+00    1.5253E+01    1.4680E+01    1.3939E+01   
 3.3802E+02    4.5794E+01    5.1578E+01    2.0121E+01    1.6058E+01    1.6995E+01    7.1186E+01    4.8646E+01    1.4337E+01    4.3816E+00    1.5395E+01    1.4987E+01    1.3939E+01   
