# Run number 14 on Tue May 21 10:40:44 2024
# Time (s)      T1w (C)       T2w (C)       T1a (C)       T2a (C)       T1r (C)       T2r (C)       T3r (C)       T4r (C)       P1 (bar)      P2 (bar)      Pow (W/100)      Qc (l/min)    
 3.1536E-01    4.5891E+01    5.2820E+01    2.0609E+01    1.6193E+01    1.5402E+01    7.2188E+01    4.8668E+01    1.3733E+01    4.3053E+00    1.5707E+01    1.4926E+01    9.6528E+00   
 1.4607E+00    4.5898E+01    5.2829E+01    2.0602E+01    1.6210E+01    1.5505E+01    7.2180E+01    4.8767E+01    1.3729E+01    4.2849E+00    1.5666E+01    1.5170E+01    9.6302E+00   
 2.5468E+00    4.5896E+01    5.2807E+01    2.0621E+01    1.6154E+01    1.5612E+01    7.2203E+01    4.8779E+01    1.3778E+01    4.3053E+00    1.5605E+01    1.5145E+01    9.6979E+00   
 3.6590E+00    4.5884E+01    5.2776E+01    2.0663E+01    1.6251E+01    1.5642E+01    7.2194E+01    4.8858E+01    1.3799E+01    4.3053E+00    1.5707E+01    1.4865E+01    9.6754E+00   
 4.7480E+00    4.5871E+01    5.2789E+01    2.0569E+01    1.6240E+01    1.5742E+01    7.2229E+01    4.8968E+01    1.3817E+01    4.3053E+00    1.5645E+01    1.4719E+01    9.6979E+00   
 5.8362E+00    4.5861E+01    5.2781E+01    2.1008E+01    1.6265E+01    1.5841E+01    7.2198E+01    4.9036E+01    1.3821E+01    4.3257E+00    1.5584E+01    1.5097E+01    9.6979E+00   
 6.9233E+00    4.5852E+01    5.2802E+01    2.1345E+01    1.6271E+01    1.5930E+01    7.2204E+01    4.9043E+01    1.3877E+01    4.3257E+00    1.5727E+01    1.4707E+01    9.6979E+00   
 8.0115E+00    4.5849E+01    5.2805E+01    2.1602E+01    1.6245E+01    1.5958E+01    7.2176E+01    4.9115E+01    1.3880E+01    4.3053E+00    1.5584E+01    1.4902E+01    9.6754E+00   
 9.1007E+00    4.5865E+01    5.2806E+01    2.1021E+01    1.6384E+01    1.6063E+01    7.2161E+01    4.9185E+01    1.3892E+01    4.3257E+00    1.5543E+01    1.5072E+01    9.6979E+00   
 1.0189E+01    4.5869E+01    5.2807E+01    2.0558E+01    1.6426E+01    1.6143E+01    7.2161E+01    4.9231E+01    1.3947E+01    4.3664E+00    1.5707E+01    1.4756E+01    9.6979E+00   
 1.1276E+01    4.5859E+01    5.2824E+01    2.0342E+01    1.6368E+01    1.6159E+01    7.2156E+01    4.9258E+01    1.3983E+01    4.3664E+00    1.5605E+01    1.5219E+01    9.6979E+00   
 1.2364E+01    4.5852E+01    5.2828E+01    2.0450E+01    1.6400E+01    1.6262E+01    7.2174E+01    4.9328E+01    1.4025E+01    4.3664E+00    1.5645E+01    1.4877E+01    9.6754E+00   
 1.3453E+01    4.5858E+01    5.2841E+01    2.0445E+01    1.6383E+01    1.6347E+01    7.2176E+01    4.9353E+01    1.4060E+01    4.3868E+00    1.5666E+01    1.5231E+01    9.6754E+00   
 1.4535E+01    4.5846E+01    5.2855E+01    2.0864E+01    1.6365E+01    1.6408E+01    7.2131E+01    4.9367E+01    1.4114E+01    4.3664E+00    1.5747E+01    1.5206E+01    9.6754E+00   
 1.5621E+01    4.5858E+01    5.2860E+01    2.1207E+01    1.6417E+01    1.6445E+01    7.2127E+01    4.9375E+01    1.4147E+01    4.3868E+00    1.5747E+01    1.4890E+01    9.6754E+00   
 1.6709E+01    4.5848E+01    5.2868E+01    2.1253E+01    1.6434E+01    1.6475E+01    7.2065E+01    4.9393E+01    1.4147E+01    4.4071E+00    1.5645E+01    1.4792E+01    9.6979E+00   
 1.7798E+01    4.5861E+01    5.2879E+01    2.0662E+01    1.6457E+01    1.6550E+01    7.2056E+01    4.9413E+01    1.4222E+01    4.4071E+00    1.5686E+01    1.4841E+01    9.7204E+00   
 1.8880E+01    4.5854E+01    5.2883E+01    2.0292E+01    1.6408E+01    1.6629E+01    7.2006E+01    4.9457E+01    1.4283E+01    4.3868E+00    1.5788E+01    1.5097E+01    9.6754E+00   
 1.9967E+01    4.5872E+01    5.2901E+01    2.0163E+01    1.6524E+01    1.6673E+01    7.1987E+01    4.9501E+01    1.4343E+01    4.3868E+00    1.5707E+01    1.5036E+01    9.6979E+00   
 2.1055E+01    4.5870E+01    5.2907E+01    2.0567E+01    1.6470E+01    1.6699E+01    7.1929E+01    4.9499E+01    1.4347E+01    4.4275E+00    1.5707E+01    1.4792E+01    9.6754E+00   
 2.2144E+01    4.5847E+01    5.2914E+01    2.0905E+01    1.6508E+01    1.6762E+01    7.1930E+01    4.9521E+01    1.4381E+01    4.4275E+00    1.5666E+01    1.4890E+01    9.6754E+00   
 2.3230E+01    4.5854E+01    5.2921E+01    2.1424E+01    1.6432E+01    1.6775E+01    7.1898E+01    4.9543E+01    1.4406E+01    4.4071E+00    1.5788E+01    1.5060E+01    9.6979E+00   
 2.4311E+01    4.5856E+01    5.2928E+01    2.1436E+01    1.6490E+01    1.6804E+01    7.1901E+01    4.9554E+01    1.4404E+01    4.3868E+00    1.5666E+01    1.4816E+01    9.6302E+00   
 2.5400E+01    4.5860E+01    5.2919E+01    2.1298E+01    1.6503E+01    1.6857E+01    7.1885E+01    4.9539E+01    1.4414E+01    4.4071E+00    1.5686E+01    1.4938E+01    9.6528E+00   
 2.6487E+01    4.5842E+01    5.2906E+01    2.0618E+01    1.6481E+01    1.6880E+01    7.1860E+01    4.9549E+01    1.4425E+01    4.4275E+00    1.5666E+01    1.5279E+01    9.6979E+00   
 2.7569E+01    4.5842E+01    5.2923E+01    2.0185E+01    1.6498E+01    1.6911E+01    7.1838E+01    4.9565E+01    1.4464E+01    4.4479E+00    1.5788E+01    1.5219E+01    9.6754E+00   
 2.8662E+01    4.5849E+01    5.2901E+01    2.0168E+01    1.6538E+01    1.6958E+01    7.1843E+01    4.9597E+01    1.4512E+01    4.4071E+00    1.5686E+01    1.4792E+01    9.6754E+00   
 2.9750E+01    4.5832E+01    5.2912E+01    1.9942E+01    1.6552E+01    1.7006E+01    7.1846E+01    4.9643E+01    1.4539E+01    4.4479E+00    1.5645E+01    1.4926E+01    9.6979E+00   
 3.0839E+01    4.5857E+01    5.2925E+01    2.0039E+01    1.6621E+01    1.7051E+01    7.1835E+01    4.9664E+01    1.4598E+01    4.4479E+00    1.5747E+01    1.4890E+01    9.6979E+00   
 3.1952E+01    4.5852E+01    5.2951E+01    1.9915E+01    1.6612E+01    1.7066E+01    7.1816E+01    4.9695E+01    1.4608E+01    4.4479E+00    1.5686E+01    1.5292E+01    9.6979E+00   
# Time (s)      T1w (C)       T2w (C)       T1a (C)       T2a (C)       T1r (C)       T2r (C)       T3r (C)       T4r (C)       P1 (bar)      P2 (bar)      Pow (W/100)      Qc (l/min)    
 3.3040E+01    4.5864E+01    5.2967E+01    2.0074E+01    1.6673E+01    1.7099E+01    7.1786E+01    4.9686E+01    1.4625E+01    4.4479E+00    1.5707E+01    1.4829E+01    9.6528E+00   
 3.4127E+01    4.5849E+01    5.2959E+01    2.0647E+01    1.6696E+01    1.7090E+01    7.1762E+01    4.9712E+01    1.4661E+01    4.4479E+00    1.5727E+01    1.4829E+01    9.6528E+00   
 3.5279E+01    4.5863E+01    5.2965E+01    2.0579E+01    1.6684E+01    1.7073E+01    7.1735E+01    4.9705E+01    1.4708E+01    4.4479E+00    1.5747E+01    1.4829E+01    9.6754E+00   
 3.6360E+01    4.5857E+01    5.2967E+01    2.0461E+01    1.6624E+01    1.7063E+01    7.1715E+01    4.9707E+01    1.4731E+01    4.4479E+00    1.5707E+01    1.5024E+01    9.5847E+00   
 3.7464E+01    4.5865E+01    5.2980E+01    2.0343E+01    1.6638E+01    1.7051E+01    7.1706E+01    4.9723E+01    1.4776E+01    4.4479E+00    1.5686E+01    1.5304E+01    9.6754E+00   
 3.8545E+01    4.5858E+01    5.2976E+01    2.1196E+01    1.6636E+01    1.6998E+01    7.1681E+01    4.9728E+01    1.4796E+01    4.4683E+00    1.5768E+01    1.4865E+01    9.6528E+00   
 3.9621E+01    4.5855E+01    5.2978E+01    2.1224E+01    1.6653E+01    1.6933E+01    7.1676E+01    4.9751E+01    1.4843E+01    4.4886E+00    1.5747E+01    1.4853E+01    9.6528E+00   
 4.0697E+01    4.5867E+01    5.2983E+01    2.1125E+01    1.6742E+01    1.6883E+01    7.1685E+01    4.9735E+01    1.4899E+01    4.4683E+00    1.5707E+01    1.4853E+01    9.6528E+00   
 4.1787E+01    4.5875E+01    5.3002E+01    2.0931E+01    1.6754E+01    1.6801E+01    7.1692E+01    4.9760E+01    1.4941E+01    4.4886E+00    1.5727E+01    1.5145E+01    9.6528E+00   
 4.2872E+01    4.5883E+01    5.3019E+01    2.1025E+01    1.6792E+01    1.6644E+01    7.1745E+01    4.9759E+01    1.4988E+01    4.4886E+00    1.5666E+01    1.5255E+01    9.6754E+00   
 4.3954E+01    4.5871E+01    5.3018E+01    2.0448E+01    1.6840E+01    1.6547E+01    7.1743E+01    4.9762E+01    1.5009E+01    4.4886E+00    1.5829E+01    1.5304E+01    9.6528E+00   
 4.5043E+01    4.5871E+01    5.3033E+01    2.0413E+01    1.6873E+01    1.6396E+01    7.1733E+01    4.9779E+01    1.5062E+01    4.4886E+00    1.5707E+01    1.4877E+01    9.6754E+00   
 4.6131E+01    4.5867E+01    5.3029E+01    2.0969E+01    1.6814E+01    1.6209E+01    7.1717E+01    4.9760E+01    1.5048E+01    4.5090E+00    1.5707E+01    1.5133E+01    9.6528E+00   
 4.7218E+01    4.5856E+01    5.3024E+01    2.1138E+01    1.6819E+01    1.6008E+01    7.1692E+01    4.9786E+01    1.5077E+01    4.5294E+00    1.5809E+01    1.5292E+01    9.6528E+00   
 4.8306E+01    4.5844E+01    5.3030E+01    2.1681E+01    1.6838E+01    1.5872E+01    7.1728E+01    4.9798E+01    1.5108E+01    4.5294E+00    1.5686E+01    1.4950E+01    9.6979E+00   
 4.9396E+01    4.5840E+01    5.3022E+01    2.1734E+01    1.6865E+01    1.5602E+01    7.1775E+01    4.9814E+01    1.5106E+01    4.5294E+00    1.5788E+01    1.4890E+01    9.6754E+00   
 5.0484E+01    4.5832E+01    5.3034E+01    2.0930E+01    1.6811E+01    1.5280E+01    7.1798E+01    4.9802E+01    1.5144E+01    4.5294E+00    1.5849E+01    1.4890E+01    9.6528E+00   
 5.1569E+01    4.5850E+01    5.3046E+01    2.0438E+01    1.6863E+01    1.4880E+01    7.1811E+01    4.9834E+01    1.5136E+01    4.5294E+00    1.5809E+01    1.5279E+01    9.7204E+00   
 5.2651E+01    4.5836E+01    5.3052E+01    2.0412E+01    1.6873E+01    1.4675E+01    7.1834E+01    4.9806E+01    1.5136E+01    4.5498E+00    1.5727E+01    1.4950E+01    9.7204E+00   
 5.3740E+01    4.5849E+01    5.3065E+01    2.0400E+01    1.6892E+01    1.4321E+01    7.1846E+01    4.9770E+01    1.5118E+01    4.5498E+00    1.5849E+01    1.4914E+01    9.7204E+00   
 5.4828E+01    4.5849E+01    5.3073E+01    2.1192E+01    1.6855E+01    1.4050E+01    7.1883E+01    4.9729E+01    1.5078E+01    4.5294E+00    1.5870E+01    1.5072E+01    9.6979E+00   
 5.5916E+01    4.5856E+01    5.3095E+01    2.1848E+01    1.6865E+01    1.3919E+01    7.1917E+01    4.9703E+01    1.5073E+01    4.5090E+00    1.5809E+01    1.5048E+01    9.6754E+00   
 5.7002E+01    4.5852E+01    5.3114E+01    2.1771E+01    1.6781E+01    1.3666E+01    7.1924E+01    4.9666E+01    1.5011E+01    4.5090E+00    1.5768E+01    1.5389E+01    9.6754E+00   
 5.8091E+01    4.5860E+01    5.3131E+01    2.1192E+01    1.6900E+01    1.3474E+01    7.1930E+01    4.9556E+01    1.4972E+01    4.5090E+00    1.5931E+01    1.5072E+01    9.6979E+00   
 5.9179E+01    4.5861E+01    5.3139E+01    2.0857E+01    1.6904E+01    1.3296E+01    7.1924E+01    4.9503E+01    1.4923E+01    4.4886E+00    1.5768E+01    1.5304E+01    9.6754E+00   
 6.0274E+01    4.5853E+01    5.3151E+01    2.0945E+01    1.6791E+01    1.3231E+01    7.1890E+01    4.9404E+01    1.4846E+01    4.4683E+00    1.5972E+01    1.5194E+01    9.6528E+00   
 6.1362E+01    4.5873E+01    5.3179E+01    2.0929E+01    1.6838E+01    1.3097E+01    7.1879E+01    4.9313E+01    1.4822E+01    4.4275E+00    1.5849E+01    1.4902E+01    9.6528E+00   
 6.2452E+01    4.5852E+01    5.3186E+01    2.0405E+01    1.6813E+01    1.2982E+01    7.1883E+01    4.9229E+01    1.4753E+01    4.4275E+00    1.5829E+01    1.5011E+01    9.6754E+00   
 6.3540E+01    4.5858E+01    5.3187E+01    2.0469E+01    1.6804E+01    1.2846E+01    7.1855E+01    4.9151E+01    1.4673E+01    4.4275E+00    1.5951E+01    1.5243E+01    9.6528E+00   
 6.4627E+01    4.5859E+01    5.3197E+01    2.0816E+01    1.6677E+01    1.2790E+01    7.1803E+01    4.9034E+01    1.4615E+01    4.3868E+00    1.5890E+01    1.4877E+01    9.6075E+00   
# Time (s)      T1w (C)       T2w (C)       T1a (C)       T2a (C)       T1r (C)       T2r (C)       T3r (C)       T4r (C)       P1 (bar)      P2 (bar)      Pow (W/100)      Qc (l/min)    
 6.5715E+01    4.5860E+01    5.3199E+01    2.0500E+01    1.6681E+01    1.2677E+01    7.1734E+01    4.8909E+01    1.4577E+01    4.4275E+00    1.5788E+01    1.5097E+01    9.6302E+00   
 6.6804E+01    4.5877E+01    5.3192E+01    2.0212E+01    1.6721E+01    1.2587E+01    7.1710E+01    4.8811E+01    1.4511E+01    4.4275E+00    1.5911E+01    1.5304E+01    9.6754E+00   
 6.7892E+01    4.5868E+01    5.3204E+01    2.0073E+01    1.6733E+01    1.2556E+01    7.1661E+01    4.8757E+01    1.4470E+01    4.4071E+00    1.5890E+01    1.4902E+01    9.6979E+00   
 6.9021E+01    4.5880E+01    5.3216E+01    2.0116E+01    1.6660E+01    1.2464E+01    7.1605E+01    4.8604E+01    1.4409E+01    4.4071E+00    1.5951E+01    1.5255E+01    9.6528E+00   
 7.0116E+01    4.5860E+01    5.3215E+01    2.0310E+01    1.6557E+01    1.2367E+01    7.1582E+01    4.8447E+01    1.4359E+01    4.4071E+00    1.5870E+01    1.5353E+01    9.6754E+00   
 7.1230E+01    4.5865E+01    5.3221E+01    2.0010E+01    1.6594E+01    1.2269E+01    7.1573E+01    4.8306E+01    1.4244E+01    4.3664E+00    1.5890E+01    1.5121E+01    9.6528E+00   
 7.2321E+01    4.5863E+01    5.3221E+01    2.0102E+01    1.6449E+01    1.2232E+01    7.1601E+01    4.8256E+01    1.4170E+01    4.3868E+00    1.5870E+01    1.5145E+01    9.6528E+00   
 7.3409E+01    4.5856E+01    5.3195E+01    1.9994E+01    1.6304E+01    1.2246E+01    7.1658E+01    4.8128E+01    1.4107E+01    4.3664E+00    1.5992E+01    1.4865E+01    9.6302E+00   
 7.4478E+01    4.5864E+01    5.3205E+01    2.0187E+01    1.6325E+01    1.2314E+01    7.1682E+01    4.8007E+01    1.4087E+01    4.3664E+00    1.5931E+01    1.4999E+01    9.6979E+00   
 7.5582E+01    4.5879E+01    5.3195E+01    2.0147E+01    1.6324E+01    1.2415E+01    7.1712E+01    4.7890E+01    1.4021E+01    4.3664E+00    1.5951E+01    1.5353E+01    9.6979E+00   
 7.6670E+01    4.5885E+01    5.3217E+01    2.0126E+01    1.6254E+01    1.2464E+01    7.1763E+01    4.7858E+01    1.3938E+01    4.3053E+00    1.5768E+01    1.5292E+01    9.6754E+00   
 7.7760E+01    4.5876E+01    5.3193E+01    2.0024E+01    1.6227E+01    1.2596E+01    7.1833E+01    4.7747E+01    1.3875E+01    4.3257E+00    1.5870E+01    1.4865E+01    9.6528E+00   
 7.8847E+01    4.5886E+01    5.3181E+01    2.0131E+01    1.6148E+01    1.2759E+01    7.1874E+01    4.7673E+01    1.3862E+01    4.3053E+00    1.5931E+01    1.5255E+01    9.6754E+00   
 7.9935E+01    4.5876E+01    5.3186E+01    1.9817E+01    1.6148E+01    1.2937E+01    7.1939E+01    4.7652E+01    1.3801E+01    4.3257E+00    1.5809E+01    1.4792E+01    9.6528E+00   
 8.1024E+01    4.5879E+01    5.3154E+01    2.0013E+01    1.6165E+01    1.3035E+01    7.2018E+01    4.7661E+01    1.3739E+01    4.3053E+00    1.5809E+01    1.4841E+01    9.6754E+00   
 8.2104E+01    4.5863E+01    5.3114E+01    2.0857E+01    1.6141E+01    1.3243E+01    7.2069E+01    4.7635E+01    1.3746E+01    4.3053E+00    1.5788E+01    1.5255E+01    9.6979E+00   
 8.3184E+01    4.5882E+01    5.3100E+01    2.1177E+01    1.6032E+01    1.3435E+01    7.2135E+01    4.7680E+01    1.3713E+01    4.2645E+00    1.5768E+01    1.4902E+01    9.6754E+00   
 8.4264E+01    4.5877E+01    5.3068E+01    2.1488E+01    1.6159E+01    1.3622E+01    7.2188E+01    4.7688E+01    1.3691E+01    4.2849E+00    1.5666E+01    1.4975E+01    9.6754E+00   
 8.5359E+01    4.5899E+01    5.3055E+01    2.1529E+01    1.5994E+01    1.3719E+01    7.2245E+01    4.7701E+01    1.3698E+01    4.2442E+00    1.5809E+01    1.4926E+01    9.6754E+00   
 8.6449E+01    4.5903E+01    5.3029E+01    2.2085E+01    1.6036E+01    1.3908E+01    7.2276E+01    4.7762E+01    1.3709E+01    4.2645E+00    1.5666E+01    1.4938E+01    9.6754E+00   
 8.7536E+01    4.5905E+01    5.3023E+01    2.2079E+01    1.6052E+01    1.4081E+01    7.2310E+01    4.7843E+01    1.3718E+01    4.2442E+00    1.5625E+01    1.4950E+01    9.6754E+00   
 8.8624E+01    4.5905E+01    5.2968E+01    2.2332E+01    1.6049E+01    1.4152E+01    7.2345E+01    4.7888E+01    1.3722E+01    4.2645E+00    1.5788E+01    1.5048E+01    9.6979E+00   
 8.9720E+01    4.5900E+01    5.2944E+01    2.2390E+01    1.6056E+01    1.4325E+01    7.2351E+01    4.7935E+01    1.3731E+01    4.2645E+00    1.5564E+01    1.4975E+01    9.6302E+00   
 9.0810E+01    4.5907E+01    5.2925E+01    2.2227E+01    1.6007E+01    1.4476E+01    7.2350E+01    4.8042E+01    1.3736E+01    4.2442E+00    1.5747E+01    1.4780E+01    9.6302E+00   
 9.1903E+01    4.5897E+01    5.2895E+01    2.1802E+01    1.5925E+01    1.4637E+01    7.2324E+01    4.8139E+01    1.3749E+01    4.2645E+00    1.5645E+01    1.5206E+01    9.6754E+00   
 9.2999E+01    4.5876E+01    5.2900E+01    2.1560E+01    1.6017E+01    1.4724E+01    7.2286E+01    4.8223E+01    1.3787E+01    4.2442E+00    1.5645E+01    1.4695E+01    9.6528E+00   
 9.4096E+01    4.5900E+01    5.2902E+01    2.1409E+01    1.6032E+01    1.4870E+01    7.2240E+01    4.8296E+01    1.3792E+01    4.2442E+00    1.5645E+01    1.5072E+01    9.6754E+00   
 9.5192E+01    4.5886E+01    5.2894E+01    2.1374E+01    1.6081E+01    1.5014E+01    7.2223E+01    4.8423E+01    1.3812E+01    4.2645E+00    1.5564E+01    1.4792E+01    9.6754E+00   
 9.6303E+01    4.5894E+01    5.2894E+01    2.0941E+01    1.6043E+01    1.5131E+01    7.2198E+01    4.8527E+01    1.3869E+01    4.2849E+00    1.5747E+01    1.4756E+01    9.6528E+00   
 9.7392E+01    4.5899E+01    5.2892E+01    2.0852E+01    1.6021E+01    1.5197E+01    7.2188E+01    4.8559E+01    1.3875E+01    4.2849E+00    1.5625E+01    1.4780E+01    9.6302E+00   
# Time (s)      T1w (C)       T2w (C)       T1a (C)       T2a (C)       T1r (C)       T2r (C)       T3r (C)       T4r (C)       P1 (bar)      P2 (bar)      Pow (W/100)      Qc (l/min)    
 9.8544E+01    4.5898E+01    5.2867E+01    2.0919E+01    1.6179E+01    1.5335E+01    7.2201E+01    4.8690E+01    1.3906E+01    4.2645E+00    1.5666E+01    1.4877E+01    9.6754E+00   
 9.9641E+01    4.5899E+01    5.2864E+01    2.1162E+01    1.6198E+01    1.5478E+01    7.2216E+01    4.8805E+01    1.3919E+01    4.2645E+00    1.5666E+01    1.4743E+01    9.6528E+00   
 1.0073E+02    4.5914E+01    5.2884E+01    2.1583E+01    1.6195E+01    1.5574E+01    7.2220E+01    4.8873E+01    1.3917E+01    4.2849E+00    1.5584E+01    1.4719E+01    9.6528E+00   
 1.0181E+02    4.5919E+01    5.2863E+01    2.1562E+01    1.6285E+01    1.5615E+01    7.2186E+01    4.8928E+01    1.3931E+01    4.2849E+00    1.5564E+01    1.4926E+01    9.6754E+00   
 1.0289E+02    4.5926E+01    5.2863E+01    2.1544E+01    1.6237E+01    1.5713E+01    7.2168E+01    4.9008E+01    1.3947E+01    4.2849E+00    1.5625E+01    1.5109E+01    9.6754E+00   
 1.0397E+02    4.5926E+01    5.2853E+01    2.1892E+01    1.6305E+01    1.5822E+01    7.2150E+01    4.9088E+01    1.3968E+01    4.2849E+00    1.5584E+01    1.5121E+01    9.6754E+00   
 1.0505E+02    4.5928E+01    5.2837E+01    2.1864E+01    1.6329E+01    1.5921E+01    7.2161E+01    4.9129E+01    1.4012E+01    4.3053E+00    1.5686E+01    1.4975E+01    9.6754E+00   
 1.0614E+02    4.5934E+01    5.2862E+01    2.1596E+01    1.6327E+01    1.6000E+01    7.2190E+01    4.9223E+01    1.4047E+01    4.3053E+00    1.5605E+01    1.4999E+01    9.6528E+00   
 1.0722E+02    4.5927E+01    5.2852E+01    2.1302E+01    1.6429E+01    1.6065E+01    7.2207E+01    4.9271E+01    1.4049E+01    4.3053E+00    1.5707E+01    1.4841E+01    9.6979E+00   
 1.0831E+02    4.5953E+01    5.2882E+01    2.1414E+01    1.6418E+01    1.6155E+01    7.2233E+01    4.9324E+01    1.4078E+01    4.3257E+00    1.5625E+01    1.4877E+01    9.6528E+00   
 1.0940E+02    4.5957E+01    5.2889E+01    2.1491E+01    1.6479E+01    1.6194E+01    7.2266E+01    4.9354E+01    1.4128E+01    4.3460E+00    1.5605E+01    1.5194E+01    9.6754E+00   
 1.1048E+02    4.5923E+01    5.2880E+01    2.1199E+01    1.6439E+01    1.6265E+01    7.2287E+01    4.9398E+01    1.4165E+01    4.3460E+00    1.5605E+01    1.4890E+01    9.6754E+00   
 1.1156E+02    4.5933E+01    5.2867E+01    2.0786E+01    1.6506E+01    1.6347E+01    7.2296E+01    4.9429E+01    1.4169E+01    4.3664E+00    1.5686E+01    1.4780E+01    9.6979E+00   
 1.1264E+02    4.5922E+01    5.2864E+01    2.0539E+01    1.6486E+01    1.6399E+01    7.2338E+01    4.9455E+01    1.4239E+01    4.3664E+00    1.5645E+01    1.4768E+01    9.6979E+00   
 1.1372E+02    4.5918E+01    5.2866E+01    2.0549E+01    1.6488E+01    1.6440E+01    7.2362E+01    4.9488E+01    1.4276E+01    4.3868E+00    1.5584E+01    1.5219E+01    9.6979E+00   
 1.1481E+02    4.5914E+01    5.2889E+01    2.0478E+01    1.6514E+01    1.6500E+01    7.2359E+01    4.9524E+01    1.4290E+01    4.3664E+00    1.5768E+01    1.4756E+01    9.6979E+00   
 1.1590E+02    4.5925E+01    5.2903E+01    2.0439E+01    1.6556E+01    1.6561E+01    7.2374E+01    4.9528E+01    1.4278E+01    4.3664E+00    1.5686E+01    1.4853E+01    9.6528E+00   
 1.1699E+02    4.5938E+01    5.2921E+01    2.0437E+01    1.6557E+01    1.6618E+01    7.2405E+01    4.9533E+01    1.4340E+01    4.3868E+00    1.5605E+01    1.5182E+01    9.6979E+00   
 1.1808E+02    4.5975E+01    5.2938E+01    2.0575E+01    1.6500E+01    1.6652E+01    7.2411E+01    4.9557E+01    1.4350E+01    4.4071E+00    1.5605E+01    1.4792E+01    9.6979E+00   
 1.1916E+02    4.5979E+01    5.2974E+01    2.0520E+01    1.6558E+01    1.6717E+01    7.2416E+01    4.9585E+01    1.4352E+01    4.4071E+00    1.5645E+01    1.4768E+01    9.6979E+00   
 1.2024E+02    4.5985E+01    5.2980E+01    2.0386E+01    1.6608E+01    1.6743E+01    7.2406E+01    4.9585E+01    1.4364E+01    4.4071E+00    1.5686E+01    1.4999E+01    9.6754E+00   
 1.2132E+02    4.5993E+01    5.2985E+01    2.0959E+01    1.6625E+01    1.6772E+01    7.2402E+01    4.9573E+01    1.4398E+01    4.3868E+00    1.5707E+01    1.5024E+01    9.6979E+00   
 1.2242E+02    4.5963E+01    5.2976E+01    2.1071E+01    1.6608E+01    1.6795E+01    7.2381E+01    4.9605E+01    1.4416E+01    4.3868E+00    1.5768E+01    1.4768E+01    9.6979E+00   
 1.2351E+02    4.5962E+01    5.2984E+01    2.1241E+01    1.6645E+01    1.6841E+01    7.2361E+01    4.9622E+01    1.4393E+01    4.4071E+00    1.5645E+01    1.5206E+01    9.6979E+00   
 1.2461E+02    4.5955E+01    5.2969E+01    2.1016E+01    1.6626E+01    1.6839E+01    7.2372E+01    4.9584E+01    1.4430E+01    4.4479E+00    1.5686E+01    1.5145E+01    9.7204E+00   
 1.2572E+02    4.5932E+01    5.2944E+01    2.1040E+01    1.6580E+01    1.6866E+01    7.2362E+01    4.9594E+01    1.4430E+01    4.4275E+00    1.5768E+01    1.5060E+01    9.6754E+00   
 1.2680E+02    4.5950E+01    5.2975E+01    2.0943E+01    1.6677E+01    1.6907E+01    7.2363E+01    4.9598E+01    1.4491E+01    4.4479E+00    1.5849E+01    1.4829E+01    9.6528E+00   
 1.2792E+02    4.5947E+01    5.2967E+01    2.0533E+01    1.6727E+01    1.6962E+01    7.2357E+01    4.9661E+01    1.4542E+01    4.4479E+00    1.5768E+01    1.4865E+01    9.6754E+00   
 1.2901E+02    4.5969E+01    5.2988E+01    2.0741E+01    1.6716E+01    1.6992E+01    7.2346E+01    4.9665E+01    1.4560E+01    4.4479E+00    1.5686E+01    1.4841E+01    9.7204E+00   
 1.3010E+02    4.5944E+01    5.2991E+01    2.0910E+01    1.6734E+01    1.7016E+01    7.2338E+01    4.9692E+01    1.4602E+01    4.4683E+00    1.5707E+01    1.5255E+01    9.6754E+00   
# Time (s)      T1w (C)       T2w (C)       T1a (C)       T2a (C)       T1r (C)       T2r (C)       T3r (C)       T4r (C)       P1 (bar)      P2 (bar)      Pow (W/100)      Qc (l/min)    
 1.3118E+02    4.5947E+01    5.3002E+01    2.1047E+01    1.6650E+01    1.7031E+01    7.2303E+01    4.9692E+01    1.4634E+01    4.4479E+00    1.5768E+01    1.4816E+01    9.6754E+00   
 1.3227E+02    4.5916E+01    5.3001E+01    2.1212E+01    1.6677E+01    1.7045E+01    7.2285E+01    4.9705E+01    1.4660E+01    4.4683E+00    1.5747E+01    1.5328E+01    9.6528E+00   
 1.3336E+02    4.5899E+01    5.2975E+01    2.0840E+01    1.6708E+01    1.7054E+01    7.2306E+01    4.9727E+01    1.4699E+01    4.4886E+00    1.5747E+01    1.5024E+01    9.6979E+00   
 1.3444E+02    4.5926E+01    5.2999E+01    2.1022E+01    1.6758E+01    1.7060E+01    7.2296E+01    4.9726E+01    1.4759E+01    4.4479E+00    1.5666E+01    1.4853E+01    9.6754E+00   
 1.3553E+02    4.5907E+01    5.3020E+01    2.1002E+01    1.6758E+01    1.7025E+01    7.2239E+01    4.9748E+01    1.4779E+01    4.4275E+00    1.5747E+01    1.5340E+01    9.6979E+00   
 1.3662E+02    4.5930E+01    5.3024E+01    2.0474E+01    1.6735E+01    1.7015E+01    7.2241E+01    4.9748E+01    1.4844E+01    4.4479E+00    1.5686E+01    1.4902E+01    9.6754E+00   
 1.3769E+02    4.5945E+01    5.3044E+01    2.0395E+01    1.6738E+01    1.7029E+01    7.2227E+01    4.9787E+01    1.4885E+01    4.4886E+00    1.5686E+01    1.4829E+01    9.6754E+00   
 1.3877E+02    4.5922E+01    5.3029E+01    2.0522E+01    1.6775E+01    1.6974E+01    7.2238E+01    4.9807E+01    1.4905E+01    4.4683E+00    1.5686E+01    1.4890E+01    9.6754E+00   
 1.3986E+02    4.5950E+01    5.3040E+01    2.1068E+01    1.6892E+01    1.6908E+01    7.2286E+01    4.9828E+01    1.4959E+01    4.4683E+00    1.5747E+01    1.5243E+01    9.6979E+00   
 1.4094E+02    4.5933E+01    5.3045E+01    2.0773E+01    1.6877E+01    1.6814E+01    7.2274E+01    4.9817E+01    1.5011E+01    4.4886E+00    1.5809E+01    1.5328E+01    9.6754E+00   
 1.4205E+02    4.5921E+01    5.3037E+01    2.0721E+01    1.6848E+01    1.6718E+01    7.2245E+01    4.9834E+01    1.5048E+01    4.4683E+00    1.5768E+01    1.4877E+01    9.6754E+00   
 1.4314E+02    4.5905E+01    5.3020E+01    2.1111E+01    1.6856E+01    1.6531E+01    7.2273E+01    4.9845E+01    1.5079E+01    4.5090E+00    1.5707E+01    1.4950E+01    9.6979E+00   
 1.4423E+02    4.5914E+01    5.3031E+01    2.1040E+01    1.6931E+01    1.6337E+01    7.2255E+01    4.9875E+01    1.5125E+01    4.5090E+00    1.5788E+01    1.4938E+01    9.6979E+00   
 1.4532E+02    4.5919E+01    5.3050E+01    2.1164E+01    1.6879E+01    1.6010E+01    7.2238E+01    4.9915E+01    1.5153E+01    4.5294E+00    1.5747E+01    1.5206E+01    9.7428E+00   
 1.4641E+02    4.5935E+01    5.3071E+01    2.1193E+01    1.6954E+01    1.5780E+01    7.2264E+01    4.9884E+01    1.5195E+01    4.5294E+00    1.5768E+01    1.5377E+01    9.7204E+00   
 1.4749E+02    4.5940E+01    5.3077E+01    2.0909E+01    1.6987E+01    1.5299E+01    7.2280E+01    4.9910E+01    1.5199E+01    4.5090E+00    1.5768E+01    1.5072E+01    9.6979E+00   
 1.4858E+02    4.5944E+01    5.3093E+01    2.0475E+01    1.6993E+01    1.4971E+01    7.2276E+01    4.9893E+01    1.5211E+01    4.5294E+00    1.5849E+01    1.4963E+01    9.6754E+00   
 1.4967E+02    4.5944E+01    5.3096E+01    2.0303E+01    1.6980E+01    1.4593E+01    7.2205E+01    4.9886E+01    1.5210E+01    4.5294E+00    1.5747E+01    1.5353E+01    9.6754E+00   
 1.5077E+02    4.5945E+01    5.3107E+01    2.0195E+01    1.6983E+01    1.4431E+01    7.2156E+01    4.9886E+01    1.5207E+01    4.5090E+00    1.5788E+01    1.4975E+01    9.6754E+00   
 1.5186E+02    4.5951E+01    5.3149E+01    2.0180E+01    1.6943E+01    1.4124E+01    7.2109E+01    4.9911E+01    1.5226E+01    4.5294E+00    1.5870E+01    1.5292E+01    9.6528E+00   
 1.5298E+02    4.5940E+01    5.3139E+01    2.0151E+01    1.6973E+01    1.3874E+01    7.2117E+01    4.9881E+01    1.5225E+01    4.5090E+00    1.5747E+01    1.5085E+01    9.6528E+00   
 1.5407E+02    4.5916E+01    5.3125E+01    2.0156E+01    1.6924E+01    1.3658E+01    7.2121E+01    4.9844E+01    1.5171E+01    4.4886E+00    1.5809E+01    1.4902E+01    9.6979E+00   
 1.5519E+02    4.5895E+01    5.3116E+01    2.0188E+01    1.6951E+01    1.3572E+01    7.2142E+01    4.9771E+01    1.5122E+01    4.4683E+00    1.5829E+01    1.5182E+01    9.6075E+00   
 1.5627E+02    4.5912E+01    5.3133E+01    2.0218E+01    1.6926E+01    1.3428E+01    7.2141E+01    4.9698E+01    1.5100E+01    4.4886E+00    1.5931E+01    1.4926E+01    9.6302E+00   
 1.5736E+02    4.5912E+01    5.3166E+01    2.0251E+01    1.6966E+01    1.3284E+01    7.2144E+01    4.9582E+01    1.4994E+01    4.4479E+00    1.5911E+01    1.5231E+01    9.6754E+00   
 1.5845E+02    4.5923E+01    5.3186E+01    2.0194E+01    1.6897E+01    1.3213E+01    7.2123E+01    4.9527E+01    1.4914E+01    4.4479E+00    1.5870E+01    1.4938E+01    9.6528E+00   
 1.5954E+02    4.5927E+01    5.3201E+01    2.0205E+01    1.6879E+01    1.3070E+01    7.2087E+01    4.9399E+01    1.4841E+01    4.4275E+00    1.5809E+01    1.5279E+01    9.6302E+00   
 1.6063E+02    4.5929E+01    5.3205E+01    2.0176E+01    1.6783E+01    1.2909E+01    7.2049E+01    4.9282E+01    1.4784E+01    4.4275E+00    1.5972E+01    1.4914E+01    9.6302E+00   
 1.6171E+02    4.5934E+01    5.3214E+01    2.0141E+01    1.6834E+01    1.2828E+01    7.2000E+01    4.9149E+01    1.4711E+01    4.4479E+00    1.5911E+01    1.5316E+01    9.6528E+00   
 1.6280E+02    4.5935E+01    5.3231E+01    2.0281E+01    1.6744E+01    1.2784E+01    7.1950E+01    4.9101E+01    1.4648E+01    4.4275E+00    1.5870E+01    1.5011E+01    9.6528E+00   
# Time (s)      T1w (C)       T2w (C)       T1a (C)       T2a (C)       T1r (C)       T2r (C)       T3r (C)       T4r (C)       P1 (bar)      P2 (bar)      Pow (W/100)      Qc (l/min)    
 1.6389E+02    4.5948E+01    5.3248E+01    2.0102E+01    1.6665E+01    1.2668E+01    7.1898E+01    4.8966E+01    1.4569E+01    4.4275E+00    1.5911E+01    1.5206E+01    9.6754E+00   
 1.6498E+02    4.5952E+01    5.3248E+01    2.0073E+01    1.6741E+01    1.2563E+01    7.1909E+01    4.8838E+01    1.4552E+01    4.4479E+00    1.5809E+01    1.5365E+01    9.6528E+00   
 1.6606E+02    4.5946E+01    5.3245E+01    2.0136E+01    1.6633E+01    1.2487E+01    7.1933E+01    4.8692E+01    1.4445E+01    4.4071E+00    1.5829E+01    1.5182E+01    9.6979E+00   
 1.6714E+02    4.5963E+01    5.3267E+01    1.9976E+01    1.6560E+01    1.2429E+01    7.1974E+01    4.8612E+01    1.4328E+01    4.4071E+00    1.5849E+01    1.4902E+01    9.6302E+00   
 1.6822E+02    4.5951E+01    5.3262E+01    2.0016E+01    1.6500E+01    1.2350E+01    7.1981E+01    4.8447E+01    1.4276E+01    4.3664E+00    1.5870E+01    1.5036E+01    9.6528E+00   
 1.6930E+02    4.5933E+01    5.3269E+01    2.0023E+01    1.6504E+01    1.2320E+01    7.2007E+01    4.8303E+01    1.4184E+01    4.3664E+00    1.5849E+01    1.5170E+01    9.6075E+00   
 1.7039E+02    4.5953E+01    5.3258E+01    1.9961E+01    1.6474E+01    1.2298E+01    7.2019E+01    4.8181E+01    1.4091E+01    4.3460E+00    1.5951E+01    1.4877E+01    9.6528E+00   
 1.7148E+02    4.5948E+01    5.3249E+01    1.9925E+01    1.6386E+01    1.2337E+01    7.2072E+01    4.8047E+01    1.4011E+01    4.3460E+00    1.5849E+01    1.5365E+01    9.6528E+00   
 1.7256E+02    4.5960E+01    5.3241E+01    1.9941E+01    1.6402E+01    1.2463E+01    7.2127E+01    4.7942E+01    1.3976E+01    4.3257E+00    1.5849E+01    1.4853E+01    9.6528E+00   
 1.7365E+02    4.5966E+01    5.3242E+01    1.9917E+01    1.6312E+01    1.2578E+01    7.2160E+01    4.7858E+01    1.3898E+01    4.3053E+00    1.5829E+01    1.5304E+01    9.6528E+00   
 1.7474E+02    4.5951E+01    5.3240E+01    1.9859E+01    1.6246E+01    1.2658E+01    7.2209E+01    4.7828E+01    1.3852E+01    4.3053E+00    1.5768E+01    1.5304E+01    9.6754E+00   
 1.7582E+02    4.5935E+01    5.3214E+01    1.9862E+01    1.6310E+01    1.2779E+01    7.2215E+01    4.7740E+01    1.3764E+01    4.3053E+00    1.5747E+01    1.5206E+01    9.6754E+00   
 1.7691E+02    4.5947E+01    5.3204E+01    2.0300E+01    1.6191E+01    1.2911E+01    7.2210E+01    4.7650E+01    1.3698E+01    4.2849E+00    1.5849E+01    1.4816E+01    9.6528E+00   
 1.7800E+02    4.5950E+01    5.3187E+01    2.0271E+01    1.6160E+01    1.3074E+01    7.2236E+01    4.7614E+01    1.3622E+01    4.3053E+00    1.5849E+01    1.5036E+01    9.6302E+00   
 1.7910E+02    4.5960E+01    5.3167E+01    2.0145E+01    1.6022E+01    1.3163E+01    7.2281E+01    4.7626E+01    1.3612E+01    4.2849E+00    1.5788E+01    1.4902E+01    9.6528E+00   
 1.8020E+02    4.5948E+01    5.3127E+01    2.0234E+01    1.6113E+01    1.3344E+01    7.2299E+01    4.7640E+01    1.3609E+01    4.2645E+00    1.5747E+01    1.4792E+01    9.6302E+00   
 1.8129E+02    4.5950E+01    5.3090E+01    2.0224E+01    1.6167E+01    1.3552E+01    7.2351E+01    4.7669E+01    1.3653E+01    4.2645E+00    1.5727E+01    1.4792E+01    9.6075E+00   
 1.8239E+02    4.5947E+01    5.3066E+01    2.0139E+01    1.6184E+01    1.3637E+01    7.2345E+01    4.7693E+01    1.3639E+01    4.2645E+00    1.5809E+01    1.4877E+01    9.6528E+00   
 1.8348E+02    4.5956E+01    5.3045E+01    2.0204E+01    1.6090E+01    1.3798E+01    7.2344E+01    4.7706E+01    1.3634E+01    4.2442E+00    1.5829E+01    1.4743E+01    9.6528E+00   
 1.8463E+02    4.5953E+01    5.3026E+01    2.0524E+01    1.5984E+01    1.3966E+01    7.2320E+01    4.7794E+01    1.3590E+01    4.2442E+00    1.5645E+01    1.4780E+01    9.6754E+00   
 1.8575E+02    4.5962E+01    5.3001E+01    2.0349E+01    1.6045E+01    1.4137E+01    7.2301E+01    4.7880E+01    1.3609E+01    4.2442E+00    1.5809E+01    1.5158E+01    9.7204E+00   
 1.8683E+02    4.5952E+01    5.2990E+01    2.0529E+01    1.6123E+01    1.4295E+01    7.2264E+01    4.7965E+01    1.3644E+01    4.2442E+00    1.5809E+01    1.4926E+01    9.6754E+00   
 1.8791E+02    4.5948E+01    5.2948E+01    2.0696E+01    1.6066E+01    1.4412E+01    7.2252E+01    4.8018E+01    1.3677E+01    4.2645E+00    1.5768E+01    1.4975E+01    9.6528E+00   
 1.8900E+02    4.5954E+01    5.2949E+01    2.0500E+01    1.6027E+01    1.4540E+01    7.2278E+01    4.8130E+01    1.3693E+01    4.2645E+00    1.5584E+01    1.4707E+01    9.6754E+00   
 1.9009E+02    4.5942E+01    5.2919E+01    2.0628E+01    1.6037E+01    1.4713E+01    7.2320E+01    4.8229E+01    1.3715E+01    4.2442E+00    1.5768E+01    1.5109E+01    9.7204E+00   
 1.9117E+02    4.5943E+01    5.2924E+01    2.0621E+01    1.6154E+01    1.4797E+01    7.2348E+01    4.8267E+01    1.3759E+01    4.2645E+00    1.5809E+01    1.4719E+01    9.6754E+00   
 1.9226E+02    4.5974E+01    5.2925E+01    2.0625E+01    1.6087E+01    1.4926E+01    7.2409E+01    4.8411E+01    1.3790E+01    4.2645E+00    1.5625E+01    1.4987E+01    9.7204E+00   
 1.9335E+02    4.5971E+01    5.2917E+01    2.0884E+01    1.6041E+01    1.5081E+01    7.2464E+01    4.8529E+01    1.3820E+01    4.2645E+00    1.5727E+01    1.5072E+01    9.6979E+00   
 1.9444E+02    4.5959E+01    5.2890E+01    2.0756E+01    1.6148E+01    1.5248E+01    7.2526E+01    4.8628E+01    1.3936E+01    4.2849E+00    1.5625E+01    1.4707E+01    9.6979E+00   
 1.9553E+02    4.5966E+01    5.2896E+01    2.0543E+01    1.6177E+01    1.5293E+01    7.2581E+01    4.8702E+01    1.3937E+01    4.2849E+00    1.5809E+01    1.5097E+01    9.6979E+00   
# Time (s)      T1w (C)       T2w (C)       T1a (C)       T2a (C)       T1r (C)       T2r (C)       T3r (C)       T4r (C)       P1 (bar)      P2 (bar)      Pow (W/100)      Qc (l/min)    
 1.9661E+02    4.5966E+01    5.2874E+01    2.0395E+01    1.6298E+01    1.5400E+01    7.2644E+01    4.8761E+01    1.3934E+01    4.2849E+00    1.5727E+01    1.5097E+01    9.6979E+00   
 1.9769E+02    4.5966E+01    5.2865E+01    2.0863E+01    1.6286E+01    1.5522E+01    7.2667E+01    4.8863E+01    1.3932E+01    4.2849E+00    1.5645E+01    1.4719E+01    9.6979E+00   
 1.9878E+02    4.5965E+01    5.2883E+01    2.0786E+01    1.6334E+01    1.5648E+01    7.2675E+01    4.8949E+01    1.3932E+01    4.2849E+00    1.5605E+01    1.5145E+01    9.6979E+00   
 1.9986E+02    4.5968E+01    5.2882E+01    2.0751E+01    1.6312E+01    1.5693E+01    7.2708E+01    4.8984E+01    1.3956E+01    4.3257E+00    1.5686E+01    1.4719E+01    9.6754E+00   
 2.0095E+02    4.5995E+01    5.2894E+01    2.0808E+01    1.6405E+01    1.5816E+01    7.2753E+01    4.9080E+01    1.4019E+01    4.3257E+00    1.5768E+01    1.5182E+01    9.7204E+00   
 2.0204E+02    4.5974E+01    5.2888E+01    2.0943E+01    1.6408E+01    1.5949E+01    7.2768E+01    4.9168E+01    1.4043E+01    4.3053E+00    1.5666E+01    1.4902E+01    9.7204E+00   
 2.0313E+02    4.5989E+01    5.2895E+01    2.0973E+01    1.6529E+01    1.6001E+01    7.2744E+01    4.9172E+01    1.4083E+01    4.3257E+00    1.5686E+01    1.4719E+01    9.6302E+00   
 2.0421E+02    4.5994E+01    5.2923E+01    2.1011E+01    1.6561E+01    1.6109E+01    7.2750E+01    4.9278E+01    1.4166E+01    4.3664E+00    1.5707E+01    1.4756E+01    9.6979E+00   
 2.0529E+02    4.6011E+01    5.2938E+01    2.1004E+01    1.6537E+01    1.6225E+01    7.2751E+01    4.9350E+01    1.4180E+01    4.3664E+00    1.5666E+01    1.4938E+01    9.6754E+00   
 2.0639E+02    4.6013E+01    5.2950E+01    2.0517E+01    1.6579E+01    1.6313E+01    7.2756E+01    4.9392E+01    1.4211E+01    4.3664E+00    1.5768E+01    1.5097E+01    9.7204E+00   
 2.0747E+02    4.6016E+01    5.2943E+01    2.0653E+01    1.6514E+01    1.6345E+01    7.2718E+01    4.9423E+01    1.4249E+01    4.3460E+00    1.5666E+01    1.5036E+01    9.6979E+00   
 2.0857E+02    4.6010E+01    5.2963E+01    2.1020E+01    1.6546E+01    1.6414E+01    7.2637E+01    4.9451E+01    1.4272E+01    4.3664E+00    1.5747E+01    1.4804E+01    9.6979E+00   
 2.0966E+02    4.6011E+01    5.2969E+01    2.1069E+01    1.6609E+01    1.6473E+01    7.2585E+01    4.9464E+01    1.4297E+01    4.3664E+00    1.5747E+01    1.5158E+01    9.6754E+00   
 2.1076E+02    4.6039E+01    5.3010E+01    2.1304E+01    1.6617E+01    1.6558E+01    7.2511E+01    4.9497E+01    1.4341E+01    4.3868E+00    1.5686E+01    1.5255E+01    9.6528E+00   
 2.1191E+02    4.6027E+01    5.2995E+01    2.0939E+01    1.6635E+01    1.6589E+01    7.2485E+01    4.9526E+01    1.4324E+01    4.3868E+00    1.5768E+01    1.4902E+01    9.6754E+00   
 2.1301E+02    4.6009E+01    5.2999E+01    2.0868E+01    1.6632E+01    1.6664E+01    7.2524E+01    4.9554E+01    1.4355E+01    4.4071E+00    1.5768E+01    1.5145E+01    9.6075E+00   
 2.1408E+02    4.5991E+01    5.2997E+01    2.0934E+01    1.6663E+01    1.6715E+01    7.2532E+01    4.9575E+01    1.4369E+01    4.4071E+00    1.5727E+01    1.4950E+01    9.6075E+00   
 2.1516E+02    4.5999E+01    5.2984E+01    2.0937E+01    1.6630E+01    1.6781E+01    7.2544E+01    4.9590E+01    1.4378E+01    4.4275E+00    1.5666E+01    1.5243E+01    9.6754E+00   
 2.1624E+02    4.6007E+01    5.2994E+01    2.1035E+01    1.6640E+01    1.6811E+01    7.2540E+01    4.9603E+01    1.4410E+01    4.4071E+00    1.5686E+01    1.5292E+01    9.6754E+00   
 2.1732E+02    4.6016E+01    5.3023E+01    2.1100E+01    1.6719E+01    1.6860E+01    7.2560E+01    4.9610E+01    1.4418E+01    4.4275E+00    1.5707E+01    1.4816E+01    9.6302E+00   
 2.1841E+02    4.6024E+01    5.3046E+01    2.1195E+01    1.6624E+01    1.6907E+01    7.2551E+01    4.9587E+01    1.4414E+01    4.4071E+00    1.5829E+01    1.5340E+01    9.6979E+00   
 2.1950E+02    4.6010E+01    5.3047E+01    2.1224E+01    1.6677E+01    1.6926E+01    7.2510E+01    4.9588E+01    1.4422E+01    4.4071E+00    1.5747E+01    1.4816E+01    9.6979E+00   
 2.2059E+02    4.6024E+01    5.3069E+01    2.1193E+01    1.6810E+01    1.6937E+01    7.2480E+01    4.9601E+01    1.4444E+01    4.4479E+00    1.5686E+01    1.5085E+01    9.6754E+00   
 2.2167E+02    4.6058E+01    5.3096E+01    2.1287E+01    1.6769E+01    1.6973E+01    7.2450E+01    4.9629E+01    1.4452E+01    4.4071E+00    1.5707E+01    1.5328E+01    9.6528E+00   
 2.2275E+02    4.6070E+01    5.3101E+01    2.1129E+01    1.6726E+01    1.6997E+01    7.2469E+01    4.9617E+01    1.4484E+01    4.4479E+00    1.5707E+01    1.4877E+01    9.6528E+00   
 2.2383E+02    4.6038E+01    5.3094E+01    2.1138E+01    1.6678E+01    1.7017E+01    7.2491E+01    4.9641E+01    1.4504E+01    4.4275E+00    1.5707E+01    1.4865E+01    9.6754E+00   
 2.2491E+02    4.6040E+01    5.3090E+01    2.1331E+01    1.6744E+01    1.7040E+01    7.2460E+01    4.9650E+01    1.4543E+01    4.4479E+00    1.5727E+01    1.4938E+01    9.6302E+00   
 2.2599E+02    4.6031E+01    5.3100E+01    2.0835E+01    1.6742E+01    1.7074E+01    7.2434E+01    4.9677E+01    1.4563E+01    4.4683E+00    1.5707E+01    1.5219E+01    9.6528E+00   
 2.2708E+02    4.6023E+01    5.3084E+01    2.0918E+01    1.6770E+01    1.7089E+01    7.2415E+01    4.9675E+01    1.4596E+01    4.4683E+00    1.5768E+01    1.4926E+01    9.6302E+00   
 2.2817E+02    4.6039E+01    5.3112E+01    2.0885E+01    1.6759E+01    1.7113E+01    7.2435E+01    4.9706E+01    1.4636E+01    4.4479E+00    1.5768E+01    1.4963E+01    9.7204E+00   
# Time (s)      T1w (C)       T2w (C)       T1a (C)       T2a (C)       T1r (C)       T2r (C)       T3r (C)       T4r (C)       P1 (bar)      P2 (bar)      Pow (W/100)      Qc (l/min)    
 2.2928E+02    4.6011E+01    5.3101E+01    2.0401E+01    1.6853E+01    1.7149E+01    7.2394E+01    4.9695E+01    1.4684E+01    4.4683E+00    1.5707E+01    1.5365E+01    9.6979E+00   
 2.3037E+02    4.6035E+01    5.3145E+01    2.0282E+01    1.6893E+01    1.7186E+01    7.2368E+01    4.9746E+01    1.4720E+01    4.5090E+00    1.5768E+01    1.5024E+01    9.6979E+00   
 2.3145E+02    4.6039E+01    5.3140E+01    2.0304E+01    1.6834E+01    1.7216E+01    7.2392E+01    4.9786E+01    1.4783E+01    4.4479E+00    1.5768E+01    1.4890E+01    9.6754E+00   
 2.3253E+02    4.6020E+01    5.3152E+01    2.0374E+01    1.6852E+01    1.7196E+01    7.2397E+01    4.9787E+01    1.4793E+01    4.5090E+00    1.5768E+01    1.5219E+01    9.6528E+00   
 2.3361E+02    4.6060E+01    5.3189E+01    2.0246E+01    1.6860E+01    1.7178E+01    7.2399E+01    4.9779E+01    1.4795E+01    4.5090E+00    1.5809E+01    1.5353E+01    9.6528E+00   
 2.3469E+02    4.6025E+01    5.3148E+01    2.0060E+01    1.6909E+01    1.7087E+01    7.2331E+01    4.9734E+01    1.4794E+01    4.4683E+00    1.5727E+01    1.4877E+01    9.6754E+00   
 2.3578E+02    4.5999E+01    5.3159E+01    2.0144E+01    1.6850E+01    1.7066E+01    7.2358E+01    4.9760E+01    1.4843E+01    4.4683E+00    1.5788E+01    1.4890E+01    9.6979E+00   
 2.3687E+02    4.6002E+01    5.3182E+01    2.0131E+01    1.6928E+01    1.6998E+01    7.2397E+01    4.9791E+01    1.4897E+01    4.4886E+00    1.5768E+01    1.5133E+01    9.6754E+00   
 2.3797E+02    4.6004E+01    5.3182E+01    2.0264E+01    1.6957E+01    1.6889E+01    7.2380E+01    4.9797E+01    1.4914E+01    4.4683E+00    1.5870E+01    1.5048E+01    9.6979E+00   
 2.3907E+02    4.6039E+01    5.3174E+01    2.0419E+01    1.6974E+01    1.6738E+01    7.2357E+01    4.9800E+01    1.4974E+01    4.5294E+00    1.5788E+01    1.4902E+01    9.6979E+00   
 2.4016E+02    4.6050E+01    5.3198E+01    2.0432E+01    1.6966E+01    1.6640E+01    7.2346E+01    4.9809E+01    1.5027E+01    4.5090E+00    1.5788E+01    1.4902E+01    9.6302E+00   
 2.4126E+02    4.6050E+01    5.3204E+01    2.0427E+01    1.7025E+01    1.6415E+01    7.2377E+01    4.9833E+01    1.5060E+01    4.5090E+00    1.5727E+01    1.4914E+01    9.6754E+00   
 2.4235E+02    4.6059E+01    5.3206E+01    2.0400E+01    1.7031E+01    1.6144E+01    7.2403E+01    4.9880E+01    1.5090E+01    4.5294E+00    1.5809E+01    1.5133E+01    9.6979E+00   
 2.4348E+02    4.6062E+01    5.3214E+01    2.0243E+01    1.7020E+01    1.5868E+01    7.2453E+01    4.9890E+01    1.5142E+01    4.5498E+00    1.5829E+01    1.4963E+01    9.5847E+00   
 2.4456E+02    4.6057E+01    5.3213E+01    2.0786E+01    1.7064E+01    1.5672E+01    7.2482E+01    4.9911E+01    1.5165E+01    4.5701E+00    1.5870E+01    1.5438E+01    9.6302E+00   
 2.4566E+02    4.6054E+01    5.3214E+01    2.0609E+01    1.6980E+01    1.5165E+01    7.2479E+01    4.9918E+01    1.5171E+01    4.5294E+00    1.5890E+01    1.5438E+01    9.6754E+00   
 2.4674E+02    4.6057E+01    5.3222E+01    2.0491E+01    1.7088E+01    1.4744E+01    7.2481E+01    4.9911E+01    1.5178E+01    4.5294E+00    1.5829E+01    1.4950E+01    9.6979E+00   
 2.4783E+02    4.6018E+01    5.3196E+01    2.1105E+01    1.7021E+01    1.4554E+01    7.2454E+01    4.9935E+01    1.5171E+01    4.5498E+00    1.5809E+01    1.5462E+01    9.6979E+00   
 2.4892E+02    4.6017E+01    5.3203E+01    2.1440E+01    1.7033E+01    1.4285E+01    7.2422E+01    4.9891E+01    1.5140E+01    4.5701E+00    1.5870E+01    1.4963E+01    9.6979E+00   
 2.5000E+02    4.6019E+01    5.3237E+01    2.1940E+01    1.7095E+01    1.4052E+01    7.2400E+01    4.9848E+01    1.5124E+01    4.5701E+00    1.5911E+01    1.5279E+01    9.6528E+00   
 2.5109E+02    4.6030E+01    5.3267E+01    2.1553E+01    1.7092E+01    1.3884E+01    7.2410E+01    4.9834E+01    1.5139E+01    4.5090E+00    1.5870E+01    1.5109E+01    9.6528E+00   
 2.5218E+02    4.6032E+01    5.3288E+01    2.0693E+01    1.7082E+01    1.3825E+01    7.2394E+01    4.9809E+01    1.5116E+01    4.5090E+00    1.5829E+01    1.5328E+01    9.6528E+00   
 2.5327E+02    4.6048E+01    5.3343E+01    2.0564E+01    1.7096E+01    1.3671E+01    7.2366E+01    4.9769E+01    1.5114E+01    4.5294E+00    1.5890E+01    1.5060E+01    9.5847E+00   
 2.5436E+02    4.6039E+01    5.3325E+01    2.0672E+01    1.7033E+01    1.3543E+01    7.2372E+01    4.9692E+01    1.5081E+01    4.5090E+00    1.5972E+01    1.5024E+01    9.6302E+00   
 2.5545E+02    4.6018E+01    5.3350E+01    2.1050E+01    1.7112E+01    1.3419E+01    7.2371E+01    4.9565E+01    1.5042E+01    4.5090E+00    1.5911E+01    1.5316E+01    9.5847E+00   
 2.5653E+02    4.6012E+01    5.3329E+01    2.0661E+01    1.7022E+01    1.3365E+01    7.2398E+01    4.9525E+01    1.4968E+01    4.4683E+00    1.5911E+01    1.5085E+01    9.6302E+00   
 2.5762E+02    4.6003E+01    5.3313E+01    2.1017E+01    1.6978E+01    1.3225E+01    7.2347E+01    4.9441E+01    1.4929E+01    4.4886E+00    1.5951E+01    1.5255E+01    9.6075E+00   
 2.5871E+02    4.5979E+01    5.3321E+01    2.0688E+01    1.6965E+01    1.3115E+01    7.2324E+01    4.9309E+01    1.4892E+01    4.4683E+00    1.6033E+01    1.4987E+01    9.6528E+00   
 2.5980E+02    4.6004E+01    5.3356E+01    2.0545E+01    1.6975E+01    1.3030E+01    7.2265E+01    4.9205E+01    1.4835E+01    4.4275E+00    1.5972E+01    1.5487E+01    9.6528E+00   
 2.6089E+02    4.6008E+01    5.3380E+01    2.0958E+01    1.6963E+01    1.3011E+01    7.2225E+01    4.9173E+01    1.4819E+01    4.4683E+00    1.5931E+01    1.5474E+01    9.6075E+00   
# Time (s)      T1w (C)       T2w (C)       T1a (C)       T2a (C)       T1r (C)       T2r (C)       T3r (C)       T4r (C)       P1 (bar)      P2 (bar)      Pow (W/100)      Qc (l/min)    
 2.6198E+02    4.6052E+01    5.3410E+01    2.1851E+01    1.6867E+01    1.2918E+01    7.2210E+01    4.9047E+01    1.4730E+01    4.4683E+00    1.5951E+01    1.4999E+01    9.6754E+00   
 2.6308E+02    4.6044E+01    5.3414E+01    2.1446E+01    1.6815E+01    1.2823E+01    7.2171E+01    4.8934E+01    1.4689E+01    4.4479E+00    1.6053E+01    1.4963E+01    9.6754E+00   
 2.6417E+02    4.6052E+01    5.3429E+01    2.1297E+01    1.6824E+01    1.2790E+01    7.2135E+01    4.8780E+01    1.4607E+01    4.4479E+00    1.5911E+01    1.5401E+01    9.6528E+00   
 2.6527E+02    4.6045E+01    5.3427E+01    2.0901E+01    1.6760E+01    1.2715E+01    7.2118E+01    4.8688E+01    1.4518E+01    4.4275E+00    1.5992E+01    1.5011E+01    9.6528E+00   
 2.6637E+02    4.6038E+01    5.3424E+01    2.0754E+01    1.6754E+01    1.2667E+01    7.2098E+01    4.8574E+01    1.4396E+01    4.4071E+00    1.6053E+01    1.5036E+01    9.6754E+00   
 2.6746E+02    4.6021E+01    5.3410E+01    2.0747E+01    1.6657E+01    1.2627E+01    7.2111E+01    4.8439E+01    1.4329E+01    4.3868E+00    1.5972E+01    1.4963E+01    9.7204E+00   
 2.6858E+02    4.6025E+01    5.3418E+01    2.0612E+01    1.6467E+01    1.2598E+01    7.2085E+01    4.8282E+01    1.4233E+01    4.4071E+00    1.5951E+01    1.5328E+01    9.6754E+00   
 2.6965E+02    4.6001E+01    5.3387E+01    2.0827E+01    1.6550E+01    1.2676E+01    7.2142E+01    4.8219E+01    1.4142E+01    4.3664E+00    1.6013E+01    1.5401E+01    9.6979E+00   
 2.7073E+02    4.6028E+01    5.3408E+01    2.0842E+01    1.6501E+01    1.2738E+01    7.2145E+01    4.8106E+01    1.4056E+01    4.3460E+00    1.5870E+01    1.5304E+01    9.6528E+00   
 2.7182E+02    4.6022E+01    5.3405E+01    2.0961E+01    1.6478E+01    1.2858E+01    7.2190E+01    4.8018E+01    1.4025E+01    4.3257E+00    1.5951E+01    1.5231E+01    9.6979E+00   
 2.7294E+02    4.6019E+01    5.3378E+01    2.1343E+01    1.6358E+01    1.2952E+01    7.2286E+01    4.7954E+01    1.3981E+01    4.3460E+00    1.5890E+01    1.4877E+01    9.6754E+00   
 2.7402E+02    4.6011E+01    5.3351E+01    2.1496E+01    1.6413E+01    1.3107E+01    7.2363E+01    4.7925E+01    1.3920E+01    4.3257E+00    1.5911E+01    1.5304E+01    9.7204E+00   
 2.7511E+02    4.6031E+01    5.3361E+01    2.1982E+01    1.6432E+01    1.3258E+01    7.2379E+01    4.7926E+01    1.3871E+01    4.3257E+00    1.5911E+01    1.4841E+01    9.6979E+00   
 2.7620E+02    4.6032E+01    5.3308E+01    2.1950E+01    1.6303E+01    1.3405E+01    7.2426E+01    4.7878E+01    1.3831E+01    4.3053E+00    1.5890E+01    1.5255E+01    9.6979E+00   
 2.7729E+02    4.6022E+01    5.3308E+01    2.1442E+01    1.6224E+01    1.3477E+01    7.2470E+01    4.7848E+01    1.3765E+01    4.3053E+00    1.5788E+01    1.5060E+01    9.6754E+00   
 2.7838E+02    4.6035E+01    5.3274E+01    2.0992E+01    1.6236E+01    1.3654E+01    7.2497E+01    4.7817E+01    1.3761E+01    4.3257E+00    1.5931E+01    1.4841E+01    9.6302E+00   
 2.7947E+02    4.6004E+01    5.3232E+01    2.1098E+01    1.6287E+01    1.3822E+01    7.2488E+01    4.7849E+01    1.3758E+01    4.2849E+00    1.5809E+01    1.5133E+01    9.6528E+00   
 2.8055E+02    4.6002E+01    5.3201E+01    2.1105E+01    1.6203E+01    1.3899E+01    7.2562E+01    4.7883E+01    1.3736E+01    4.3053E+00    1.5829E+01    1.4829E+01    9.6754E+00   
 2.8163E+02    4.6011E+01    5.3173E+01    2.0968E+01    1.6220E+01    1.4062E+01    7.2574E+01    4.7925E+01    1.3749E+01    4.3257E+00    1.5809E+01    1.4853E+01    9.6302E+00   
 2.8272E+02    4.6032E+01    5.3167E+01    2.0733E+01    1.6277E+01    1.4228E+01    7.2590E+01    4.7997E+01    1.3767E+01    4.3053E+00    1.5727E+01    1.5194E+01    9.6302E+00   
 2.8381E+02    4.6036E+01    5.3176E+01    2.0720E+01    1.6282E+01    1.4377E+01    7.2583E+01    4.8055E+01    1.3775E+01    4.3053E+00    1.5890E+01    1.4804E+01    9.6528E+00   
 2.8490E+02    4.6039E+01    5.3154E+01    2.0838E+01    1.6321E+01    1.4467E+01    7.2608E+01    4.8131E+01    1.3810E+01    4.2849E+00    1.5788E+01    1.5279E+01    9.6754E+00   
 2.8599E+02    4.6033E+01    5.3131E+01    2.0558E+01    1.6323E+01    1.4610E+01    7.2589E+01    4.8219E+01    1.3797E+01    4.3053E+00    1.5727E+01    1.5255E+01    9.6528E+00   
 2.8708E+02    4.6027E+01    5.3125E+01    2.0955E+01    1.6271E+01    1.4745E+01    7.2563E+01    4.8327E+01    1.3800E+01    4.3053E+00    1.5768E+01    1.4780E+01    9.6528E+00   
 2.8818E+02    4.6044E+01    5.3131E+01    2.0693E+01    1.6284E+01    1.4874E+01    7.2561E+01    4.8429E+01    1.3788E+01    4.3257E+00    1.5890E+01    1.5231E+01    9.6302E+00   
 2.8927E+02    4.6062E+01    5.3137E+01    2.0959E+01    1.6404E+01    1.4923E+01    7.2571E+01    4.8532E+01    1.3797E+01    4.3257E+00    1.5707E+01    1.4841E+01    9.6302E+00   
 2.9037E+02    4.6066E+01    5.3133E+01    2.0851E+01    1.6396E+01    1.5070E+01    7.2603E+01    4.8581E+01    1.3830E+01    4.2849E+00    1.5686E+01    1.4841E+01    9.6075E+00   
 2.9147E+02    4.6081E+01    5.3115E+01    2.1119E+01    1.6388E+01    1.5209E+01    7.2612E+01    4.8675E+01    1.3862E+01    4.3053E+00    1.5727E+01    1.5267E+01    9.6528E+00   
 2.9256E+02    4.6091E+01    5.3122E+01    2.0810E+01    1.6398E+01    1.5315E+01    7.2603E+01    4.8792E+01    1.3875E+01    4.3257E+00    1.5890E+01    1.4926E+01    9.6528E+00   
 2.9372E+02    4.6087E+01    5.3112E+01    2.1173E+01    1.6495E+01    1.5400E+01    7.2586E+01    4.8911E+01    1.3934E+01    4.3053E+00    1.5890E+01    1.4792E+01    9.6302E+00   
# Time (s)      T1w (C)       T2w (C)       T1a (C)       T2a (C)       T1r (C)       T2r (C)       T3r (C)       T4r (C)       P1 (bar)      P2 (bar)      Pow (W/100)      Qc (l/min)    
 2.9480E+02    4.6078E+01    5.3098E+01    2.0939E+01    1.6514E+01    1.5508E+01    7.2542E+01    4.8951E+01    1.3972E+01    4.3257E+00    1.5645E+01    1.5255E+01    9.6979E+00   
 2.9590E+02    4.6090E+01    5.3109E+01    2.0730E+01    1.6405E+01    1.5624E+01    7.2523E+01    4.9062E+01    1.3992E+01    4.3053E+00    1.5788E+01    1.4768E+01    9.6528E+00   
 2.9698E+02    4.6107E+01    5.3134E+01    2.0893E+01    1.6467E+01    1.5726E+01    7.2473E+01    4.9155E+01    1.4005E+01    4.3460E+00    1.5666E+01    1.5267E+01    9.6302E+00   
 2.9806E+02    4.6100E+01    5.3103E+01    2.1157E+01    1.6461E+01    1.5774E+01    7.2432E+01    4.9198E+01    1.4021E+01    4.3460E+00    1.5890E+01    1.4975E+01    9.5847E+00   
 2.9915E+02    4.6096E+01    5.3111E+01    2.1603E+01    1.6445E+01    1.5896E+01    7.0833E+01    4.9283E+01    1.4022E+01    4.3460E+00    1.5788E+01    1.5011E+01    9.6528E+00   
 3.0023E+02    4.6098E+01    5.3109E+01    2.2163E+01    1.6525E+01    1.6033E+01    7.1104E+01    4.9396E+01    1.4069E+01    4.3460E+00    1.5768E+01    1.4804E+01    9.6754E+00   
 3.0132E+02    4.6093E+01    5.3108E+01    2.1506E+01    1.6534E+01    1.6099E+01    7.2446E+01    4.9461E+01    1.4118E+01    4.3868E+00    1.5747E+01    1.5279E+01    9.6754E+00   
 3.0241E+02    4.6114E+01    5.3118E+01    2.1268E+01    1.6513E+01    1.6202E+01    7.2463E+01    4.9534E+01    1.4162E+01    4.3664E+00    1.5809E+01    1.4804E+01    9.6979E+00   
 3.0350E+02    4.6106E+01    5.3126E+01    2.1008E+01    1.6474E+01    1.6314E+01    7.2451E+01    4.9562E+01    1.4187E+01    4.3868E+00    1.5809E+01    1.5292E+01    9.6754E+00   
 3.0459E+02    4.6118E+01    5.3134E+01    2.1830E+01    1.6500E+01    1.6410E+01    7.2425E+01    4.9599E+01    1.4194E+01    4.3868E+00    1.5727E+01    1.4963E+01    9.6979E+00   
 3.0568E+02    4.6115E+01    5.3146E+01    2.1558E+01    1.6654E+01    1.6449E+01    7.2397E+01    4.9639E+01    1.4251E+01    4.3868E+00    1.5849E+01    1.4865E+01    9.6754E+00   
 3.0676E+02    4.6129E+01    5.3166E+01    2.1752E+01    1.6517E+01    1.6537E+01    7.2378E+01    4.9668E+01    1.4269E+01    4.4071E+00    1.5829E+01    1.5145E+01    9.6754E+00   
 3.0785E+02    4.6131E+01    5.3162E+01    2.2415E+01    1.6672E+01    1.6629E+01    7.2390E+01    4.9739E+01    1.4318E+01    4.4071E+00    1.5727E+01    1.4816E+01    9.6754E+00   
 3.0894E+02    4.6118E+01    5.3170E+01    2.2487E+01    1.6636E+01    1.6703E+01    7.2391E+01    4.9769E+01    1.4338E+01    4.4071E+00    1.5829E+01    1.5219E+01    9.6979E+00   
 3.1003E+02    4.6106E+01    5.3167E+01    2.2639E+01    1.6694E+01    1.6735E+01    7.2433E+01    4.9823E+01    1.4390E+01    4.4275E+00    1.5849E+01    1.4975E+01    9.6754E+00   
 3.1112E+02    4.6134E+01    5.3183E+01    2.2209E+01    1.6679E+01    1.6780E+01    7.2477E+01    4.9830E+01    1.4427E+01    4.4275E+00    1.5747E+01    1.5060E+01    9.6754E+00   
 3.1220E+02    4.6131E+01    5.3204E+01    2.1645E+01    1.6664E+01    1.6852E+01    7.2485E+01    4.9854E+01    1.4466E+01    4.4275E+00    1.5747E+01    1.5170E+01    9.6754E+00   
 3.1329E+02    4.6116E+01    5.3209E+01    2.1744E+01    1.6695E+01    1.6905E+01    7.2481E+01    4.9877E+01    1.4496E+01    4.4479E+00    1.5870E+01    1.5340E+01    9.6528E+00   
 3.1439E+02    4.6130E+01    5.3195E+01    2.1748E+01    1.6706E+01    1.6913E+01    7.2492E+01    4.9883E+01    1.4501E+01    4.4275E+00    1.5788E+01    1.4877E+01    9.6528E+00   
 3.1548E+02    4.6135E+01    5.3215E+01    2.1942E+01    1.6737E+01    1.6967E+01    7.2556E+01    4.9895E+01    1.4542E+01    4.4479E+00    1.5788E+01    1.5206E+01    9.6754E+00   
 3.1658E+02    4.6130E+01    5.3216E+01    2.1209E+01    1.6744E+01    1.7008E+01    7.2568E+01    4.9872E+01    1.4562E+01    4.4071E+00    1.5788E+01    1.4963E+01    9.6528E+00   
 3.1768E+02    4.6141E+01    5.3223E+01    2.1537E+01    1.6742E+01    1.7033E+01    7.2575E+01    4.9894E+01    1.4585E+01    4.4479E+00    1.5768E+01    1.5206E+01    9.6754E+00   
 3.1879E+02    4.6126E+01    5.3223E+01    2.1459E+01    1.6744E+01    1.7087E+01    7.2576E+01    4.9928E+01    1.4637E+01    4.4683E+00    1.5747E+01    1.4902E+01    9.6979E+00   
 3.1988E+02    4.6130E+01    5.3216E+01    2.1238E+01    1.6752E+01    1.7128E+01    7.2558E+01    4.9953E+01    1.4664E+01    4.4683E+00    1.5768E+01    1.4853E+01    9.6754E+00   
 3.2100E+02    4.6125E+01    5.3246E+01    2.1421E+01    1.6790E+01    1.7180E+01    7.2567E+01    4.9948E+01    1.4726E+01    4.4683E+00    1.5788E+01    1.5072E+01    9.6754E+00   
 3.2209E+02    4.6136E+01    5.3252E+01    2.1277E+01    1.6804E+01    1.7184E+01    7.2574E+01    4.9954E+01    1.4743E+01    4.4479E+00    1.5931E+01    1.5292E+01    9.6528E+00   
 3.2318E+02    4.6138E+01    5.3251E+01    2.1049E+01    1.6736E+01    1.7203E+01    7.2553E+01    4.9970E+01    1.4755E+01    4.4886E+00    1.5870E+01    1.5377E+01    9.6528E+00   
 3.2426E+02    4.6133E+01    5.3248E+01    2.1019E+01    1.6808E+01    1.7229E+01    7.2568E+01    4.9973E+01    1.4816E+01    4.4683E+00    1.5788E+01    1.4987E+01    9.6754E+00   
 3.2535E+02    4.6148E+01    5.3262E+01    2.1599E+01    1.6859E+01    1.7214E+01    7.2593E+01    4.9970E+01    1.4815E+01    4.4683E+00    1.5788E+01    1.5121E+01    9.6754E+00   
 3.2644E+02    4.6116E+01    5.3247E+01    2.1354E+01    1.6888E+01    1.7194E+01    7.2590E+01    4.9970E+01    1.4846E+01    4.5090E+00    1.5870E+01    1.5292E+01    9.6075E+00   
# Time (s)      T1w (C)       T2w (C)       T1a (C)       T2a (C)       T1r (C)       T2r (C)       T3r (C)       T4r (C)       P1 (bar)      P2 (bar)      Pow (W/100)      Qc (l/min)    
 3.2753E+02    4.6123E+01    5.3246E+01    2.1131E+01    1.6831E+01    1.7176E+01    7.2592E+01    4.9960E+01    1.4881E+01    4.4886E+00    1.5849E+01    1.4914E+01    9.6754E+00   
 3.2862E+02    4.6099E+01    5.3244E+01    2.1313E+01    1.6855E+01    1.7181E+01    7.2618E+01    5.0008E+01    1.4928E+01    4.4886E+00    1.5788E+01    1.5036E+01    9.6528E+00   
 3.2970E+02    4.6109E+01    5.3248E+01    2.1742E+01    1.6894E+01    1.7183E+01    7.2672E+01    5.0014E+01    1.4965E+01    4.4886E+00    1.5870E+01    1.5206E+01    9.6302E+00   
 3.3079E+02    4.6134E+01    5.3264E+01    2.1445E+01    1.6968E+01    1.7158E+01    7.2688E+01    5.0021E+01    1.5001E+01    4.4479E+00    1.5829E+01    1.4902E+01    9.6754E+00   
 3.3188E+02    4.6125E+01    5.3261E+01    2.1185E+01    1.6917E+01    1.7099E+01    7.2642E+01    5.0054E+01    1.5058E+01    4.4886E+00    1.5768E+01    1.5182E+01    9.6528E+00   
 3.3297E+02    4.6112E+01    5.3265E+01    2.1560E+01    1.6932E+01    1.7022E+01    7.2637E+01    5.0063E+01    1.5100E+01    4.4886E+00    1.5890E+01    1.5219E+01    9.6754E+00   
 3.3406E+02    4.6127E+01    5.3248E+01    2.2390E+01    1.6889E+01    1.6918E+01    7.2632E+01    5.0091E+01    1.5123E+01    4.4886E+00    1.5849E+01    1.4975E+01    9.6754E+00   
 3.3514E+02    4.6135E+01    5.3263E+01    2.2073E+01    1.6944E+01    1.6858E+01    7.2631E+01    5.0084E+01    1.5142E+01    4.5498E+00    1.5788E+01    1.5414E+01    9.6754E+00   
 3.3623E+02    4.6116E+01    5.3258E+01    2.1828E+01    1.6993E+01    1.6695E+01    7.2641E+01    5.0121E+01    1.5230E+01    4.5294E+00    1.5951E+01    1.5024E+01    9.6754E+00   
 3.3732E+02    4.6102E+01    5.3261E+01    2.1837E+01    1.7023E+01    1.6503E+01    7.2641E+01    5.0117E+01    1.5233E+01    4.5498E+00    1.5849E+01    1.5048E+01    9.6754E+00   
 3.3841E+02    4.6144E+01    5.3279E+01    2.2095E+01    1.7065E+01    1.6413E+01    7.2662E+01    5.0146E+01    1.5285E+01    4.5294E+00    1.5951E+01    1.5194E+01    9.6754E+00   
 3.3953E+02    4.6146E+01    5.3318E+01    2.2101E+01    1.7086E+01    1.6146E+01    7.2660E+01    5.0175E+01    1.5332E+01    4.5701E+00    1.5829E+01    1.5255E+01    9.6979E+00   
 3.4062E+02    4.6151E+01    5.3326E+01    2.2244E+01    1.7138E+01    1.5715E+01    7.2656E+01    5.0151E+01    1.5368E+01    4.5498E+00    1.5911E+01    1.4950E+01    9.6754E+00   
 3.4172E+02    4.6133E+01    5.3322E+01    2.1883E+01    1.7126E+01    1.5120E+01    7.2571E+01    5.0177E+01    1.5356E+01    4.5701E+00    1.5951E+01    1.5426E+01    9.6754E+00   
 3.4282E+02    4.6135E+01    5.3343E+01    2.1298E+01    1.7114E+01    1.4893E+01    7.2487E+01    5.0124E+01    1.5347E+01    4.5905E+00    1.6013E+01    1.5328E+01    9.6979E+00   
 3.4392E+02    4.6111E+01    5.3322E+01    2.1439E+01    1.7076E+01    1.4552E+01    7.2385E+01    5.0107E+01    1.5354E+01    4.5294E+00    1.5890E+01    1.5024E+01    9.6754E+00   
 3.4502E+02    4.6108E+01    5.3356E+01    2.2066E+01    1.7171E+01    1.4296E+01    7.2361E+01    5.0067E+01    1.5334E+01    4.5498E+00    1.5911E+01    1.5316E+01    9.7204E+00   
 3.4612E+02    4.6129E+01    5.3407E+01    2.2437E+01    1.7097E+01    1.4064E+01    7.2232E+01    4.9998E+01    1.5288E+01    4.5090E+00    1.5992E+01    1.5450E+01    9.6754E+00   
 3.4747E+02    4.6131E+01    5.3415E+01    2.2036E+01    1.7175E+01    1.3858E+01    7.2205E+01    4.9959E+01    1.5270E+01    4.5090E+00    1.5931E+01    1.5072E+01    9.6302E+00   
 3.4856E+02    4.6134E+01    5.3424E+01    2.1866E+01    1.7078E+01    1.3715E+01    7.2217E+01    4.9889E+01    1.5256E+01    4.4886E+00    1.5870E+01    1.5328E+01    9.5847E+00   
 3.4965E+02    4.6122E+01    5.3438E+01    2.2073E+01    1.7174E+01    1.3645E+01    7.2231E+01    4.9820E+01    1.5196E+01    4.4886E+00    1.6053E+01    1.5231E+01    9.6528E+00   
 3.5074E+02    4.6136E+01    5.3453E+01    2.2301E+01    1.7082E+01    1.3507E+01    7.2230E+01    4.9781E+01    1.5155E+01    4.4886E+00    1.5992E+01    1.5011E+01    9.6528E+00   
 3.5183E+02    4.6145E+01    5.3469E+01    2.1869E+01    1.7074E+01    1.3370E+01    7.2230E+01    4.9691E+01    1.5089E+01    4.4683E+00    1.5931E+01    1.5499E+01    9.6754E+00   
 3.5291E+02    4.6164E+01    5.3500E+01    2.1790E+01    1.7104E+01    1.3321E+01    7.2175E+01    4.9586E+01    1.5063E+01    4.4886E+00    1.6033E+01    1.5036E+01    9.6754E+00   
 3.5400E+02    4.6170E+01    5.3506E+01    2.1923E+01    1.6993E+01    1.3210E+01    7.2166E+01    4.9550E+01    1.5013E+01    4.4886E+00    1.6053E+01    1.5438E+01    9.6754E+00   
 3.5509E+02    4.6160E+01    5.3532E+01    2.1442E+01    1.7079E+01    1.3060E+01    7.2114E+01    4.9408E+01    1.4956E+01    4.4683E+00    1.5972E+01    1.5279E+01    9.6754E+00   
 3.5618E+02    4.6136E+01    5.3530E+01    2.1936E+01    1.7000E+01    1.2939E+01    7.2079E+01    4.9269E+01    1.4903E+01    4.4683E+00    1.5931E+01    1.5024E+01    9.6528E+00   
 3.5727E+02    4.6153E+01    5.3546E+01    2.2166E+01    1.6881E+01    1.2884E+01    7.2084E+01    4.9119E+01    1.4798E+01    4.4479E+00    1.6074E+01    1.4999E+01    9.6754E+00   
 3.5836E+02    4.6121E+01    5.3518E+01    2.1486E+01    1.6977E+01    1.2765E+01    7.2131E+01    4.9023E+01    1.4701E+01    4.4479E+00    1.5951E+01    1.5316E+01    9.6528E+00   
 3.5946E+02    4.6124E+01    5.3529E+01    2.0891E+01    1.6746E+01    1.2686E+01    7.2142E+01    4.8874E+01    1.4613E+01    4.4275E+00    1.6053E+01    1.5377E+01    9.6754E+00   
# Time (s)      T1w (C)       T2w (C)       T1a (C)       T2a (C)       T1r (C)       T2r (C)       T3r (C)       T4r (C)       P1 (bar)      P2 (bar)      Pow (W/100)      Qc (l/min)    
 3.6055E+02    4.6135E+01    5.3564E+01    2.0661E+01    1.6739E+01    1.2618E+01    7.2194E+01    4.8730E+01    1.4571E+01    4.4071E+00    1.6033E+01    1.5036E+01    9.6979E+00   
 3.6166E+02    4.6142E+01    5.3562E+01    2.1150E+01    1.6753E+01    1.2597E+01    7.2273E+01    4.8597E+01    1.4504E+01    4.3868E+00    1.6135E+01    1.5170E+01    9.6528E+00   
 3.6279E+02    4.6160E+01    5.3557E+01    2.1178E+01    1.6724E+01    1.2578E+01    7.2350E+01    4.8515E+01    1.4423E+01    4.4071E+00    1.5992E+01    1.5194E+01    9.6754E+00   
 3.6389E+02    4.6135E+01    5.3541E+01    2.0695E+01    1.6565E+01    1.2582E+01    7.2379E+01    4.8390E+01    1.4348E+01    4.3664E+00    1.6114E+01    1.5267E+01    9.7204E+00   
 3.6498E+02    4.6136E+01    5.3534E+01    2.0525E+01    1.6505E+01    1.2688E+01    7.2440E+01    4.8244E+01    1.4313E+01    4.3460E+00    1.5992E+01    1.4975E+01    9.6979E+00   
 3.6607E+02    4.6107E+01    5.3513E+01    2.0520E+01    1.6326E+01    1.2725E+01    7.2474E+01    4.8137E+01    1.4218E+01    4.3664E+00    1.6176E+01    1.4950E+01    9.6754E+00   
 3.6716E+02    4.6110E+01    5.3501E+01    2.0455E+01    1.6348E+01    1.2856E+01    7.2536E+01    4.8102E+01    1.4149E+01    4.3460E+00    1.5951E+01    1.5316E+01    9.6754E+00   
 3.6824E+02    4.6111E+01    5.3491E+01    2.0355E+01    1.6264E+01    1.2980E+01    7.2571E+01    4.8030E+01    1.4073E+01    4.2849E+00    1.5911E+01    1.4877E+01    9.6528E+00   
 3.6933E+02    4.6105E+01    5.3442E+01    2.0241E+01    1.6155E+01    1.3129E+01    7.2607E+01    4.7971E+01    1.4028E+01    4.3053E+00    1.6033E+01    1.5060E+01    9.6754E+00   
 3.7042E+02    4.6093E+01    5.3409E+01    2.0364E+01    1.6109E+01    1.3216E+01    7.2629E+01    4.7920E+01    1.3967E+01    4.2442E+00    1.5951E+01    1.5170E+01    9.6979E+00   
 3.7151E+02    4.6109E+01    5.3387E+01    2.0554E+01    1.6215E+01    1.3398E+01    7.2687E+01    4.7904E+01    1.3937E+01    4.3053E+00    1.5829E+01    1.4853E+01    9.6528E+00   
 3.7260E+02    4.6109E+01    5.3349E+01    2.1025E+01    1.6113E+01    1.3557E+01    7.2706E+01    4.7896E+01    1.3882E+01    4.2442E+00    1.5870E+01    1.5292E+01    9.6754E+00   
 3.7368E+02    4.6122E+01    5.3306E+01    2.1404E+01    1.6106E+01    1.3638E+01    7.2710E+01    4.7940E+01    1.3894E+01    4.2442E+00    1.5931E+01    1.4877E+01    9.6754E+00   
 3.7477E+02    4.6105E+01    5.3288E+01    2.1677E+01    1.6139E+01    1.3824E+01    7.2672E+01    4.7955E+01    1.3880E+01    4.2645E+00    1.5788E+01    1.4914E+01    9.6754E+00   
 3.7586E+02    4.6104E+01    5.3271E+01    2.2009E+01    1.6106E+01    1.3997E+01    7.2679E+01    4.7986E+01    1.3874E+01    4.2442E+00    1.5788E+01    1.4963E+01    9.6979E+00   
 3.7695E+02    4.6140E+01    5.3246E+01    2.2065E+01    1.6102E+01    1.4165E+01    7.2631E+01    4.8036E+01    1.3859E+01    4.2645E+00    1.5849E+01    1.4804E+01    9.7204E+00   
 3.7804E+02    4.6144E+01    5.3231E+01    2.1938E+01    1.6176E+01    1.4215E+01    7.2609E+01    4.8113E+01    1.3819E+01    4.2849E+00    1.5747E+01    1.5279E+01    9.6979E+00   
