# Run number 10 on Tue May 21 10:12:11 2024
# Time (s)      T1w (C)       T2w (C)       T1a (C)       T2a (C)       T1r (C)       T2r (C)       T3r (C)       T4r (C)       P1 (bar)      P2 (bar)      Pow (W/100)      Qc (l/min)    
 3.1508E-01    4.4098E+01    5.1506E+01    1.9944E+01    1.5859E+01    1.5996E+01    6.9257E+01    4.7793E+01    1.3481E+01    4.2645E+00    1.5115E+01    1.4658E+01    8.9488E+00   
 1.4605E+00    4.4102E+01    5.1528E+01    1.9919E+01    1.5950E+01    1.6017E+01    6.9264E+01    4.7821E+01    1.3505E+01    4.3053E+00    1.5115E+01    1.4500E+01    8.9488E+00   
 2.5485E+00    4.4085E+01    5.1541E+01    1.9892E+01    1.5889E+01    1.6064E+01    6.9250E+01    4.7844E+01    1.3522E+01    4.2849E+00    1.5115E+01    1.4585E+01    8.9974E+00   
 3.6366E+00    4.4088E+01    5.1564E+01    1.9937E+01    1.5913E+01    1.6086E+01    6.9214E+01    4.7877E+01    1.3573E+01    4.3257E+00    1.5136E+01    1.4548E+01    8.9488E+00   
 4.7176E+00    4.4086E+01    5.1587E+01    1.9905E+01    1.5999E+01    1.6120E+01    6.9223E+01    4.7882E+01    1.3595E+01    4.3053E+00    1.5156E+01    1.4646E+01    8.9731E+00   
 5.8118E+00    4.4091E+01    5.1577E+01    1.9822E+01    1.5954E+01    1.6172E+01    6.9185E+01    4.7941E+01    1.3639E+01    4.3053E+00    1.5197E+01    1.4902E+01    8.9974E+00   
 6.9011E+00    4.4098E+01    5.1604E+01    1.9912E+01    1.5962E+01    1.6173E+01    6.9177E+01    4.7911E+01    1.3664E+01    4.3053E+00    1.5136E+01    1.4926E+01    8.9974E+00   
 7.9892E+00    4.4090E+01    5.1602E+01    2.0045E+01    1.6014E+01    1.6189E+01    6.9249E+01    4.7921E+01    1.3659E+01    4.3257E+00    1.5156E+01    1.4926E+01    8.9974E+00   
 9.0763E+00    4.4095E+01    5.1621E+01    2.0131E+01    1.6000E+01    1.6201E+01    6.9232E+01    4.7901E+01    1.3643E+01    4.3664E+00    1.5237E+01    1.4938E+01    8.9974E+00   
 1.0164E+01    4.4090E+01    5.1629E+01    2.0062E+01    1.6056E+01    1.6208E+01    6.9269E+01    4.7907E+01    1.3670E+01    4.3460E+00    1.5136E+01    1.4487E+01    8.9731E+00   
 1.1255E+01    4.4109E+01    5.1632E+01    1.9939E+01    1.5973E+01    1.6204E+01    6.9286E+01    4.7887E+01    1.3679E+01    4.3257E+00    1.5156E+01    1.4950E+01    8.9974E+00   
 1.2350E+01    4.4099E+01    5.1636E+01    1.9919E+01    1.6081E+01    1.6225E+01    6.9281E+01    4.7946E+01    1.3713E+01    4.3053E+00    1.5258E+01    1.4950E+01    8.9488E+00   
 1.3437E+01    4.4117E+01    5.1666E+01    1.9786E+01    1.6034E+01    1.6227E+01    6.9307E+01    4.7984E+01    1.3777E+01    4.3257E+00    1.5258E+01    1.4816E+01    8.9974E+00   
 1.4511E+01    4.4125E+01    5.1672E+01    1.9698E+01    1.6051E+01    1.6235E+01    6.9272E+01    4.8003E+01    1.3793E+01    4.3257E+00    1.5156E+01    1.4500E+01    9.0216E+00   
 1.5606E+01    4.4119E+01    5.1687E+01    1.9736E+01    1.6036E+01    1.6248E+01    6.9284E+01    4.8070E+01    1.3847E+01    4.3053E+00    1.5217E+01    1.4938E+01    8.9974E+00   
 1.6710E+01    4.4134E+01    5.1702E+01    1.9381E+01    1.6063E+01    1.6223E+01    6.9264E+01    4.8069E+01    1.3858E+01    4.3257E+00    1.5136E+01    1.4950E+01    8.9974E+00   
 1.7797E+01    4.4117E+01    5.1689E+01    1.9444E+01    1.6049E+01    1.6184E+01    6.9247E+01    4.8065E+01    1.3858E+01    4.3460E+00    1.5197E+01    1.4926E+01    8.9731E+00   
 1.8885E+01    4.4124E+01    5.1699E+01    1.9751E+01    1.6083E+01    1.6140E+01    6.9244E+01    4.8054E+01    1.3890E+01    4.3257E+00    1.5176E+01    1.4487E+01    9.0216E+00   
 1.9966E+01    4.4120E+01    5.1704E+01    1.9973E+01    1.6036E+01    1.6050E+01    6.9226E+01    4.8030E+01    1.3892E+01    4.3460E+00    1.5176E+01    1.4756E+01    8.9488E+00   
 2.1056E+01    4.4111E+01    5.1699E+01    1.9866E+01    1.6090E+01    1.5943E+01    6.9215E+01    4.8042E+01    1.3907E+01    4.3460E+00    1.5278E+01    1.4792E+01    8.9731E+00   
 2.2150E+01    4.4126E+01    5.1708E+01    1.9785E+01    1.6090E+01    1.5789E+01    6.9242E+01    4.8049E+01    1.3933E+01    4.3460E+00    1.5156E+01    1.4695E+01    8.9731E+00   
 2.3238E+01    4.4117E+01    5.1696E+01    1.9758E+01    1.6132E+01    1.5712E+01    6.9286E+01    4.8024E+01    1.3936E+01    4.3460E+00    1.5237E+01    1.4524E+01    8.9731E+00   
 2.4327E+01    4.4133E+01    5.1702E+01    1.9884E+01    1.6146E+01    1.5527E+01    6.9304E+01    4.8062E+01    1.4007E+01    4.3664E+00    1.5217E+01    1.4707E+01    9.0216E+00   
 2.5423E+01    4.4127E+01    5.1702E+01    1.9845E+01    1.6151E+01    1.5329E+01    6.9318E+01    4.8085E+01    1.4029E+01    4.3460E+00    1.5197E+01    1.4548E+01    8.9974E+00   
 2.6520E+01    4.4147E+01    5.1723E+01    2.0185E+01    1.6125E+01    1.5104E+01    6.9338E+01    4.8082E+01    1.4030E+01    4.3868E+00    1.5136E+01    1.4963E+01    8.9731E+00   
 2.7606E+01    4.4147E+01    5.1737E+01    2.0055E+01    1.6221E+01    1.4964E+01    6.9354E+01    4.8089E+01    1.4064E+01    4.4071E+00    1.5299E+01    1.4634E+01    8.9731E+00   
 2.8751E+01    4.4150E+01    5.1740E+01    2.0074E+01    1.6224E+01    1.4600E+01    6.9369E+01    4.8075E+01    1.4056E+01    4.4071E+00    1.5237E+01    1.4987E+01    9.0216E+00   
 2.9832E+01    4.4139E+01    5.1751E+01    2.0102E+01    1.6200E+01    1.4220E+01    6.9363E+01    4.8060E+01    1.4069E+01    4.4071E+00    1.5197E+01    1.4585E+01    8.9488E+00   
 3.0912E+01    4.4149E+01    5.1754E+01    2.0032E+01    1.6208E+01    1.3787E+01    6.9350E+01    4.8062E+01    1.4086E+01    4.3664E+00    1.5217E+01    1.4938E+01    8.9731E+00   
 3.2003E+01    4.4140E+01    5.1775E+01    1.9945E+01    1.6258E+01    1.3587E+01    6.9294E+01    4.8054E+01    1.4072E+01    4.3664E+00    1.5258E+01    1.4719E+01    9.0216E+00   
# Time (s)      T1w (C)       T2w (C)       T1a (C)       T2a (C)       T1r (C)       T2r (C)       T3r (C)       T4r (C)       P1 (bar)      P2 (bar)      Pow (W/100)      Qc (l/min)    
 3.3089E+01    4.4165E+01    5.1808E+01    1.9883E+01    1.6301E+01    1.3247E+01    6.9241E+01    4.8008E+01    1.4076E+01    4.3664E+00    1.5237E+01    1.4622E+01    8.9731E+00   
 3.4184E+01    4.4152E+01    5.1834E+01    1.9832E+01    1.6236E+01    1.2959E+01    6.9203E+01    4.7962E+01    1.4059E+01    4.3460E+00    1.5258E+01    1.4890E+01    8.9731E+00   
 3.5280E+01    4.4174E+01    5.1854E+01    1.9783E+01    1.6233E+01    1.2741E+01    6.9158E+01    4.7944E+01    1.3997E+01    4.3664E+00    1.5278E+01    1.4561E+01    8.9731E+00   
 3.6369E+01    4.4174E+01    5.1883E+01    1.9800E+01    1.6224E+01    1.2625E+01    6.9137E+01    4.7912E+01    1.3972E+01    4.3664E+00    1.5421E+01    1.5060E+01    8.9974E+00   
 3.7464E+01    4.4168E+01    5.1902E+01    1.9866E+01    1.6212E+01    1.2476E+01    6.9156E+01    4.7825E+01    1.3943E+01    4.3460E+00    1.5339E+01    1.4609E+01    8.9974E+00   
 3.8545E+01    4.4173E+01    5.1921E+01    1.9701E+01    1.6215E+01    1.2330E+01    6.9154E+01    4.7719E+01    1.3872E+01    4.3664E+00    1.5278E+01    1.4597E+01    8.9731E+00   
 3.9633E+01    4.4196E+01    5.1930E+01    1.9930E+01    1.6177E+01    1.2275E+01    6.9143E+01    4.7677E+01    1.3808E+01    4.3460E+00    1.5401E+01    1.4609E+01    8.9974E+00   
 4.0712E+01    4.4178E+01    5.1945E+01    1.9995E+01    1.6089E+01    1.2144E+01    6.9152E+01    4.7611E+01    1.3776E+01    4.3053E+00    1.5401E+01    1.4585E+01    8.9974E+00   
 4.1808E+01    4.4194E+01    5.1970E+01    1.9911E+01    1.6071E+01    1.2041E+01    6.9154E+01    4.7486E+01    1.3775E+01    4.3460E+00    1.5380E+01    1.4829E+01    8.9731E+00   
 4.2889E+01    4.4185E+01    5.1962E+01    1.9709E+01    1.6028E+01    1.1995E+01    6.9161E+01    4.7406E+01    1.3722E+01    4.3257E+00    1.5462E+01    1.4670E+01    8.9974E+00   
 4.3979E+01    4.4199E+01    5.1978E+01    1.9748E+01    1.6046E+01    1.1954E+01    6.9199E+01    4.7350E+01    1.3641E+01    4.2849E+00    1.5299E+01    1.4780E+01    8.9731E+00   
 4.5066E+01    4.4208E+01    5.1989E+01    1.9892E+01    1.5912E+01    1.1934E+01    6.9247E+01    4.7257E+01    1.3578E+01    4.2849E+00    1.5441E+01    1.4646E+01    8.9731E+00   
 4.6154E+01    4.4250E+01    5.2020E+01    1.9850E+01    1.6015E+01    1.1917E+01    6.9280E+01    4.7193E+01    1.3568E+01    4.2645E+00    1.5258E+01    1.4536E+01    8.9974E+00   
 4.7243E+01    4.4251E+01    5.2022E+01    1.9861E+01    1.5981E+01    1.1927E+01    6.9361E+01    4.7149E+01    1.3536E+01    4.2849E+00    1.5319E+01    1.4536E+01    8.9731E+00   
 4.8332E+01    4.4250E+01    5.2008E+01    1.9888E+01    1.5960E+01    1.1959E+01    6.9438E+01    4.7062E+01    1.3513E+01    4.2849E+00    1.5401E+01    1.4926E+01    8.9974E+00   
 4.9425E+01    4.4261E+01    5.2010E+01    1.9945E+01    1.5972E+01    1.2032E+01    6.9519E+01    4.6965E+01    1.3492E+01    4.2442E+00    1.5299E+01    1.4975E+01    8.9974E+00   
 5.0513E+01    4.4260E+01    5.1994E+01    2.0296E+01    1.5931E+01    1.2144E+01    6.9548E+01    4.6880E+01    1.3426E+01    4.2442E+00    1.5278E+01    1.4926E+01    8.9974E+00   
 5.1610E+01    4.4255E+01    5.2011E+01    2.0242E+01    1.5854E+01    1.2283E+01    6.9602E+01    4.6832E+01    1.3407E+01    4.2238E+00    1.5380E+01    1.4975E+01    8.9731E+00   
 5.2698E+01    4.4236E+01    5.1972E+01    2.0323E+01    1.5882E+01    1.2366E+01    6.9652E+01    4.6732E+01    1.3342E+01    4.2442E+00    1.5299E+01    1.4487E+01    8.9974E+00   
 5.3801E+01    4.4218E+01    5.1941E+01    2.0535E+01    1.5768E+01    1.2547E+01    6.9706E+01    4.6717E+01    1.3339E+01    4.2034E+00    1.5278E+01    1.4500E+01    9.0458E+00   
 5.4898E+01    4.4232E+01    5.1939E+01    2.0451E+01    1.5748E+01    1.2717E+01    6.9746E+01    4.6672E+01    1.3303E+01    4.2238E+00    1.5237E+01    1.4902E+01    9.0216E+00   
 5.5998E+01    4.4214E+01    5.1914E+01    2.0308E+01    1.5668E+01    1.2806E+01    6.9779E+01    4.6654E+01    1.3259E+01    4.2238E+00    1.5217E+01    1.4500E+01    8.9974E+00   
 5.7075E+01    4.4199E+01    5.1877E+01    2.0254E+01    1.5638E+01    1.2975E+01    6.9817E+01    4.6655E+01    1.3193E+01    4.2238E+00    1.5319E+01    1.4548E+01    9.0216E+00   
 5.8203E+01    4.4223E+01    5.1875E+01    2.0214E+01    1.5596E+01    1.3154E+01    6.9841E+01    4.6630E+01    1.3167E+01    4.2238E+00    1.5176E+01    1.4500E+01    8.9974E+00   
 5.9290E+01    4.4214E+01    5.1851E+01    2.0000E+01    1.5698E+01    1.3329E+01    6.9822E+01    4.6649E+01    1.3168E+01    4.2238E+00    1.5197E+01    1.4463E+01    8.9731E+00   
 6.0386E+01    4.4238E+01    5.1851E+01    1.9825E+01    1.5684E+01    1.3425E+01    6.9875E+01    4.6623E+01    1.3210E+01    4.2034E+00    1.5176E+01    1.4926E+01    8.9974E+00   
 6.1477E+01    4.4222E+01    5.1832E+01    1.9755E+01    1.5513E+01    1.3589E+01    6.9889E+01    4.6660E+01    1.3229E+01    4.2034E+00    1.5339E+01    1.4926E+01    8.9731E+00   
 6.2565E+01    4.4217E+01    5.1831E+01    1.9693E+01    1.5615E+01    1.3734E+01    6.9878E+01    4.6659E+01    1.3240E+01    4.2238E+00    1.5176E+01    1.4914E+01    8.9731E+00   
 6.3652E+01    4.4231E+01    5.1809E+01    1.9705E+01    1.5599E+01    1.3887E+01    6.9897E+01    4.6744E+01    1.3226E+01    4.2034E+00    1.5217E+01    1.4914E+01    9.0216E+00   
 6.4741E+01    4.4213E+01    5.1809E+01    1.9678E+01    1.5582E+01    1.3954E+01    6.9909E+01    4.6749E+01    1.3219E+01    4.2034E+00    1.5299E+01    1.4439E+01    8.9243E+00   
# Time (s)      T1w (C)       T2w (C)       T1a (C)       T2a (C)       T1r (C)       T2r (C)       T3r (C)       T4r (C)       P1 (bar)      P2 (bar)      Pow (W/100)      Qc (l/min)    
 6.5836E+01    4.4231E+01    5.1791E+01    1.9697E+01    1.5614E+01    1.4097E+01    6.9907E+01    4.6784E+01    1.3217E+01    4.2238E+00    1.5136E+01    1.4427E+01    8.8998E+00   
 6.6924E+01    4.4212E+01    5.1765E+01    1.9789E+01    1.5642E+01    1.4238E+01    6.9918E+01    4.6827E+01    1.3244E+01    4.2034E+00    1.5339E+01    1.4451E+01    8.9488E+00   
 6.8011E+01    4.4221E+01    5.1747E+01    1.9735E+01    1.5705E+01    1.4377E+01    6.9953E+01    4.6882E+01    1.3284E+01    4.2034E+00    1.5156E+01    1.4427E+01    8.9243E+00   
 6.9099E+01    4.4219E+01    5.1735E+01    1.9774E+01    1.5678E+01    1.4434E+01    6.9974E+01    4.6989E+01    1.3317E+01    4.2238E+00    1.5217E+01    1.4463E+01    8.9488E+00   
 7.0188E+01    4.4204E+01    5.1718E+01    1.9836E+01    1.5729E+01    1.4596E+01    7.0003E+01    4.7057E+01    1.3343E+01    4.2442E+00    1.5237E+01    1.4914E+01    8.9731E+00   
 7.1278E+01    4.4232E+01    5.1738E+01    1.9898E+01    1.5703E+01    1.4708E+01    7.0030E+01    4.7178E+01    1.3361E+01    4.2238E+00    1.5136E+01    1.4865E+01    8.9731E+00   
 7.2365E+01    4.4229E+01    5.1734E+01    2.0059E+01    1.5790E+01    1.4783E+01    7.0015E+01    4.7175E+01    1.3373E+01    4.2238E+00    1.5237E+01    1.4877E+01    8.9974E+00   
 7.3454E+01    4.4234E+01    5.1735E+01    2.0022E+01    1.5815E+01    1.4846E+01    7.0034E+01    4.7290E+01    1.3393E+01    4.2442E+00    1.5115E+01    1.4877E+01    8.9731E+00   
 7.4543E+01    4.4233E+01    5.1735E+01    1.9895E+01    1.5818E+01    1.4933E+01    7.0053E+01    4.7360E+01    1.3396E+01    4.2442E+00    1.5197E+01    1.4890E+01    8.9488E+00   
 7.5631E+01    4.4246E+01    5.1742E+01    1.9795E+01    1.5891E+01    1.5026E+01    7.0062E+01    4.7457E+01    1.3419E+01    4.2442E+00    1.5237E+01    1.4731E+01    8.9974E+00   
 7.6722E+01    4.4259E+01    5.1731E+01    1.9737E+01    1.5899E+01    1.5094E+01    7.0083E+01    4.7483E+01    1.3427E+01    4.2442E+00    1.5156E+01    1.4451E+01    8.9974E+00   
 7.7790E+01    4.4262E+01    5.1730E+01    1.9746E+01    1.5837E+01    1.5179E+01    7.0082E+01    4.7545E+01    1.3437E+01    4.2238E+00    1.5176E+01    1.4890E+01    9.0216E+00   
 7.8886E+01    4.4256E+01    5.1745E+01    1.9820E+01    1.5914E+01    1.5248E+01    7.0086E+01    4.7600E+01    1.3426E+01    4.2442E+00    1.5197E+01    1.4914E+01    8.9731E+00   
 7.9974E+01    4.4263E+01    5.1741E+01    1.9757E+01    1.5872E+01    1.5318E+01    7.0089E+01    4.7674E+01    1.3446E+01    4.2442E+00    1.5115E+01    1.4487E+01    9.0216E+00   
 8.1063E+01    4.4261E+01    5.1741E+01    1.9751E+01    1.5923E+01    1.5379E+01    7.0114E+01    4.7713E+01    1.3483E+01    4.2442E+00    1.5176E+01    1.4658E+01    8.9731E+00   
 8.2157E+01    4.4258E+01    5.1752E+01    1.9713E+01    1.6000E+01    1.5458E+01    7.0113E+01    4.7764E+01    1.3486E+01    4.2645E+00    1.5176E+01    1.4890E+01    8.9974E+00   
 8.3278E+01    4.4265E+01    5.1754E+01    1.9771E+01    1.6018E+01    1.5559E+01    7.0115E+01    4.7826E+01    1.3499E+01    4.2442E+00    1.5156E+01    1.4938E+01    9.0216E+00   
 8.4374E+01    4.4255E+01    5.1752E+01    1.9784E+01    1.5982E+01    1.5668E+01    7.0112E+01    4.7902E+01    1.3514E+01    4.2849E+00    1.5176E+01    1.4463E+01    8.9731E+00   
 8.5487E+01    4.4262E+01    5.1792E+01    2.0018E+01    1.6096E+01    1.5651E+01    7.0113E+01    4.7904E+01    1.3467E+01    4.3053E+00    1.5217E+01    1.4926E+01    8.9731E+00   
 8.6567E+01    4.4307E+01    5.1806E+01    2.0098E+01    1.6053E+01    1.5732E+01    7.0100E+01    4.7943E+01    1.3476E+01    4.2849E+00    1.5339E+01    1.4731E+01    8.9974E+00   
 8.7647E+01    4.4313E+01    5.1819E+01    2.0053E+01    1.6085E+01    1.5803E+01    7.0098E+01    4.7950E+01    1.3474E+01    4.3053E+00    1.5278E+01    1.4524E+01    9.0216E+00   
 8.8727E+01    4.4323E+01    5.1820E+01    2.0137E+01    1.6169E+01    1.5884E+01    7.0126E+01    4.7989E+01    1.3519E+01    4.3257E+00    1.5156E+01    1.4500E+01    8.9488E+00   
 8.9815E+01    4.4306E+01    5.1825E+01    2.0168E+01    1.6129E+01    1.5951E+01    7.0139E+01    4.8055E+01    1.3560E+01    4.3257E+00    1.5237E+01    1.4500E+01    8.9731E+00   
 9.0904E+01    4.4312E+01    5.1831E+01    2.0215E+01    1.6143E+01    1.6009E+01    7.0141E+01    4.8090E+01    1.3577E+01    4.3053E+00    1.5237E+01    1.4500E+01    8.9731E+00   
 9.1992E+01    4.4310E+01    5.1817E+01    2.0132E+01    1.6154E+01    1.6063E+01    7.0153E+01    4.8116E+01    1.3598E+01    4.3053E+00    1.5237E+01    1.4500E+01    9.0216E+00   
 9.3079E+01    4.4305E+01    5.1829E+01    1.9908E+01    1.6112E+01    1.6088E+01    7.0180E+01    4.8135E+01    1.3600E+01    4.3257E+00    1.5339E+01    1.4512E+01    8.9731E+00   
 9.4167E+01    4.4322E+01    5.1834E+01    1.9743E+01    1.6135E+01    1.6135E+01    7.0171E+01    4.8133E+01    1.3656E+01    4.3053E+00    1.5217E+01    1.4609E+01    8.8753E+00   
 9.5256E+01    4.4274E+01    5.1821E+01    1.9700E+01    1.6175E+01    1.6232E+01    7.0215E+01    4.8195E+01    1.3703E+01    4.3257E+00    1.5319E+01    1.4695E+01    8.9731E+00   
 9.6344E+01    4.4287E+01    5.1819E+01    1.9746E+01    1.6101E+01    1.6289E+01    7.0234E+01    4.8219E+01    1.3750E+01    4.3257E+00    1.5156E+01    1.4646E+01    8.9974E+00   
 9.7432E+01    4.4268E+01    5.1826E+01    1.9821E+01    1.6120E+01    1.6317E+01    7.0241E+01    4.8250E+01    1.3791E+01    4.3257E+00    1.5258E+01    1.4756E+01    8.9731E+00   
# Time (s)      T1w (C)       T2w (C)       T1a (C)       T2a (C)       T1r (C)       T2r (C)       T3r (C)       T4r (C)       P1 (bar)      P2 (bar)      Pow (W/100)      Qc (l/min)    
 9.8520E+01    4.4286E+01    5.1838E+01    1.9933E+01    1.6143E+01    1.6371E+01    7.0260E+01    4.8330E+01    1.3823E+01    4.3664E+00    1.5339E+01    1.4536E+01    8.9731E+00   
 9.9615E+01    4.4317E+01    5.1866E+01    1.9988E+01    1.6171E+01    1.6405E+01    7.0282E+01    4.8360E+01    1.3854E+01    4.3257E+00    1.5237E+01    1.4987E+01    9.0216E+00   
 1.0070E+02    4.4343E+01    5.1871E+01    1.9965E+01    1.6193E+01    1.6441E+01    7.0266E+01    4.8370E+01    1.3897E+01    4.3664E+00    1.5339E+01    1.5011E+01    9.0216E+00   
 1.0178E+02    4.4333E+01    5.1871E+01    1.9847E+01    1.6255E+01    1.6465E+01    7.0292E+01    4.8383E+01    1.3924E+01    4.3460E+00    1.5237E+01    1.4573E+01    8.9974E+00   
 1.0289E+02    4.4328E+01    5.1888E+01    1.9942E+01    1.6206E+01    1.6502E+01    7.0287E+01    4.8395E+01    1.3962E+01    4.3460E+00    1.5360E+01    1.4792E+01    8.9731E+00   
 1.0398E+02    4.4320E+01    5.1873E+01    1.9970E+01    1.6217E+01    1.6542E+01    7.0307E+01    4.8416E+01    1.3994E+01    4.3664E+00    1.5339E+01    1.4609E+01    8.9974E+00   
 1.0507E+02    4.4315E+01    5.1872E+01    2.0184E+01    1.6234E+01    1.6564E+01    7.0311E+01    4.8420E+01    1.4042E+01    4.3664E+00    1.5197E+01    1.4804E+01    8.9731E+00   
 1.0617E+02    4.4322E+01    5.1894E+01    2.0200E+01    1.6199E+01    1.6622E+01    7.0332E+01    4.8454E+01    1.4073E+01    4.3664E+00    1.5237E+01    1.4536E+01    8.9974E+00   
 1.0726E+02    4.4315E+01    5.1908E+01    1.9995E+01    1.6222E+01    1.6633E+01    7.0307E+01    4.8488E+01    1.4069E+01    4.3664E+00    1.5360E+01    1.5024E+01    8.9731E+00   
 1.0835E+02    4.4327E+01    5.1921E+01    1.9966E+01    1.6259E+01    1.6643E+01    7.0277E+01    4.8493E+01    1.4109E+01    4.3868E+00    1.5339E+01    1.4926E+01    8.9974E+00   
 1.0945E+02    4.4298E+01    5.1896E+01    1.9858E+01    1.6305E+01    1.6640E+01    7.0262E+01    4.8516E+01    1.4134E+01    4.4071E+00    1.5217E+01    1.5036E+01    9.0216E+00   
 1.1054E+02    4.4293E+01    5.1924E+01    1.9776E+01    1.6277E+01    1.6615E+01    7.0252E+01    4.8506E+01    1.4159E+01    4.3868E+00    1.5360E+01    1.4646E+01    8.9488E+00   
 1.1162E+02    4.4296E+01    5.1920E+01    1.9758E+01    1.6275E+01    1.6602E+01    7.0250E+01    4.8491E+01    1.4151E+01    4.3868E+00    1.5258E+01    1.5048E+01    8.9731E+00   
 1.1271E+02    4.4298E+01    5.1916E+01    1.9764E+01    1.6343E+01    1.6549E+01    7.0253E+01    4.8541E+01    1.4212E+01    4.3868E+00    1.5278E+01    1.5024E+01    8.9731E+00   
 1.1381E+02    4.4286E+01    5.1940E+01    2.0205E+01    1.6272E+01    1.6531E+01    7.0271E+01    4.8558E+01    1.4246E+01    4.3664E+00    1.5258E+01    1.4829E+01    8.9731E+00   
 1.1494E+02    4.4308E+01    5.1936E+01    2.0449E+01    1.6314E+01    1.6416E+01    7.0291E+01    4.8572E+01    1.4303E+01    4.3664E+00    1.5380E+01    1.4853E+01    8.9974E+00   
 1.1603E+02    4.4298E+01    5.1938E+01    2.0014E+01    1.6375E+01    1.6266E+01    7.0285E+01    4.8571E+01    1.4295E+01    4.3868E+00    1.5380E+01    1.5036E+01    8.9974E+00   
 1.1712E+02    4.4311E+01    5.1932E+01    1.9971E+01    1.6410E+01    1.6057E+01    7.0308E+01    4.8636E+01    1.4349E+01    4.3868E+00    1.5360E+01    1.4877E+01    8.9731E+00   
 1.1819E+02    4.4310E+01    5.1933E+01    2.0177E+01    1.6363E+01    1.5914E+01    7.0300E+01    4.8613E+01    1.4375E+01    4.3868E+00    1.5258E+01    1.4975E+01    8.9731E+00   
 1.1928E+02    4.4313E+01    5.1921E+01    2.0369E+01    1.6403E+01    1.5661E+01    7.0306E+01    4.8626E+01    1.4425E+01    4.4071E+00    1.5319E+01    1.4719E+01    8.9974E+00   
 1.2036E+02    4.4320E+01    5.1945E+01    1.9986E+01    1.6385E+01    1.5343E+01    7.0293E+01    4.8616E+01    1.4459E+01    4.4479E+00    1.5278E+01    1.4634E+01    9.0216E+00   
 1.2145E+02    4.4309E+01    5.1942E+01    1.9832E+01    1.6397E+01    1.4867E+01    7.0262E+01    4.8639E+01    1.4475E+01    4.4071E+00    1.5401E+01    1.4646E+01    9.0216E+00   
 1.2254E+02    4.4311E+01    5.1966E+01    1.9845E+01    1.6464E+01    1.4558E+01    7.0218E+01    4.8633E+01    1.4483E+01    4.4275E+00    1.5319E+01    1.4609E+01    9.0216E+00   
 1.2363E+02    4.4325E+01    5.1982E+01    1.9915E+01    1.6479E+01    1.4066E+01    7.0179E+01    4.8570E+01    1.4464E+01    4.4071E+00    1.5441E+01    1.4634E+01    8.9488E+00   
 1.2472E+02    4.4330E+01    5.2000E+01    1.9716E+01    1.6457E+01    1.3705E+01    7.0145E+01    4.8536E+01    1.4449E+01    4.4071E+00    1.5299E+01    1.4707E+01    8.9731E+00   
 1.2580E+02    4.4331E+01    5.1996E+01    1.9873E+01    1.6481E+01    1.3572E+01    7.0103E+01    4.8498E+01    1.4432E+01    4.4071E+00    1.5319E+01    1.4622E+01    8.9731E+00   
 1.2690E+02    4.4314E+01    5.2031E+01    2.0174E+01    1.6359E+01    1.3315E+01    7.0041E+01    4.8458E+01    1.4407E+01    4.3868E+00    1.5421E+01    1.4646E+01    9.0216E+00   
 1.2799E+02    4.4327E+01    5.2054E+01    2.0294E+01    1.6347E+01    1.3086E+01    6.9993E+01    4.8412E+01    1.4382E+01    4.4071E+00    1.5380E+01    1.4816E+01    8.9974E+00   
 1.2908E+02    4.4311E+01    5.2064E+01    2.0043E+01    1.6351E+01    1.2899E+01    6.9943E+01    4.8328E+01    1.4351E+01    4.4071E+00    1.5401E+01    1.4963E+01    8.9974E+00   
 1.3017E+02    4.4314E+01    5.2079E+01    2.0082E+01    1.6341E+01    1.2814E+01    6.9848E+01    4.8269E+01    1.4296E+01    4.4071E+00    1.5503E+01    1.4938E+01    8.9974E+00   
# Time (s)      T1w (C)       T2w (C)       T1a (C)       T2a (C)       T1r (C)       T2r (C)       T3r (C)       T4r (C)       P1 (bar)      P2 (bar)      Pow (W/100)      Qc (l/min)    
 1.3125E+02    4.4293E+01    5.2102E+01    1.9959E+01    1.6315E+01    1.2675E+01    6.9814E+01    4.8195E+01    1.4243E+01    4.4071E+00    1.5380E+01    1.5048E+01    8.9731E+00   
 1.3234E+02    4.4300E+01    5.2124E+01    1.9874E+01    1.6270E+01    1.2493E+01    6.9773E+01    4.8089E+01    1.4195E+01    4.3868E+00    1.5482E+01    1.5060E+01    8.9731E+00   
 1.3343E+02    4.4275E+01    5.2123E+01    1.9634E+01    1.6209E+01    1.2364E+01    6.9800E+01    4.7973E+01    1.4119E+01    4.3868E+00    1.5360E+01    1.4926E+01    8.9974E+00   
 1.3452E+02    4.4268E+01    5.2133E+01    1.9553E+01    1.6167E+01    1.2301E+01    6.9830E+01    4.7929E+01    1.4066E+01    4.3460E+00    1.5441E+01    1.4634E+01    9.0216E+00   
 1.3561E+02    4.4277E+01    5.2129E+01    1.9515E+01    1.6196E+01    1.2219E+01    6.9871E+01    4.7826E+01    1.4000E+01    4.3460E+00    1.5401E+01    1.4622E+01    8.9974E+00   
 1.3671E+02    4.4292E+01    5.2129E+01    1.9708E+01    1.6145E+01    1.2183E+01    6.9925E+01    4.7741E+01    1.3993E+01    4.3460E+00    1.5523E+01    1.4719E+01    8.9974E+00   
 1.3780E+02    4.4302E+01    5.2162E+01    1.9696E+01    1.6124E+01    1.2178E+01    6.9990E+01    4.7644E+01    1.3940E+01    4.3257E+00    1.5401E+01    1.4841E+01    9.0216E+00   
 1.3888E+02    4.4329E+01    5.2178E+01    1.9779E+01    1.6088E+01    1.2140E+01    7.0042E+01    4.7602E+01    1.3894E+01    4.3053E+00    1.5421E+01    1.4597E+01    8.9974E+00   
 1.4002E+02    4.4331E+01    5.2155E+01    2.0137E+01    1.6098E+01    1.2137E+01    7.0070E+01    4.7498E+01    1.3808E+01    4.3257E+00    1.5503E+01    1.4670E+01    8.9731E+00   
 1.4110E+02    4.4335E+01    5.2147E+01    2.0160E+01    1.6022E+01    1.2213E+01    7.0108E+01    4.7437E+01    1.3772E+01    4.3053E+00    1.5503E+01    1.4597E+01    8.9731E+00   
 1.4220E+02    4.4337E+01    5.2155E+01    1.9904E+01    1.6033E+01    1.2242E+01    7.0168E+01    4.7354E+01    1.3697E+01    4.3053E+00    1.5401E+01    1.5072E+01    8.9731E+00   
 1.4329E+02    4.4337E+01    5.2125E+01    2.0066E+01    1.5920E+01    1.2350E+01    7.0225E+01    4.7320E+01    1.3643E+01    4.2849E+00    1.5401E+01    1.4804E+01    8.9974E+00   
 1.4436E+02    4.4351E+01    5.2147E+01    1.9969E+01    1.5846E+01    1.2515E+01    7.0272E+01    4.7251E+01    1.3640E+01    4.2849E+00    1.5462E+01    1.4670E+01    8.9731E+00   
 1.4545E+02    4.4350E+01    5.2148E+01    1.9810E+01    1.5895E+01    1.2650E+01    7.0315E+01    4.7188E+01    1.3623E+01    4.2849E+00    1.5462E+01    1.4695E+01    8.9731E+00   
 1.4654E+02    4.4361E+01    5.2117E+01    1.9817E+01    1.5810E+01    1.2730E+01    7.0349E+01    4.7167E+01    1.3593E+01    4.2442E+00    1.5441E+01    1.4585E+01    8.9974E+00   
 1.4763E+02    4.4367E+01    5.2127E+01    2.0217E+01    1.5877E+01    1.2864E+01    7.0376E+01    4.7123E+01    1.3555E+01    4.2645E+00    1.5380E+01    1.4670E+01    8.9974E+00   
 1.4872E+02    4.4370E+01    5.2113E+01    2.0188E+01    1.5913E+01    1.3028E+01    7.0391E+01    4.7071E+01    1.3542E+01    4.2645E+00    1.5503E+01    1.4950E+01    8.9731E+00   
 1.4980E+02    4.4356E+01    5.2093E+01    2.0188E+01    1.5866E+01    1.3180E+01    7.0419E+01    4.7068E+01    1.3507E+01    4.2645E+00    1.5462E+01    1.4792E+01    8.9974E+00   
 1.5089E+02    4.4368E+01    5.2084E+01    2.0137E+01    1.5845E+01    1.3276E+01    7.0446E+01    4.7061E+01    1.3462E+01    4.2238E+00    1.5380E+01    1.4768E+01    8.9731E+00   
 1.5197E+02    4.4364E+01    5.2077E+01    2.0056E+01    1.5776E+01    1.3466E+01    7.0483E+01    4.7083E+01    1.3470E+01    4.2238E+00    1.5319E+01    1.4512E+01    8.9731E+00   
 1.5305E+02    4.4361E+01    5.2055E+01    1.9979E+01    1.5777E+01    1.3633E+01    7.0506E+01    4.7071E+01    1.3459E+01    4.2238E+00    1.5339E+01    1.4938E+01    8.9974E+00   
 1.5414E+02    4.4376E+01    5.2049E+01    1.9832E+01    1.5753E+01    1.3712E+01    7.0513E+01    4.7098E+01    1.3455E+01    4.2238E+00    1.5299E+01    1.4719E+01    8.9974E+00   
 1.5522E+02    4.4364E+01    5.2028E+01    1.9767E+01    1.5879E+01    1.3883E+01    7.0519E+01    4.7115E+01    1.3471E+01    4.2645E+00    1.5401E+01    1.4512E+01    8.9974E+00   
 1.5631E+02    4.4351E+01    5.2011E+01    1.9765E+01    1.5804E+01    1.4042E+01    7.0544E+01    4.7195E+01    1.3468E+01    4.2442E+00    1.5319E+01    1.4500E+01    8.9974E+00   
 1.5740E+02    4.4364E+01    5.1997E+01    1.9904E+01    1.5818E+01    1.4180E+01    7.0575E+01    4.7237E+01    1.3479E+01    4.2442E+00    1.5339E+01    1.4500E+01    9.0216E+00   
 1.5849E+02    4.4342E+01    5.1995E+01    1.9845E+01    1.5787E+01    1.4283E+01    7.0593E+01    4.7301E+01    1.3492E+01    4.2645E+00    1.5360E+01    1.4561E+01    8.9974E+00   
 1.5958E+02    4.4358E+01    5.1964E+01    1.9803E+01    1.5748E+01    1.4420E+01    7.0610E+01    4.7342E+01    1.3498E+01    4.2645E+00    1.5258E+01    1.4853E+01    8.9974E+00   
 1.6066E+02    4.4366E+01    5.1956E+01    1.9930E+01    1.5803E+01    1.4541E+01    7.0609E+01    4.7423E+01    1.3503E+01    4.2442E+00    1.5299E+01    1.4975E+01    8.9974E+00   
 1.6175E+02    4.4345E+01    5.1953E+01    1.9951E+01    1.5705E+01    1.4688E+01    7.0628E+01    4.7511E+01    1.3510E+01    4.2645E+00    1.5197E+01    1.4975E+01    8.9731E+00   
 1.6284E+02    4.4356E+01    5.1956E+01    1.9973E+01    1.5745E+01    1.4754E+01    7.0611E+01    4.7552E+01    1.3533E+01    4.2645E+00    1.5258E+01    1.4877E+01    8.9974E+00   
# Time (s)      T1w (C)       T2w (C)       T1a (C)       T2a (C)       T1r (C)       T2r (C)       T3r (C)       T4r (C)       P1 (bar)      P2 (bar)      Pow (W/100)      Qc (l/min)    
 1.6393E+02    4.4371E+01    5.1957E+01    1.9935E+01    1.5750E+01    1.4875E+01    7.0639E+01    4.7662E+01    1.3588E+01    4.2442E+00    1.5360E+01    1.4536E+01    9.0216E+00   
 1.6502E+02    4.4367E+01    5.1939E+01    1.9894E+01    1.5750E+01    1.4971E+01    7.0601E+01    4.7726E+01    1.3559E+01    4.2645E+00    1.5237E+01    1.4500E+01    8.9974E+00   
 1.6611E+02    4.4378E+01    5.1970E+01    2.0039E+01    1.5789E+01    1.5033E+01    7.0611E+01    4.7816E+01    1.3581E+01    4.2645E+00    1.5339E+01    1.4829E+01    8.9731E+00   
 1.6720E+02    4.4387E+01    5.1978E+01    2.0108E+01    1.5881E+01    1.5134E+01    7.0613E+01    4.7836E+01    1.3576E+01    4.2645E+00    1.5339E+01    1.4536E+01    8.9974E+00   
 1.6829E+02    4.4389E+01    5.1963E+01    2.0037E+01    1.5921E+01    1.5255E+01    7.0635E+01    4.7915E+01    1.3611E+01    4.2849E+00    1.5278E+01    1.4512E+01    8.9974E+00   
 1.6938E+02    4.4386E+01    5.1949E+01    1.9851E+01    1.5915E+01    1.5350E+01    7.0642E+01    4.7996E+01    1.3627E+01    4.2849E+00    1.5258E+01    1.4500E+01    8.9488E+00   
 1.7047E+02    4.4389E+01    5.1929E+01    1.9813E+01    1.5931E+01    1.5396E+01    7.0649E+01    4.8045E+01    1.3626E+01    4.2645E+00    1.5237E+01    1.4865E+01    9.0216E+00   
 1.7157E+02    4.4366E+01    5.1926E+01    1.9783E+01    1.5824E+01    1.5473E+01    7.0654E+01    4.8044E+01    1.3623E+01    4.2849E+00    1.5299E+01    1.4695E+01    9.0216E+00   
 1.7266E+02    4.4392E+01    5.1952E+01    1.9777E+01    1.5911E+01    1.5533E+01    7.0653E+01    4.8119E+01    1.3635E+01    4.2645E+00    1.5278E+01    1.4695E+01    9.0216E+00   
 1.7376E+02    4.4432E+01    5.1959E+01    1.9997E+01    1.5959E+01    1.5629E+01    7.0661E+01    4.8151E+01    1.3640E+01    4.2849E+00    1.5380E+01    1.4853E+01    8.9974E+00   
 1.7485E+02    4.4429E+01    5.1942E+01    2.0101E+01    1.5963E+01    1.5676E+01    7.0669E+01    4.8241E+01    1.3644E+01    4.3053E+00    1.5258E+01    1.4768E+01    8.9974E+00   
 1.7596E+02    4.4435E+01    5.1955E+01    2.0080E+01    1.5983E+01    1.5742E+01    7.0662E+01    4.8249E+01    1.3623E+01    4.2849E+00    1.5319E+01    1.4865E+01    8.9974E+00   
 1.7706E+02    4.4418E+01    5.1955E+01    2.0187E+01    1.5999E+01    1.5822E+01    7.0676E+01    4.8265E+01    1.3633E+01    4.3053E+00    1.5258E+01    1.4609E+01    8.9731E+00   
 1.7817E+02    4.4412E+01    5.1947E+01    2.0103E+01    1.6009E+01    1.5869E+01    7.0644E+01    4.8323E+01    1.3606E+01    4.3053E+00    1.5278E+01    1.4561E+01    9.0458E+00   
 1.7927E+02    4.4401E+01    5.1951E+01    2.0031E+01    1.6036E+01    1.5883E+01    7.0627E+01    4.8327E+01    1.3583E+01    4.3053E+00    1.5380E+01    1.4670E+01    8.9731E+00   
 1.8035E+02    4.4399E+01    5.1965E+01    1.9930E+01    1.6007E+01    1.5954E+01    7.0632E+01    4.8366E+01    1.3611E+01    4.3257E+00    1.5258E+01    1.4609E+01    8.9974E+00   
 1.8143E+02    4.4407E+01    5.1967E+01    1.9668E+01    1.6000E+01    1.6020E+01    7.0633E+01    4.8377E+01    1.3626E+01    4.3257E+00    1.5299E+01    1.4561E+01    8.9731E+00   
 1.8251E+02    4.4399E+01    5.1975E+01    1.9668E+01    1.6042E+01    1.6067E+01    7.0616E+01    4.8437E+01    1.3640E+01    4.3053E+00    1.5319E+01    1.4719E+01    8.9974E+00   
 1.8360E+02    4.4400E+01    5.1990E+01    1.9766E+01    1.6066E+01    1.6098E+01    7.0586E+01    4.8461E+01    1.3677E+01    4.3460E+00    1.5421E+01    1.4841E+01    8.9243E+00   
 1.8469E+02    4.4408E+01    5.1992E+01    1.9793E+01    1.6066E+01    1.6154E+01    7.0560E+01    4.8479E+01    1.3688E+01    4.3460E+00    1.5299E+01    1.4780E+01    8.9731E+00   
 1.8578E+02    4.4390E+01    5.1993E+01    1.9790E+01    1.6049E+01    1.6163E+01    7.0551E+01    4.8472E+01    1.3709E+01    4.3460E+00    1.5401E+01    1.4902E+01    9.0216E+00   
 1.8687E+02    4.4411E+01    5.2004E+01    1.9661E+01    1.6056E+01    1.6191E+01    7.0550E+01    4.8479E+01    1.3726E+01    4.3460E+00    1.5278E+01    1.5036E+01    9.0216E+00   
 1.8796E+02    4.4425E+01    5.2022E+01    1.9676E+01    1.6069E+01    1.6217E+01    7.0564E+01    4.8466E+01    1.3734E+01    4.3460E+00    1.5360E+01    1.4987E+01    8.9731E+00   
 1.8904E+02    4.4425E+01    5.2027E+01    1.9723E+01    1.6163E+01    1.6273E+01    7.0582E+01    4.8510E+01    1.3799E+01    4.3460E+00    1.5360E+01    1.5036E+01    8.9731E+00   
 1.9013E+02    4.4433E+01    5.2039E+01    1.9662E+01    1.6122E+01    1.6324E+01    7.0617E+01    4.8545E+01    1.3818E+01    4.3460E+00    1.5319E+01    1.4975E+01    8.9731E+00   
 1.9122E+02    4.4432E+01    5.2034E+01    1.9631E+01    1.6169E+01    1.6352E+01    7.0595E+01    4.8583E+01    1.3872E+01    4.3664E+00    1.5462E+01    1.4731E+01    9.0216E+00   
 1.9231E+02    4.4443E+01    5.2049E+01    1.9644E+01    1.6171E+01    1.6344E+01    7.0577E+01    4.8565E+01    1.3882E+01    4.3664E+00    1.5299E+01    1.4646E+01    8.9974E+00   
 1.9340E+02    4.4437E+01    5.2040E+01    1.9726E+01    1.6196E+01    1.6363E+01    7.0576E+01    4.8560E+01    1.3939E+01    4.3664E+00    1.5421E+01    1.4743E+01    8.9974E+00   
 1.9448E+02    4.4446E+01    5.2082E+01    1.9749E+01    1.6198E+01    1.6347E+01    7.0569E+01    4.8561E+01    1.3928E+01    4.3664E+00    1.5299E+01    1.4646E+01    8.9974E+00   
 1.9557E+02    4.4459E+01    5.2078E+01    1.9706E+01    1.6187E+01    1.6344E+01    7.0578E+01    4.8571E+01    1.3967E+01    4.3868E+00    1.5421E+01    1.4609E+01    9.0216E+00   
# Time (s)      T1w (C)       T2w (C)       T1a (C)       T2a (C)       T1r (C)       T2r (C)       T3r (C)       T4r (C)       P1 (bar)      P2 (bar)      Pow (W/100)      Qc (l/min)    
 1.9666E+02    4.4467E+01    5.2092E+01    1.9829E+01    1.6146E+01    1.6327E+01    7.0584E+01    4.8595E+01    1.4033E+01    4.3664E+00    1.5380E+01    1.4597E+01    8.9974E+00   
 1.9775E+02    4.4486E+01    5.2106E+01    1.9801E+01    1.6237E+01    1.6313E+01    7.0586E+01    4.8632E+01    1.4063E+01    4.3664E+00    1.5380E+01    1.4609E+01    9.0216E+00   
 1.9884E+02    4.4484E+01    5.2123E+01    1.9642E+01    1.6208E+01    1.6289E+01    7.0612E+01    4.8663E+01    1.4106E+01    4.3664E+00    1.5441E+01    1.4585E+01    9.0216E+00   
 1.9992E+02    4.4478E+01    5.2121E+01    1.9592E+01    1.6266E+01    1.6267E+01    7.0631E+01    4.8671E+01    1.4152E+01    4.3868E+00    1.5360E+01    1.4658E+01    9.0458E+00   
 2.0101E+02    4.4474E+01    5.2122E+01    1.9743E+01    1.6307E+01    1.6206E+01    7.0618E+01    4.8667E+01    1.4175E+01    4.3868E+00    1.5401E+01    1.5011E+01    8.9974E+00   
 2.0211E+02    4.4452E+01    5.2099E+01    1.9934E+01    1.6314E+01    1.6126E+01    7.0626E+01    4.8683E+01    1.4183E+01    4.4071E+00    1.5462E+01    1.4914E+01    8.9731E+00   
 2.0320E+02    4.4454E+01    5.2091E+01    1.9815E+01    1.6401E+01    1.6076E+01    7.0637E+01    4.8725E+01    1.4223E+01    4.3868E+00    1.5299E+01    1.4987E+01    9.0216E+00   
 2.0429E+02    4.4433E+01    5.2070E+01    1.9861E+01    1.6396E+01    1.5971E+01    7.0632E+01    4.8770E+01    1.4247E+01    4.4071E+00    1.5339E+01    1.4816E+01    9.0216E+00   
 2.0539E+02    4.4444E+01    5.2074E+01    1.9635E+01    1.6373E+01    1.5873E+01    7.0614E+01    4.8777E+01    1.4311E+01    4.4275E+00    1.5339E+01    1.4670E+01    8.9974E+00   
 2.0648E+02    4.4452E+01    5.2099E+01    1.9827E+01    1.6463E+01    1.5681E+01    7.0595E+01    4.8760E+01    1.4332E+01    4.4275E+00    1.5299E+01    1.5024E+01    9.0216E+00   
 2.0761E+02    4.4456E+01    5.2103E+01    1.9808E+01    1.6435E+01    1.5589E+01    7.0594E+01    4.8798E+01    1.4376E+01    4.4479E+00    1.5441E+01    1.4646E+01    9.0458E+00   
 2.0869E+02    4.4468E+01    5.2147E+01    1.9740E+01    1.6409E+01    1.5380E+01    7.0601E+01    4.8830E+01    1.4399E+01    4.4275E+00    1.5401E+01    1.5024E+01    8.9731E+00   
 2.0977E+02    4.4461E+01    5.2123E+01    1.9594E+01    1.6456E+01    1.5167E+01    7.0582E+01    4.8806E+01    1.4427E+01    4.4275E+00    1.5503E+01    1.4890E+01    8.9731E+00   
 2.1084E+02    4.4465E+01    5.2146E+01    1.9752E+01    1.6494E+01    1.4802E+01    7.0572E+01    4.8816E+01    1.4439E+01    4.4479E+00    1.5441E+01    1.4658E+01    9.0216E+00   
 2.1192E+02    4.4473E+01    5.2152E+01    1.9695E+01    1.6574E+01    1.4542E+01    7.0520E+01    4.8807E+01    1.4432E+01    4.4275E+00    1.5380E+01    1.5145E+01    9.0216E+00   
 2.1302E+02    4.4448E+01    5.2148E+01    1.9838E+01    1.6544E+01    1.4077E+01    7.0520E+01    4.8810E+01    1.4455E+01    4.4275E+00    1.5421E+01    1.5072E+01    9.0216E+00   
 2.1412E+02    4.4443E+01    5.2171E+01    1.9779E+01    1.6519E+01    1.3709E+01    7.0502E+01    4.8798E+01    1.4452E+01    4.4275E+00    1.5523E+01    1.5158E+01    8.9731E+00   
 2.1521E+02    4.4474E+01    5.2196E+01    1.9686E+01    1.6456E+01    1.3558E+01    7.0482E+01    4.8743E+01    1.4471E+01    4.4275E+00    1.5401E+01    1.5072E+01    8.9974E+00   
 2.1630E+02    4.4491E+01    5.2226E+01    1.9636E+01    1.6550E+01    1.3333E+01    7.0456E+01    4.8716E+01    1.4495E+01    4.4275E+00    1.5482E+01    1.5121E+01    8.9731E+00   
 2.1738E+02    4.4504E+01    5.2248E+01    1.9655E+01    1.6468E+01    1.3103E+01    7.0449E+01    4.8635E+01    1.4493E+01    4.4071E+00    1.5401E+01    1.5036E+01    8.9731E+00   
 2.1847E+02    4.4532E+01    5.2285E+01    1.9666E+01    1.6468E+01    1.2899E+01    7.0378E+01    4.8548E+01    1.4444E+01    4.4071E+00    1.5503E+01    1.4743E+01    8.9974E+00   
 2.1956E+02    4.4505E+01    5.2289E+01    1.9690E+01    1.6398E+01    1.2789E+01    7.0345E+01    4.8462E+01    1.4386E+01    4.4071E+00    1.5482E+01    1.4975E+01    8.9974E+00   
 2.2065E+02    4.4501E+01    5.2284E+01    1.9635E+01    1.6259E+01    1.2660E+01    7.0308E+01    4.8451E+01    1.4347E+01    4.4071E+00    1.5503E+01    1.4719E+01    9.0216E+00   
 2.2174E+02    4.4476E+01    5.2297E+01    1.9638E+01    1.6250E+01    1.2601E+01    7.0304E+01    4.8357E+01    1.4331E+01    4.3868E+00    1.5605E+01    1.4695E+01    8.9731E+00   
 2.2282E+02    4.4464E+01    5.2299E+01    1.9637E+01    1.6266E+01    1.2521E+01    7.0278E+01    4.8258E+01    1.4297E+01    4.3868E+00    1.5482E+01    1.4695E+01    8.9488E+00   
 2.2391E+02    4.4491E+01    5.2314E+01    1.9690E+01    1.6306E+01    1.2461E+01    7.0297E+01    4.8141E+01    1.4239E+01    4.3460E+00    1.5605E+01    1.4682E+01    8.9488E+00   
 2.2500E+02    4.4494E+01    5.2343E+01    1.9723E+01    1.6188E+01    1.2384E+01    7.0316E+01    4.8072E+01    1.4166E+01    4.3257E+00    1.5462E+01    1.4670E+01    8.9488E+00   
 2.2609E+02    4.4509E+01    5.2351E+01    1.9691E+01    1.6219E+01    1.2292E+01    7.0314E+01    4.7960E+01    1.4097E+01    4.3460E+00    1.5543E+01    1.4695E+01    8.9974E+00   
 2.2718E+02    4.4493E+01    5.2343E+01    1.9843E+01    1.6255E+01    1.2226E+01    7.0320E+01    4.7830E+01    1.4048E+01    4.3257E+00    1.5441E+01    1.4841E+01    9.0216E+00   
 2.2827E+02    4.4473E+01    5.2329E+01    1.9893E+01    1.6177E+01    1.2207E+01    7.0340E+01    4.7770E+01    1.3954E+01    4.3460E+00    1.5482E+01    1.5121E+01    8.9731E+00   
# Time (s)      T1w (C)       T2w (C)       T1a (C)       T2a (C)       T1r (C)       T2r (C)       T3r (C)       T4r (C)       P1 (bar)      P2 (bar)      Pow (W/100)      Qc (l/min)    
 2.2934E+02    4.4471E+01    5.2321E+01    1.9935E+01    1.6089E+01    1.2205E+01    7.0366E+01    4.7671E+01    1.3906E+01    4.3257E+00    1.5564E+01    1.4670E+01    8.9974E+00   
 2.3043E+02    4.4471E+01    5.2323E+01    1.9866E+01    1.6052E+01    1.2255E+01    7.0400E+01    4.7573E+01    1.3861E+01    4.3257E+00    1.5441E+01    1.4646E+01    8.9243E+00   
 2.3152E+02    4.4480E+01    5.2314E+01    1.9853E+01    1.5990E+01    1.2302E+01    7.0479E+01    4.7470E+01    1.3821E+01    4.2645E+00    1.5462E+01    1.4768E+01    8.9731E+00   
 2.3261E+02    4.4495E+01    5.2296E+01    1.9875E+01    1.6012E+01    1.2449E+01    7.0535E+01    4.7425E+01    1.3772E+01    4.2849E+00    1.5441E+01    1.4804E+01    8.9974E+00   
 2.3369E+02    4.4487E+01    5.2282E+01    1.9770E+01    1.5966E+01    1.2576E+01    7.0567E+01    4.7367E+01    1.3749E+01    4.2645E+00    1.5441E+01    1.4634E+01    8.9488E+00   
 2.3479E+02    4.4503E+01    5.2273E+01    1.9699E+01    1.5978E+01    1.2717E+01    7.0612E+01    4.7293E+01    1.3723E+01    4.2442E+00    1.5401E+01    1.4658E+01    8.9731E+00   
 2.3589E+02    4.4515E+01    5.2259E+01    1.9805E+01    1.5905E+01    1.2777E+01    7.0627E+01    4.7236E+01    1.3638E+01    4.2442E+00    1.5543E+01    1.5097E+01    8.9731E+00   
 2.3703E+02    4.4514E+01    5.2264E+01    1.9888E+01    1.5794E+01    1.2933E+01    7.0673E+01    4.7226E+01    1.3620E+01    4.2849E+00    1.5441E+01    1.4646E+01    8.9974E+00   
 2.3812E+02    4.4511E+01    5.2250E+01    1.9853E+01    1.5860E+01    1.3089E+01    7.0678E+01    4.7197E+01    1.3578E+01    4.2442E+00    1.5421E+01    1.4902E+01    8.9974E+00   
 2.3920E+02    4.4524E+01    5.2238E+01    1.9778E+01    1.5840E+01    1.3231E+01    7.0709E+01    4.7177E+01    1.3555E+01    4.2645E+00    1.5441E+01    1.4975E+01    8.9974E+00   
 2.4027E+02    4.4512E+01    5.2226E+01    1.9756E+01    1.5826E+01    1.3310E+01    7.0751E+01    4.7180E+01    1.3557E+01    4.2645E+00    1.5380E+01    1.4926E+01    9.0216E+00   
 2.4136E+02    4.4518E+01    5.2214E+01    1.9695E+01    1.5749E+01    1.3495E+01    7.0781E+01    4.7173E+01    1.3539E+01    4.2442E+00    1.5339E+01    1.4670E+01    9.0458E+00   
 2.4244E+02    4.4528E+01    5.2207E+01    1.9698E+01    1.5818E+01    1.3654E+01    7.0781E+01    4.7199E+01    1.3539E+01    4.2442E+00    1.5462E+01    1.4622E+01    8.9974E+00   
 2.4353E+02    4.4518E+01    5.2188E+01    1.9864E+01    1.5777E+01    1.3820E+01    7.0822E+01    4.7278E+01    1.3521E+01    4.2645E+00    1.5319E+01    1.4561E+01    9.0216E+00   
 2.4462E+02    4.4529E+01    5.2177E+01    1.9745E+01    1.5791E+01    1.3888E+01    7.0826E+01    4.7316E+01    1.3519E+01    4.2645E+00    1.5380E+01    1.4561E+01    8.9974E+00   
 2.4571E+02    4.4553E+01    5.2169E+01    1.9715E+01    1.5710E+01    1.4051E+01    7.0846E+01    4.7378E+01    1.3533E+01    4.2442E+00    1.5339E+01    1.4561E+01    8.9974E+00   
 2.4679E+02    4.4572E+01    5.2190E+01    1.9790E+01    1.5773E+01    1.4194E+01    7.0865E+01    4.7458E+01    1.3538E+01    4.2645E+00    1.5421E+01    1.4548E+01    8.9731E+00   
 2.4788E+02    4.4576E+01    5.2181E+01    1.9835E+01    1.5760E+01    1.4244E+01    7.0865E+01    4.7513E+01    1.3540E+01    4.2645E+00    1.5482E+01    1.4609E+01    8.9731E+00   
 2.4897E+02    4.4577E+01    5.2140E+01    1.9824E+01    1.5681E+01    1.4394E+01    7.0900E+01    4.7539E+01    1.3514E+01    4.2442E+00    1.5339E+01    1.4646E+01    8.9731E+00   
 2.5006E+02    4.4575E+01    5.2152E+01    1.9855E+01    1.5784E+01    1.4509E+01    7.0904E+01    4.7617E+01    1.3545E+01    4.3053E+00    1.5462E+01    1.4609E+01    8.9974E+00   
 2.5115E+02    4.4574E+01    5.2149E+01    1.9736E+01    1.5764E+01    1.4643E+01    7.0899E+01    4.7696E+01    1.3547E+01    4.2442E+00    1.5319E+01    1.4646E+01    8.9731E+00   
 2.5223E+02    4.4570E+01    5.2142E+01    1.9680E+01    1.5861E+01    1.4714E+01    7.0925E+01    4.7804E+01    1.3571E+01    4.2849E+00    1.5462E+01    1.4890E+01    8.9731E+00   
 2.5332E+02    4.4574E+01    5.2139E+01    1.9600E+01    1.5865E+01    1.4845E+01    7.0916E+01    4.7854E+01    1.3579E+01    4.3053E+00    1.5339E+01    1.4963E+01    9.0216E+00   
 2.5441E+02    4.4574E+01    5.2143E+01    1.9545E+01    1.5836E+01    1.4968E+01    7.0916E+01    4.7896E+01    1.3595E+01    4.2849E+00    1.5401E+01    1.4890E+01    8.9974E+00   
 2.5550E+02    4.4575E+01    5.2127E+01    1.9539E+01    1.5916E+01    1.5063E+01    7.0936E+01    4.7961E+01    1.3607E+01    4.3257E+00    1.5319E+01    1.4548E+01    9.0216E+00   
 2.5660E+02    4.4568E+01    5.2145E+01    1.9534E+01    1.6012E+01    1.5133E+01    7.0948E+01    4.8045E+01    1.3626E+01    4.2645E+00    1.5441E+01    1.4646E+01    8.9731E+00   
 2.5769E+02    4.4592E+01    5.2132E+01    1.9681E+01    1.5896E+01    1.5242E+01    7.0976E+01    4.8102E+01    1.3687E+01    4.2645E+00    1.5441E+01    1.4573E+01    8.9974E+00   
 2.5879E+02    4.4593E+01    5.2141E+01    1.9693E+01    1.5932E+01    1.5328E+01    7.0980E+01    4.8158E+01    1.3698E+01    4.3053E+00    1.5299E+01    1.4561E+01    9.0216E+00   
 2.5988E+02    4.4570E+01    5.2137E+01    1.9771E+01    1.6017E+01    1.5434E+01    7.0976E+01    4.8245E+01    1.3694E+01    4.2849E+00    1.5401E+01    1.4573E+01    8.9974E+00   
 2.6096E+02    4.4599E+01    5.2147E+01    1.9780E+01    1.5994E+01    1.5471E+01    7.0997E+01    4.8285E+01    1.3740E+01    4.3053E+00    1.5482E+01    1.5024E+01    8.9488E+00   
# Time (s)      T1w (C)       T2w (C)       T1a (C)       T2a (C)       T1r (C)       T2r (C)       T3r (C)       T4r (C)       P1 (bar)      P2 (bar)      Pow (W/100)      Qc (l/min)    
 2.6206E+02    4.4619E+01    5.2162E+01    1.9795E+01    1.5997E+01    1.5575E+01    7.1020E+01    4.8353E+01    1.3775E+01    4.3053E+00    1.5319E+01    1.4950E+01    9.0458E+00   
 2.6315E+02    4.4617E+01    5.2168E+01    1.9690E+01    1.6099E+01    1.5695E+01    7.1040E+01    4.8433E+01    1.3793E+01    4.3053E+00    1.5462E+01    1.5048E+01    9.0216E+00   
 2.6423E+02    4.4615E+01    5.2166E+01    1.9756E+01    1.6018E+01    1.5724E+01    7.1029E+01    4.8475E+01    1.3827E+01    4.3053E+00    1.5339E+01    1.4987E+01    8.9974E+00   
 2.6532E+02    4.4612E+01    5.2172E+01    1.9808E+01    1.6013E+01    1.5796E+01    7.1040E+01    4.8488E+01    1.3857E+01    4.3257E+00    1.5462E+01    1.4987E+01    8.9974E+00   
 2.6647E+02    4.4604E+01    5.2163E+01    1.9880E+01    1.6032E+01    1.5875E+01    7.1050E+01    4.8575E+01    1.3875E+01    4.3257E+00    1.5462E+01    1.4719E+01    8.9974E+00   
 2.6756E+02    4.4607E+01    5.2162E+01    1.9859E+01    1.6007E+01    1.5949E+01    7.1065E+01    4.8612E+01    1.3907E+01    4.3053E+00    1.5360E+01    1.4877E+01    8.9974E+00   
 2.6868E+02    4.4624E+01    5.2187E+01    1.9974E+01    1.6169E+01    1.5988E+01    7.1056E+01    4.8622E+01    1.3912E+01    4.3460E+00    1.5482E+01    1.4768E+01    9.0458E+00   
 2.6976E+02    4.4639E+01    5.2198E+01    2.0026E+01    1.6125E+01    1.6056E+01    7.1068E+01    4.8667E+01    1.3936E+01    4.3460E+00    1.5482E+01    1.4877E+01    9.0216E+00   
 2.7084E+02    4.4643E+01    5.2215E+01    2.0042E+01    1.6180E+01    1.6124E+01    7.1061E+01    4.8700E+01    1.3950E+01    4.3664E+00    1.5523E+01    1.4914E+01    8.9974E+00   
 2.7193E+02    4.4680E+01    5.2242E+01    1.9958E+01    1.6119E+01    1.6195E+01    7.1057E+01    4.8751E+01    1.4001E+01    4.3460E+00    1.5339E+01    1.4792E+01    8.9731E+00   
 2.7301E+02    4.4651E+01    5.2218E+01    1.9899E+01    1.6167E+01    1.6230E+01    7.1040E+01    4.8796E+01    1.4030E+01    4.3460E+00    1.5482E+01    1.4853E+01    9.0216E+00   
 2.7410E+02    4.4628E+01    5.2210E+01    1.9786E+01    1.6219E+01    1.6290E+01    7.1032E+01    4.8831E+01    1.4045E+01    4.3460E+00    1.5401E+01    1.4719E+01    9.0216E+00   
 2.7519E+02    4.4612E+01    5.2202E+01    2.0297E+01    1.6175E+01    1.6317E+01    7.1029E+01    4.8837E+01    1.4046E+01    4.3460E+00    1.5523E+01    1.4634E+01    8.9974E+00   
 2.7628E+02    4.4637E+01    5.2220E+01    2.0704E+01    1.6205E+01    1.6341E+01    7.1043E+01    4.8843E+01    1.4045E+01    4.3664E+00    1.5360E+01    1.4634E+01    8.9974E+00   
 2.7737E+02    4.4628E+01    5.2213E+01    2.0707E+01    1.6189E+01    1.6352E+01    7.1031E+01    4.8848E+01    1.4088E+01    4.3664E+00    1.5462E+01    1.4646E+01    9.0216E+00   
 2.7845E+02    4.4640E+01    5.2237E+01    2.0142E+01    1.6233E+01    1.6380E+01    7.1048E+01    4.8872E+01    1.4085E+01    4.4071E+00    1.5421E+01    1.4670E+01    8.9731E+00   
 2.7954E+02    4.4632E+01    5.2252E+01    2.0019E+01    1.6196E+01    1.6392E+01    7.1034E+01    4.8919E+01    1.4116E+01    4.3868E+00    1.5421E+01    1.4682E+01    8.9974E+00   
 2.8064E+02    4.4655E+01    5.2271E+01    1.9900E+01    1.6207E+01    1.6402E+01    7.1035E+01    4.8946E+01    1.4140E+01    4.3664E+00    1.5441E+01    1.4743E+01    8.9488E+00   
 2.8173E+02    4.4681E+01    5.2295E+01    1.9817E+01    1.6324E+01    1.6409E+01    7.1040E+01    4.8963E+01    1.4165E+01    4.3664E+00    1.5523E+01    1.4719E+01    9.0216E+00   
 2.8281E+02    4.4699E+01    5.2323E+01    1.9826E+01    1.6363E+01    1.6371E+01    7.1021E+01    4.8907E+01    1.4202E+01    4.3664E+00    1.5401E+01    1.4792E+01    8.9488E+00   
 2.8390E+02    4.4710E+01    5.2341E+01    1.9873E+01    1.6351E+01    1.6367E+01    7.1025E+01    4.8938E+01    1.4201E+01    4.3868E+00    1.5503E+01    1.5072E+01    8.9731E+00   
 2.8499E+02    4.4727E+01    5.2344E+01    1.9922E+01    1.6398E+01    1.6337E+01    7.1013E+01    4.8906E+01    1.4225E+01    4.3868E+00    1.5380E+01    1.5121E+01    8.9974E+00   
 2.8608E+02    4.4701E+01    5.2328E+01    1.9906E+01    1.6350E+01    1.6309E+01    7.1037E+01    4.8949E+01    1.4290E+01    4.3868E+00    1.5503E+01    1.5109E+01    9.0216E+00   
 2.8717E+02    4.4696E+01    5.2328E+01    1.9871E+01    1.6463E+01    1.6283E+01    7.1032E+01    4.8975E+01    1.4315E+01    4.3868E+00    1.5462E+01    1.5121E+01    9.0458E+00   
 2.8825E+02    4.4723E+01    5.2339E+01    1.9729E+01    1.6452E+01    1.6200E+01    7.1022E+01    4.8979E+01    1.4347E+01    4.3664E+00    1.5421E+01    1.4658E+01    9.0216E+00   
 2.8935E+02    4.4697E+01    5.2331E+01    1.9638E+01    1.6365E+01    1.6132E+01    7.1034E+01    4.9008E+01    1.4395E+01    4.4071E+00    1.5584E+01    1.4719E+01    8.9974E+00   
 2.9044E+02    4.4720E+01    5.2345E+01    1.9657E+01    1.6430E+01    1.5980E+01    7.1026E+01    4.8987E+01    1.4394E+01    4.4071E+00    1.5401E+01    1.4707E+01    8.9731E+00   
 2.9153E+02    4.4708E+01    5.2329E+01    1.9614E+01    1.6361E+01    1.5747E+01    7.1009E+01    4.8999E+01    1.4419E+01    4.4479E+00    1.5543E+01    1.4780E+01    8.9731E+00   
 2.9261E+02    4.4695E+01    5.2329E+01    1.9553E+01    1.6423E+01    1.5508E+01    7.1018E+01    4.9007E+01    1.4428E+01    4.4479E+00    1.5543E+01    1.4768E+01    8.9488E+00   
 2.9371E+02    4.4703E+01    5.2321E+01    1.9540E+01    1.6441E+01    1.5369E+01    7.0996E+01    4.8989E+01    1.4442E+01    4.4275E+00    1.5401E+01    1.4816E+01    8.9974E+00   
# Time (s)      T1w (C)       T2w (C)       T1a (C)       T2a (C)       T1r (C)       T2r (C)       T3r (C)       T4r (C)       P1 (bar)      P2 (bar)      Pow (W/100)      Qc (l/min)    
 2.9480E+02    4.4687E+01    5.2329E+01    1.9558E+01    1.6436E+01    1.5147E+01    7.0979E+01    4.9012E+01    1.4462E+01    4.4275E+00    1.5441E+01    1.4731E+01    8.9731E+00   
 2.9594E+02    4.4697E+01    5.2356E+01    1.9735E+01    1.6411E+01    1.4897E+01    7.0980E+01    4.8999E+01    1.4486E+01    4.4275E+00    1.5543E+01    1.4719E+01    9.0216E+00   
 2.9702E+02    4.4725E+01    5.2386E+01    1.9778E+01    1.6460E+01    1.4516E+01    7.0942E+01    4.8996E+01    1.4481E+01    4.4275E+00    1.5462E+01    1.4914E+01    8.9731E+00   
 2.9813E+02    4.4740E+01    5.2410E+01    1.9801E+01    1.6490E+01    1.4310E+01    7.0944E+01    4.8945E+01    1.4465E+01    4.4071E+00    1.5441E+01    1.4719E+01    9.0216E+00   
 2.9921E+02    4.4730E+01    5.2409E+01    1.9787E+01    1.6458E+01    1.3898E+01    7.0892E+01    4.8939E+01    1.4483E+01    4.4275E+00    1.5503E+01    1.4719E+01    9.0216E+00   
 3.0030E+02    4.4714E+01    5.2418E+01    1.9705E+01    1.6460E+01    1.3628E+01    7.0886E+01    4.8911E+01    1.4498E+01    4.4275E+00    1.5584E+01    1.5219E+01    9.0216E+00   
 3.0138E+02    4.4700E+01    5.2438E+01    1.9775E+01    1.6388E+01    1.3475E+01    7.0846E+01    4.8866E+01    1.4498E+01    4.4275E+00    1.5503E+01    1.5182E+01    8.9974E+00   
 3.0247E+02    4.4693E+01    5.2433E+01    1.9770E+01    1.6362E+01    1.3215E+01    7.0821E+01    4.8837E+01    1.4466E+01    4.4479E+00    1.5584E+01    1.4975E+01    9.0216E+00   
 3.0356E+02    4.4707E+01    5.2465E+01    1.9721E+01    1.6307E+01    1.3008E+01    7.0802E+01    4.8779E+01    1.4424E+01    4.4275E+00    1.5543E+01    1.4743E+01    8.9243E+00   
 3.0464E+02    4.4724E+01    5.2487E+01    1.9767E+01    1.6410E+01    1.2849E+01    7.0768E+01    4.8724E+01    1.4412E+01    4.3868E+00    1.5543E+01    1.4792E+01    8.9974E+00   
 3.0572E+02    4.4708E+01    5.2504E+01    1.9833E+01    1.6366E+01    1.2768E+01    7.0729E+01    4.8618E+01    1.4331E+01    4.3868E+00    1.5543E+01    1.5109E+01    8.9974E+00   
 3.0680E+02    4.4723E+01    5.2519E+01    1.9769E+01    1.6383E+01    1.2659E+01    7.0701E+01    4.8585E+01    1.4282E+01    4.3868E+00    1.5584E+01    1.4987E+01    8.9974E+00   
 3.0788E+02    4.4715E+01    5.2510E+01    1.9657E+01    1.6399E+01    1.2519E+01    7.0677E+01    4.8464E+01    1.4218E+01    4.4071E+00    1.5645E+01    1.4719E+01    8.9731E+00   
 3.0896E+02    4.4717E+01    5.2527E+01    1.9661E+01    1.6379E+01    1.2431E+01    7.0659E+01    4.8367E+01    1.4155E+01    4.3664E+00    1.5645E+01    1.4743E+01    9.0216E+00   
 3.1004E+02    4.4735E+01    5.2537E+01    1.9732E+01    1.6342E+01    1.2417E+01    7.0701E+01    4.8288E+01    1.4109E+01    4.3868E+00    1.5645E+01    1.4987E+01    8.9974E+00   
 3.1112E+02    4.4722E+01    5.2553E+01    1.9763E+01    1.6305E+01    1.2369E+01    7.0719E+01    4.8241E+01    1.4087E+01    4.3460E+00    1.5564E+01    1.5097E+01    8.9731E+00   
 3.1220E+02    4.4733E+01    5.2558E+01    1.9869E+01    1.6249E+01    1.2344E+01    7.0734E+01    4.8160E+01    1.4089E+01    4.3664E+00    1.5584E+01    1.4743E+01    8.9974E+00   
 3.1328E+02    4.4739E+01    5.2566E+01    1.9934E+01    1.6244E+01    1.2361E+01    7.0725E+01    4.8102E+01    1.4037E+01    4.3460E+00    1.5543E+01    1.4707E+01    8.9731E+00   
 3.1436E+02    4.4749E+01    5.2564E+01    1.9911E+01    1.6199E+01    1.2413E+01    7.0713E+01    4.8081E+01    1.4019E+01    4.3460E+00    1.5523E+01    1.4780E+01    8.9488E+00   
 3.1544E+02    4.4758E+01    5.2570E+01    2.0077E+01    1.6147E+01    1.2503E+01    7.0712E+01    4.8006E+01    1.3960E+01    4.3460E+00    1.5666E+01    1.5170E+01    8.9974E+00   
 3.1652E+02    4.4747E+01    5.2560E+01    2.0341E+01    1.6094E+01    1.2606E+01    7.0704E+01    4.7926E+01    1.3918E+01    4.2849E+00    1.5645E+01    1.5011E+01    8.9974E+00   
 3.1760E+02    4.4732E+01    5.2547E+01    2.0188E+01    1.6154E+01    1.2675E+01    7.0720E+01    4.7874E+01    1.3848E+01    4.3257E+00    1.5707E+01    1.4853E+01    8.9243E+00   
 3.1868E+02    4.4751E+01    5.2575E+01    1.9860E+01    1.6091E+01    1.2793E+01    7.0727E+01    4.7825E+01    1.3811E+01    4.3257E+00    1.5605E+01    1.4682E+01    8.9488E+00   
 3.1976E+02    4.4755E+01    5.2560E+01    1.9710E+01    1.6037E+01    1.2932E+01    7.0762E+01    4.7761E+01    1.3814E+01    4.3257E+00    1.5543E+01    1.4816E+01    8.9974E+00   
 3.2084E+02    4.4752E+01    5.2550E+01    1.9580E+01    1.5949E+01    1.3022E+01    7.0857E+01    4.7741E+01    1.3789E+01    4.3257E+00    1.5503E+01    1.5109E+01    9.0216E+00   
 3.2192E+02    4.4758E+01    5.2534E+01    1.9589E+01    1.5989E+01    1.3164E+01    7.0923E+01    4.7701E+01    1.3763E+01    4.2645E+00    1.5503E+01    1.5133E+01    8.9974E+00   
 3.2300E+02    4.4727E+01    5.2498E+01    1.9742E+01    1.5899E+01    1.3316E+01    7.0938E+01    4.7675E+01    1.3765E+01    4.2645E+00    1.5605E+01    1.5133E+01    9.0216E+00   
 3.2409E+02    4.4743E+01    5.2500E+01    1.9730E+01    1.5964E+01    1.3464E+01    7.0993E+01    4.7656E+01    1.3739E+01    4.2849E+00    1.5523E+01    1.4780E+01    8.9731E+00   
 3.2518E+02    4.4756E+01    5.2488E+01    1.9772E+01    1.5848E+01    1.3543E+01    7.1022E+01    4.7674E+01    1.3717E+01    4.3053E+00    1.5584E+01    1.4670E+01    8.9974E+00   
 3.2626E+02    4.4786E+01    5.2497E+01    1.9779E+01    1.5924E+01    1.3694E+01    7.1054E+01    4.7653E+01    1.3728E+01    4.2849E+00    1.5564E+01    1.4987E+01    8.9974E+00   
# Time (s)      T1w (C)       T2w (C)       T1a (C)       T2a (C)       T1r (C)       T2r (C)       T3r (C)       T4r (C)       P1 (bar)      P2 (bar)      Pow (W/100)      Qc (l/min)    
 3.2735E+02    4.4761E+01    5.2483E+01    1.9872E+01    1.5943E+01    1.3840E+01    7.1092E+01    4.7665E+01    1.3713E+01    4.2645E+00    1.5441E+01    1.5011E+01    8.9488E+00   
 3.2843E+02    4.4785E+01    5.2451E+01    1.9773E+01    1.5906E+01    1.3903E+01    7.1146E+01    4.7683E+01    1.3723E+01    4.2645E+00    1.5564E+01    1.5072E+01    8.9488E+00   
 3.2952E+02    4.4768E+01    5.2449E+01    1.9766E+01    1.5886E+01    1.4058E+01    7.1197E+01    4.7744E+01    1.3689E+01    4.2645E+00    1.5462E+01    1.5085E+01    8.9974E+00   
 3.3061E+02    4.4768E+01    5.2454E+01    2.0017E+01    1.5872E+01    1.4209E+01    7.1224E+01    4.7778E+01    1.3701E+01    4.2645E+00    1.5421E+01    1.5072E+01    8.9488E+00   
