# Run number 09 on Tue May 21 10:03:21 2024
# Time (s)      T1w (C)       T2w (C)       T1a (C)       T2a (C)       T1r (C)       T2r (C)       T3r (C)       T4r (C)       P1 (bar)      P2 (bar)      Pow (W/100)      Qc (l/min)    
 3.1599E-01    4.1957E+01    4.2118E+01    2.1011E+01    1.8821E+01    2.6687E+01    5.5234E+01    4.1094E+01    2.5159E+01    7.1370E+00    7.3036E+00    7.4933E+00    8.9731E+00   
 1.4633E+00    4.1920E+01    4.2128E+01    2.1015E+01    1.8850E+01    2.6662E+01    5.5124E+01    4.0990E+01    2.5191E+01    7.1574E+00    7.3240E+00    7.5055E+00    8.8998E+00   
 2.5654E+00    4.1906E+01    4.2117E+01    2.0940E+01    1.8807E+01    2.6635E+01    5.5006E+01    4.0973E+01    2.4985E+01    7.1574E+00    7.3240E+00    7.5542E+00    8.8753E+00   
 3.6616E+00    4.1897E+01    4.2126E+01    2.0937E+01    1.8778E+01    2.6607E+01    5.4968E+01    4.0883E+01    2.4913E+01    7.1777E+00    7.3240E+00    7.6395E+00    8.9243E+00   
 4.7567E+00    4.1849E+01    4.2087E+01    2.0879E+01    1.8808E+01    2.6606E+01    5.4852E+01    4.0781E+01    2.4952E+01    7.1370E+00    7.3036E+00    7.5421E+00    8.9731E+00   
 5.8529E+00    4.1853E+01    4.2066E+01    2.0874E+01    1.8893E+01    2.6603E+01    5.4761E+01    4.0731E+01    2.4968E+01    7.1574E+00    7.3036E+00    7.5055E+00    8.9974E+00   
 6.9502E+00    4.1840E+01    4.2032E+01    2.0827E+01    1.8839E+01    2.6605E+01    5.4670E+01    4.0695E+01    2.4922E+01    7.1574E+00    7.3036E+00    7.5055E+00    8.9488E+00   
 8.0462E+00    4.1821E+01    4.1980E+01    2.0829E+01    1.8839E+01    2.6584E+01    5.4617E+01    4.0635E+01    2.4901E+01    7.1574E+00    7.3036E+00    7.6274E+00    8.9974E+00   
 9.1413E+00    4.1818E+01    4.1971E+01    2.0873E+01    1.8873E+01    2.6570E+01    5.4522E+01    4.0581E+01    2.4903E+01    7.1370E+00    7.3240E+00    7.5786E+00    8.9974E+00   
 1.0237E+01    4.1790E+01    4.1955E+01    2.0889E+01    1.8943E+01    2.6567E+01    5.4414E+01    4.0527E+01    2.4961E+01    7.1370E+00    7.3036E+00    7.5421E+00    8.9488E+00   
 1.1335E+01    4.1777E+01    4.1934E+01    2.0954E+01    1.8954E+01    2.6524E+01    5.4299E+01    4.0482E+01    2.4936E+01    7.1574E+00    7.2832E+00    7.4933E+00    8.9243E+00   
 1.2431E+01    4.1757E+01    4.1889E+01    2.1019E+01    1.8923E+01    2.6499E+01    5.4243E+01    4.0395E+01    2.4992E+01    7.1574E+00    7.3036E+00    7.6395E+00    8.9731E+00   
 1.3512E+01    4.1712E+01    4.1880E+01    2.1062E+01    1.8911E+01    2.6497E+01    5.4143E+01    4.0309E+01    2.4993E+01    7.1370E+00    7.3036E+00    7.4933E+00    8.9731E+00   
 1.4606E+01    4.1701E+01    4.1862E+01    2.1145E+01    1.8978E+01    2.6473E+01    5.4030E+01    4.0271E+01    2.4907E+01    7.1574E+00    7.2832E+00    7.5421E+00    8.9731E+00   
 1.5703E+01    4.1669E+01    4.1837E+01    2.1140E+01    1.8978E+01    2.6489E+01    5.3949E+01    4.0239E+01    2.4916E+01    7.1370E+00    7.2832E+00    7.6395E+00    8.9974E+00   
 1.6799E+01    4.1662E+01    4.1832E+01    2.1111E+01    1.8986E+01    2.6502E+01    5.3916E+01    4.0193E+01    2.5001E+01    7.1370E+00    7.2832E+00    7.5055E+00    8.9488E+00   
 1.7894E+01    4.1655E+01    4.1799E+01    2.0825E+01    2.1343E+01    2.6490E+01    5.3838E+01    4.0114E+01    2.5212E+01    7.1166E+00    7.2832E+00    7.5421E+00    8.9731E+00   
 1.8991E+01    4.1630E+01    4.1790E+01    2.0625E+01    2.2983E+01    2.6465E+01    5.3739E+01    4.0060E+01    2.5370E+01    7.1166E+00    7.2424E+00    7.6152E+00    8.9974E+00   
 2.0088E+01    4.1608E+01    4.1781E+01    2.0344E+01    2.3671E+01    2.6465E+01    5.3637E+01    3.9951E+01    2.5403E+01    7.0351E+00    7.1812E+00    7.5908E+00    8.9731E+00   
 2.1184E+01    4.1587E+01    4.1751E+01    2.0198E+01    2.3767E+01    2.6438E+01    5.3598E+01    3.9821E+01    2.5371E+01    6.9740E+00    7.1200E+00    7.4568E+00    8.9488E+00   
 2.2287E+01    4.1541E+01    4.1684E+01    2.0239E+01    2.3828E+01    2.6412E+01    5.3499E+01    3.9711E+01    2.5289E+01    6.9333E+00    7.0589E+00    7.4568E+00    8.9488E+00   
 2.3375E+01    4.1541E+01    4.1685E+01    2.0246E+01    2.3796E+01    2.6398E+01    5.3420E+01    3.9628E+01    2.5195E+01    6.8722E+00    7.0181E+00    7.4446E+00    8.9974E+00   
 2.4472E+01    4.1528E+01    4.1649E+01    2.0163E+01    2.3789E+01    2.6363E+01    5.3329E+01    3.9473E+01    2.5096E+01    6.8722E+00    6.9977E+00    7.4933E+00    8.9731E+00   
 2.5568E+01    4.1486E+01    4.1611E+01    2.0047E+01    2.3608E+01    2.6324E+01    5.3274E+01    3.9298E+01    2.5009E+01    6.8110E+00    6.9365E+00    7.5664E+00    9.0216E+00   
 2.6713E+01    4.1484E+01    4.1561E+01    1.9845E+01    2.3474E+01    2.6281E+01    5.3186E+01    3.9178E+01    2.4960E+01    6.7703E+00    6.8957E+00    7.5299E+00    8.9731E+00   
 2.7799E+01    4.1444E+01    4.1534E+01    1.9794E+01    2.3360E+01    2.6271E+01    5.3123E+01    3.9029E+01    2.4888E+01    6.7499E+00    6.8753E+00    7.5421E+00    9.0216E+00   
 2.8928E+01    4.1427E+01    4.1516E+01    1.9848E+01    2.3325E+01    2.6266E+01    5.3045E+01    3.8983E+01    2.4825E+01    6.7092E+00    6.8345E+00    7.5664E+00    8.9488E+00   
 3.0005E+01    4.1396E+01    4.1467E+01    1.9872E+01    2.3225E+01    2.6226E+01    5.3002E+01    3.8864E+01    2.4784E+01    6.7092E+00    6.7937E+00    7.5786E+00    8.9488E+00   
 3.1083E+01    4.1396E+01    4.1458E+01    1.9842E+01    2.3159E+01    2.6192E+01    5.2910E+01    3.8699E+01    2.4685E+01    6.6481E+00    6.7733E+00    7.5542E+00    8.9731E+00   
 3.2169E+01    4.1387E+01    4.1449E+01    1.9840E+01    2.3104E+01    2.6174E+01    5.2834E+01    3.8653E+01    2.4586E+01    6.6073E+00    6.7529E+00    7.5786E+00    8.9488E+00   
# Time (s)      T1w (C)       T2w (C)       T1a (C)       T2a (C)       T1r (C)       T2r (C)       T3r (C)       T4r (C)       P1 (bar)      P2 (bar)      Pow (W/100)      Qc (l/min)    
 3.3249E+01    4.1366E+01    4.1413E+01    1.9822E+01    2.3057E+01    2.6151E+01    5.2793E+01    3.8382E+01    2.4525E+01    6.5870E+00    6.7121E+00    7.5542E+00    8.9488E+00   
 3.4339E+01    4.1339E+01    4.1393E+01    1.9738E+01    2.2903E+01    2.6119E+01    5.2713E+01    3.8022E+01    2.4482E+01    6.5666E+00    6.7121E+00    7.4568E+00    8.9731E+00   
 3.5419E+01    4.1315E+01    4.1408E+01    1.9801E+01    2.2811E+01    2.6095E+01    5.2642E+01    3.7694E+01    2.4392E+01    6.5666E+00    6.6917E+00    7.4446E+00    8.9731E+00   
 3.6498E+01    4.1274E+01    4.1363E+01    1.9789E+01    2.2699E+01    2.6068E+01    5.2552E+01    3.7529E+01    2.4291E+01    6.5462E+00    6.6306E+00    7.4811E+00    8.9731E+00   
 3.7579E+01    4.1271E+01    4.1363E+01    1.9837E+01    2.2651E+01    2.6035E+01    5.2510E+01    3.7245E+01    2.4199E+01    6.4851E+00    6.6509E+00    7.5786E+00    8.9974E+00   
 3.8660E+01    4.1258E+01    4.1361E+01    1.9897E+01    2.2645E+01    2.6013E+01    5.2433E+01    3.6934E+01    2.4175E+01    6.4851E+00    6.6102E+00    7.5542E+00    8.9974E+00   
 3.9740E+01    4.1201E+01    4.1345E+01    2.0056E+01    2.2556E+01    2.6002E+01    5.2365E+01    3.6797E+01    2.4117E+01    6.4647E+00    6.5898E+00    7.4933E+00    8.9974E+00   
 4.0819E+01    4.1184E+01    4.1328E+01    1.9739E+01    2.2549E+01    2.5972E+01    5.2325E+01    3.6523E+01    2.4032E+01    6.4444E+00    6.5898E+00    7.4690E+00    8.9731E+00   
 4.1899E+01    4.1164E+01    4.1305E+01    1.9862E+01    2.2448E+01    2.5947E+01    5.2220E+01    3.6243E+01    2.4000E+01    6.4240E+00    6.5490E+00    7.5542E+00    8.9731E+00   
 4.2980E+01    4.1099E+01    4.1256E+01    1.9871E+01    2.2362E+01    2.5923E+01    5.2145E+01    3.5979E+01    2.3940E+01    6.3832E+00    6.5490E+00    7.4811E+00    8.9731E+00   
 4.4076E+01    4.1085E+01    4.1240E+01    1.9824E+01    2.2326E+01    2.5883E+01    5.2057E+01    3.5848E+01    2.3841E+01    6.3832E+00    6.5082E+00    7.5542E+00    9.0216E+00   
 4.5162E+01    4.1075E+01    4.1240E+01    1.9670E+01    2.2331E+01    2.5857E+01    5.2015E+01    3.5598E+01    2.3756E+01    6.3832E+00    6.4878E+00    7.4568E+00    8.9731E+00   
 4.6252E+01    4.1076E+01    4.1220E+01    1.9712E+01    2.2225E+01    2.5824E+01    5.1927E+01    3.5339E+01    2.3698E+01    6.3425E+00    6.4878E+00    7.5664E+00    8.9731E+00   
 4.7333E+01    4.1059E+01    4.1225E+01    1.9707E+01    2.2237E+01    2.5828E+01    5.1851E+01    3.5119E+01    2.3624E+01    6.3425E+00    6.4674E+00    7.4568E+00    9.0216E+00   
 4.8419E+01    4.1044E+01    4.1198E+01    1.9681E+01    2.2189E+01    2.5805E+01    5.1782E+01    3.5031E+01    2.3580E+01    6.3221E+00    6.4878E+00    7.5786E+00    8.9731E+00   
 4.9500E+01    4.1040E+01    4.1181E+01    1.9626E+01    2.2150E+01    2.5788E+01    5.1728E+01    3.4810E+01    2.3550E+01    6.3017E+00    6.4470E+00    7.5299E+00    8.9731E+00   
 5.0580E+01    4.1012E+01    4.1138E+01    1.9600E+01    2.2090E+01    2.5766E+01    5.1651E+01    3.4593E+01    2.3461E+01    6.3221E+00    6.4266E+00    7.4690E+00    8.9731E+00   
 5.1661E+01    4.0982E+01    4.1119E+01    1.9554E+01    2.2038E+01    2.5736E+01    5.1564E+01    3.4493E+01    2.3429E+01    6.2814E+00    6.4266E+00    7.5664E+00    8.9731E+00   
 5.2748E+01    4.0972E+01    4.1103E+01    1.9596E+01    2.2003E+01    2.5718E+01    5.1540E+01    3.4297E+01    2.3362E+01    6.2610E+00    6.4062E+00    7.5786E+00    8.9731E+00   
 5.3843E+01    4.0943E+01    4.1074E+01    1.9532E+01    2.1934E+01    2.5702E+01    5.1464E+01    3.4098E+01    2.3321E+01    6.2610E+00    6.3858E+00    7.4933E+00    8.9731E+00   
 5.4929E+01    4.0933E+01    4.1059E+01    1.9512E+01    2.1927E+01    2.5712E+01    5.1400E+01    3.3933E+01    2.3271E+01    6.2406E+00    6.3654E+00    7.5664E+00    8.9488E+00   
 5.6012E+01    4.0906E+01    4.1047E+01    1.9471E+01    2.1873E+01    2.5694E+01    5.1305E+01    3.3837E+01    2.3208E+01    6.2610E+00    6.3858E+00    7.5786E+00    8.9974E+00   
 5.7108E+01    4.0904E+01    4.1020E+01    1.9675E+01    2.1823E+01    2.5667E+01    5.1270E+01    3.3641E+01    2.3134E+01    6.2406E+00    6.3654E+00    7.4690E+00    8.9974E+00   
 5.8204E+01    4.0882E+01    4.0996E+01    1.9895E+01    2.1784E+01    2.5639E+01    5.1173E+01    3.3438E+01    2.3100E+01    6.2203E+00    6.3654E+00    7.4568E+00    8.9974E+00   
 5.9300E+01    4.0888E+01    4.1013E+01    1.9829E+01    2.1755E+01    2.5608E+01    5.1086E+01    3.3245E+01    2.3028E+01    6.1999E+00    6.3246E+00    7.4568E+00    8.9974E+00   
 6.0428E+01    4.0871E+01    4.0983E+01    2.0200E+01    2.1719E+01    2.5586E+01    5.0973E+01    3.3134E+01    2.2978E+01    6.1795E+00    6.3450E+00    7.4568E+00    8.9974E+00   
 6.1517E+01    4.0865E+01    4.0983E+01    2.0366E+01    2.1690E+01    2.5544E+01    5.0927E+01    3.2934E+01    2.2916E+01    6.1999E+00    6.3246E+00    1.4756E+01    8.9731E+00   
 6.2637E+01    4.0877E+01    4.0960E+01    2.0456E+01    2.1662E+01    2.5512E+01    5.0836E+01    3.2762E+01    2.2883E+01    6.1795E+00    6.3042E+00    2.4954E+01    8.9731E+00   
 6.3724E+01    4.0850E+01    4.0952E+01    2.0517E+01    2.1646E+01    2.5568E+01    5.1247E+01    3.2546E+01    2.2832E+01    5.6702E+00    8.3438E+00    1.1990E+01    8.9731E+00   
 6.4807E+01    4.0857E+01    4.0962E+01    2.0666E+01    2.1557E+01    2.5830E+01    5.1994E+01    3.2396E+01    2.2622E+01    5.5276E+00    9.8123E+00    1.2440E+01    8.9731E+00   
# Time (s)      T1w (C)       T2w (C)       T1a (C)       T2a (C)       T1r (C)       T2r (C)       T3r (C)       T4r (C)       P1 (bar)      P2 (bar)      Pow (W/100)      Qc (l/min)    
 6.5895E+01    4.0852E+01    4.1059E+01    2.0630E+01    2.1494E+01    2.5892E+01    5.2405E+01    3.2315E+01    2.2264E+01    5.4665E+00    1.0934E+01    1.3196E+01    8.9731E+00   
 6.6967E+01    4.0828E+01    4.1146E+01    2.0678E+01    2.1307E+01    2.4842E+01    5.3365E+01    3.3225E+01    2.2071E+01    5.2628E+00    1.1546E+01    1.3464E+01    8.9488E+00   
 6.8047E+01    4.0797E+01    4.1215E+01    2.0536E+01    2.1037E+01    2.3918E+01    5.4402E+01    3.4310E+01    2.1673E+01    5.1609E+00    1.1974E+01    1.3647E+01    8.9974E+00   
 6.9127E+01    4.0782E+01    4.1677E+01    2.0611E+01    2.0919E+01    2.2609E+01    5.4917E+01    3.4736E+01    2.1305E+01    5.0998E+00    1.2199E+01    1.3452E+01    8.9731E+00   
 7.0208E+01    4.0776E+01    4.2418E+01    2.0432E+01    2.0718E+01    2.1618E+01    5.5812E+01    3.5379E+01    2.1084E+01    5.0591E+00    1.2403E+01    1.3476E+01    9.0216E+00   
 7.1288E+01    4.0776E+01    4.2793E+01    2.0325E+01    2.0504E+01    2.1188E+01    5.6519E+01    3.5371E+01    2.0766E+01    5.0183E+00    1.2586E+01    1.3574E+01    8.9731E+00   
 7.2367E+01    4.0768E+01    4.3574E+01    2.0293E+01    2.0338E+01    2.0422E+01    5.7157E+01    3.5048E+01    2.0392E+01    4.9979E+00    1.2810E+01    1.3756E+01    8.9731E+00   
 7.3447E+01    4.0743E+01    4.4286E+01    2.0351E+01    2.0261E+01    1.9757E+01    5.7449E+01    3.4064E+01    2.0045E+01    4.9979E+00    1.2994E+01    1.4134E+01    8.9731E+00   
 7.4528E+01    4.0724E+01    4.4875E+01    2.0440E+01    2.0038E+01    1.9162E+01    5.7982E+01    3.2866E+01    1.9864E+01    4.9368E+00    1.3055E+01    1.4061E+01    8.9731E+00   
 7.5609E+01    4.0690E+01    4.5145E+01    2.0328E+01    1.9879E+01    1.8854E+01    5.8458E+01    3.1615E+01    1.9564E+01    4.7942E+00    1.3096E+01    1.3732E+01    8.9488E+00   
 7.6694E+01    4.0660E+01    4.5571E+01    2.0246E+01    1.9784E+01    1.8241E+01    5.8906E+01    3.1005E+01    1.9238E+01    4.7942E+00    1.3300E+01    1.4000E+01    8.9731E+00   
 7.7776E+01    4.0647E+01    4.5938E+01    2.0178E+01    1.9591E+01    1.7706E+01    5.9116E+01    2.9798E+01    1.9075E+01    4.7535E+00    1.3300E+01    1.3769E+01    8.9731E+00   
 7.8857E+01    4.0604E+01    4.6097E+01    2.0235E+01    1.9432E+01    1.7493E+01    5.9544E+01    2.8740E+01    1.8836E+01    4.7738E+00    1.3341E+01    1.3793E+01    8.9731E+00   
 7.9937E+01    4.0547E+01    4.6338E+01    2.0131E+01    1.9224E+01    1.7072E+01    5.9885E+01    2.8296E+01    1.8505E+01    4.7127E+00    1.3422E+01    1.3890E+01    8.9488E+00   
 8.1016E+01    4.0527E+01    4.6529E+01    2.0037E+01    1.9141E+01    1.6702E+01    6.0044E+01    2.7477E+01    1.8278E+01    4.7331E+00    1.3565E+01    1.4134E+01    8.9488E+00   
 8.2096E+01    4.0480E+01    4.6709E+01    2.0182E+01    1.8968E+01    1.6393E+01    6.0337E+01    2.6861E+01    1.8137E+01    4.7127E+00    1.3606E+01    1.3842E+01    8.9488E+00   
 8.3184E+01    4.0467E+01    4.6767E+01    2.0289E+01    1.8792E+01    1.6247E+01    6.0604E+01    2.6373E+01    1.7892E+01    4.6924E+00    1.3565E+01    1.4256E+01    8.9488E+00   
 8.4266E+01    4.0457E+01    4.6930E+01    2.0056E+01    1.8625E+01    1.5925E+01    6.0828E+01    2.6142E+01    1.7643E+01    4.6516E+00    1.3749E+01    1.4195E+01    8.9974E+00   
 8.5345E+01    4.0463E+01    4.7079E+01    1.9882E+01    1.8551E+01    1.5651E+01    6.0942E+01    2.5808E+01    1.7375E+01    4.6312E+00    1.3789E+01    1.3964E+01    8.9974E+00   
 8.6425E+01    4.0420E+01    4.7203E+01    1.9761E+01    1.8443E+01    1.5523E+01    6.1142E+01    2.5554E+01    1.7253E+01    4.6312E+00    1.3708E+01    1.3915E+01    8.9974E+00   
 8.7506E+01    4.0414E+01    4.7263E+01    1.9791E+01    1.8232E+01    1.5260E+01    6.1334E+01    2.5443E+01    1.7036E+01    4.5905E+00    1.3708E+01    1.4134E+01    8.9731E+00   
 8.8586E+01    4.0419E+01    4.7374E+01    1.9718E+01    1.8117E+01    1.5027E+01    6.1435E+01    2.5272E+01    1.6816E+01    4.5905E+00    1.3789E+01    1.3988E+01    8.9488E+00   
 8.9672E+01    4.0400E+01    4.7495E+01    1.9670E+01    1.8026E+01    1.4824E+01    6.1614E+01    2.5121E+01    1.6693E+01    4.5701E+00    1.3851E+01    1.4293E+01    8.9731E+00   
 9.0754E+01    4.0382E+01    4.7553E+01    1.9668E+01    1.7772E+01    1.4695E+01    6.1758E+01    2.4998E+01    1.6409E+01    4.5294E+00    1.3810E+01    1.3951E+01    8.9243E+00   
 9.1841E+01    4.0384E+01    4.7640E+01    1.9630E+01    1.7763E+01    1.4464E+01    6.1892E+01    2.4954E+01    1.6205E+01    4.5294E+00    1.3891E+01    1.3951E+01    8.9488E+00   
 9.2929E+01    4.0364E+01    4.7706E+01    1.9644E+01    1.7611E+01    1.4243E+01    6.1962E+01    2.4880E+01    1.5976E+01    4.5294E+00    1.3953E+01    1.4049E+01    8.9974E+00   
 9.4024E+01    4.0347E+01    4.7756E+01    1.9675E+01    1.7489E+01    1.4077E+01    6.2061E+01    2.4814E+01    1.5898E+01    4.5090E+00    1.3953E+01    1.4353E+01    8.9731E+00   
 9.5120E+01    4.0327E+01    4.7791E+01    1.9643E+01    1.7405E+01    1.3976E+01    6.2154E+01    2.4732E+01    1.5679E+01    4.4683E+00    1.3891E+01    1.4012E+01    8.9731E+00   
 9.6241E+01    4.0318E+01    4.7839E+01    1.9824E+01    1.7359E+01    1.3825E+01    6.2254E+01    2.4710E+01    1.5466E+01    4.4683E+00    1.4034E+01    1.3988E+01    8.9731E+00   
 9.7329E+01    4.0311E+01    4.7878E+01    1.9906E+01    1.7315E+01    1.3718E+01    6.2259E+01    2.4657E+01    1.5282E+01    4.4479E+00    1.3912E+01    1.4000E+01    8.9731E+00   
# Time (s)      T1w (C)       T2w (C)       T1a (C)       T2a (C)       T1r (C)       T2r (C)       T3r (C)       T4r (C)       P1 (bar)      P2 (bar)      Pow (W/100)      Qc (l/min)    
 9.8458E+01    4.0280E+01    4.7914E+01    2.0064E+01    1.7191E+01    1.3619E+01    6.2356E+01    2.4637E+01    1.5212E+01    4.4479E+00    1.4075E+01    1.4171E+01    8.9731E+00   
 9.9545E+01    4.0249E+01    4.7912E+01    2.0023E+01    1.6989E+01    1.3601E+01    6.2403E+01    2.4615E+01    1.5066E+01    4.4479E+00    1.3953E+01    1.4183E+01    8.9731E+00   
 1.0063E+02    4.0202E+01    4.7927E+01    1.9864E+01    1.6971E+01    1.3542E+01    6.2471E+01    2.4622E+01    1.4879E+01    4.4071E+00    1.4014E+01    1.4341E+01    8.9974E+00   
 1.0171E+02    4.0180E+01    4.7937E+01    1.9879E+01    1.6892E+01    1.3546E+01    6.2485E+01    2.4585E+01    1.4763E+01    4.3868E+00    1.3953E+01    1.3927E+01    8.9731E+00   
 1.0278E+02    4.0154E+01    4.7929E+01    2.0007E+01    1.6761E+01    1.3566E+01    6.2530E+01    2.4597E+01    1.4692E+01    4.3868E+00    1.4014E+01    1.3951E+01    8.9488E+00   
 1.0386E+02    4.0149E+01    4.7958E+01    2.0050E+01    1.6671E+01    1.3615E+01    6.2585E+01    2.4580E+01    1.4526E+01    4.3868E+00    1.4095E+01    1.4073E+01    8.9974E+00   
 1.0494E+02    4.0164E+01    4.7978E+01    1.9936E+01    1.6688E+01    1.3711E+01    6.2615E+01    2.4604E+01    1.4355E+01    4.3664E+00    1.4014E+01    1.4353E+01    8.9243E+00   
 1.0602E+02    4.0175E+01    4.7995E+01    1.9802E+01    1.6626E+01    1.3810E+01    6.2665E+01    2.4632E+01    1.4320E+01    4.3460E+00    1.3973E+01    1.4110E+01    8.9243E+00   
 1.0710E+02    4.0181E+01    4.7997E+01    1.9787E+01    1.6590E+01    1.3872E+01    6.2694E+01    2.4705E+01    1.4222E+01    4.3664E+00    1.3953E+01    1.3988E+01    8.9731E+00   
 1.0818E+02    4.0171E+01    4.7999E+01    1.9796E+01    1.6524E+01    1.4004E+01    6.2746E+01    2.4780E+01    1.4059E+01    4.3460E+00    1.3932E+01    1.3890E+01    8.9488E+00   
 1.0926E+02    4.0155E+01    4.7984E+01    1.9798E+01    1.6519E+01    1.4110E+01    6.2747E+01    2.4904E+01    1.3943E+01    4.3257E+00    1.4055E+01    1.4049E+01    8.9731E+00   
 1.1034E+02    4.0157E+01    4.7966E+01    1.9811E+01    1.6481E+01    1.4183E+01    6.2770E+01    2.5091E+01    1.3881E+01    4.3053E+00    1.3932E+01    1.4268E+01    8.9488E+00   
 1.1142E+02    4.0148E+01    4.7955E+01    1.9908E+01    1.6440E+01    1.4315E+01    6.2809E+01    2.5365E+01    1.3801E+01    4.2849E+00    1.3973E+01    1.4098E+01    8.9731E+00   
 1.1251E+02    4.0146E+01    4.7968E+01    2.0202E+01    1.6393E+01    1.4436E+01    6.2821E+01    2.5530E+01    1.3723E+01    4.3053E+00    1.4034E+01    1.4305E+01    8.9731E+00   
 1.1359E+02    4.0136E+01    4.7935E+01    2.0058E+01    1.6359E+01    1.4551E+01    6.2807E+01    2.5932E+01    1.3631E+01    4.2849E+00    1.3932E+01    1.3976E+01    8.9974E+00   
 1.1467E+02    4.0120E+01    4.7912E+01    1.9945E+01    1.6371E+01    1.4597E+01    6.2824E+01    2.6453E+01    1.3617E+01    4.2645E+00    1.3932E+01    1.3842E+01    8.9488E+00   
 1.1575E+02    4.0114E+01    4.7881E+01    1.9901E+01    1.6215E+01    1.4722E+01    6.2837E+01    2.6775E+01    1.3565E+01    4.2645E+00    1.3851E+01    1.3829E+01    8.9488E+00   
 1.1683E+02    4.0144E+01    4.7884E+01    1.9981E+01    1.6234E+01    1.4855E+01    6.2872E+01    2.7494E+01    1.3521E+01    4.2849E+00    1.3973E+01    1.3951E+01    8.9974E+00   
 1.1791E+02    4.0157E+01    4.7865E+01    1.9929E+01    1.6211E+01    1.4921E+01    6.2877E+01    2.8299E+01    1.3511E+01    4.2849E+00    1.3973E+01    1.4268E+01    8.9974E+00   
 1.1899E+02    4.0174E+01    4.7883E+01    1.9894E+01    1.6205E+01    1.5026E+01    6.2901E+01    2.9193E+01    1.3503E+01    4.2645E+00    1.3871E+01    1.4061E+01    8.9488E+00   
 1.2007E+02    4.0186E+01    4.7886E+01    1.9848E+01    1.6248E+01    1.5121E+01    6.2873E+01    2.9629E+01    1.3500E+01    4.2645E+00    1.3891E+01    1.3903E+01    8.9488E+00   
 1.2115E+02    4.0201E+01    4.7873E+01    1.9854E+01    1.6260E+01    1.5223E+01    6.2888E+01    3.0573E+01    1.3477E+01    4.3053E+00    1.3851E+01    1.3817E+01    8.9974E+00   
 1.2223E+02    4.0212E+01    4.7880E+01    1.9934E+01    1.6270E+01    1.5264E+01    6.2905E+01    3.1552E+01    1.3465E+01    4.2849E+00    1.3973E+01    1.4158E+01    8.9974E+00   
 1.2332E+02    4.0236E+01    4.7894E+01    1.9983E+01    1.6248E+01    1.5362E+01    6.2932E+01    3.2037E+01    1.3466E+01    4.3053E+00    1.3993E+01    1.3817E+01    9.0216E+00   
 1.2441E+02    4.0212E+01    4.7892E+01    2.0023E+01    1.6258E+01    1.5459E+01    6.2953E+01    3.3023E+01    1.3492E+01    4.3053E+00    1.3953E+01    1.3842E+01    9.0216E+00   
 1.2549E+02    4.0254E+01    4.7901E+01    2.0247E+01    1.6283E+01    1.5562E+01    6.2966E+01    3.3984E+01    1.3489E+01    4.2849E+00    1.3912E+01    1.4037E+01    9.0216E+00   
 1.2657E+02    4.0261E+01    4.7885E+01    2.0203E+01    1.6217E+01    1.5624E+01    6.2971E+01    3.4925E+01    1.3522E+01    4.2849E+00    1.3871E+01    1.3854E+01    8.9488E+00   
 1.2765E+02    4.0274E+01    4.7893E+01    2.0166E+01    1.6198E+01    1.5694E+01    6.2966E+01    3.5372E+01    1.3498E+01    4.3460E+00    1.3953E+01    1.3866E+01    8.8998E+00   
 1.2874E+02    4.0295E+01    4.7899E+01    2.0134E+01    1.6294E+01    1.5787E+01    6.2950E+01    3.6228E+01    1.3478E+01    4.3257E+00    1.3973E+01    1.3903E+01    8.9243E+00   
 1.2983E+02    4.0340E+01    4.7931E+01    2.0137E+01    1.6291E+01    1.5819E+01    6.2933E+01    3.7009E+01    1.3513E+01    4.3257E+00    1.4014E+01    1.3866E+01    8.9488E+00   
# Time (s)      T1w (C)       T2w (C)       T1a (C)       T2a (C)       T1r (C)       T2r (C)       T3r (C)       T4r (C)       P1 (bar)      P2 (bar)      Pow (W/100)      Qc (l/min)    
 1.3091E+02    4.0355E+01    4.7932E+01    2.0008E+01    1.6244E+01    1.5903E+01    6.2920E+01    3.7747E+01    1.3519E+01    4.3257E+00    1.3912E+01    1.3866E+01    8.9488E+00   
 1.3202E+02    4.0365E+01    4.7956E+01    2.0009E+01    1.6220E+01    1.5964E+01    6.2899E+01    3.8071E+01    1.3532E+01    4.3460E+00    1.4055E+01    1.4183E+01    8.9731E+00   
 1.3310E+02    4.0349E+01    4.7949E+01    1.9981E+01    1.6203E+01    1.6036E+01    6.2897E+01    3.8704E+01    1.3608E+01    4.3868E+00    1.4034E+01    1.4024E+01    8.9731E+00   
 1.3426E+02    4.0371E+01    4.7999E+01    1.9996E+01    1.6277E+01    1.6084E+01    6.2878E+01    3.9272E+01    1.3622E+01    4.3664E+00    1.3973E+01    1.4134E+01    8.9731E+00   
 1.3535E+02    4.0364E+01    4.8004E+01    2.0038E+01    1.6325E+01    1.6132E+01    6.2882E+01    3.9769E+01    1.3665E+01    4.3664E+00    1.3932E+01    1.3903E+01    8.9731E+00   
 1.3644E+02    4.0380E+01    4.8046E+01    2.0192E+01    1.6349E+01    1.6184E+01    6.2887E+01    4.0013E+01    1.3723E+01    4.3868E+00    1.4055E+01    1.4134E+01    8.9731E+00   
 1.3752E+02    4.0397E+01    4.8079E+01    2.0268E+01    1.6357E+01    1.6200E+01    6.2889E+01    4.0411E+01    1.3755E+01    4.3868E+00    1.3993E+01    1.3939E+01    8.9974E+00   
 1.3860E+02    4.0444E+01    4.8134E+01    2.0304E+01    1.6314E+01    1.6227E+01    6.2869E+01    4.0763E+01    1.3766E+01    4.3664E+00    1.3993E+01    1.4122E+01    8.9731E+00   
 1.3969E+02    4.0442E+01    4.8133E+01    2.0316E+01    1.6297E+01    1.6213E+01    6.2824E+01    4.1110E+01    1.3780E+01    4.3868E+00    1.4075E+01    1.4085E+01    8.9731E+00   
 1.4078E+02    4.0439E+01    4.8175E+01    2.0294E+01    1.6300E+01    1.6200E+01    6.2839E+01    4.1282E+01    1.3839E+01    4.3664E+00    1.4055E+01    1.4390E+01    8.9488E+00   
 1.4186E+02    4.0446E+01    4.8188E+01    2.0164E+01    1.6348E+01    1.6170E+01    6.2825E+01    4.1576E+01    1.3877E+01    4.3664E+00    1.4055E+01    1.4232E+01    8.9488E+00   
 1.4294E+02    4.0466E+01    4.8198E+01    2.0154E+01    1.6310E+01    1.6125E+01    6.2785E+01    4.1784E+01    1.3903E+01    4.3868E+00    1.4034E+01    1.4098E+01    8.9731E+00   
 1.4402E+02    4.0488E+01    4.8223E+01    2.0180E+01    1.6292E+01    1.6007E+01    6.2772E+01    4.1930E+01    1.3942E+01    4.4071E+00    1.4177E+01    1.3964E+01    8.9974E+00   
 1.4510E+02    4.0504E+01    4.8249E+01    2.0304E+01    1.6319E+01    1.5799E+01    6.2742E+01    4.2105E+01    1.3970E+01    4.3868E+00    1.4136E+01    1.4073E+01    8.9974E+00   
 1.4618E+02    4.0528E+01    4.8259E+01    2.0310E+01    1.6354E+01    1.5654E+01    6.2703E+01    4.2293E+01    1.3982E+01    4.4071E+00    1.4095E+01    1.4329E+01    8.9488E+00   
 1.4726E+02    4.0544E+01    4.8278E+01    2.0183E+01    1.6469E+01    1.5385E+01    6.2671E+01    4.2478E+01    1.4011E+01    4.4071E+00    1.4055E+01    1.4427E+01    8.9731E+00   
 1.4834E+02    4.0559E+01    4.8304E+01    2.0200E+01    1.6374E+01    1.4997E+01    6.2696E+01    4.2596E+01    1.4065E+01    4.4071E+00    1.4095E+01    1.4280E+01    8.9731E+00   
 1.4942E+02    4.0571E+01    4.8333E+01    2.0157E+01    1.6299E+01    1.4453E+01    6.2697E+01    4.2724E+01    1.4090E+01    4.4071E+00    1.4177E+01    1.3976E+01    8.9974E+00   
 1.5050E+02    4.0578E+01    4.8352E+01    2.0153E+01    1.6400E+01    1.4232E+01    6.2674E+01    4.2834E+01    1.4100E+01    4.4275E+00    1.4177E+01    1.4073E+01    8.9731E+00   
 1.5158E+02    4.0591E+01    4.8383E+01    2.0263E+01    1.6354E+01    1.3869E+01    6.2652E+01    4.2860E+01    1.4085E+01    4.4071E+00    1.4157E+01    1.4207E+01    8.9974E+00   
 1.5266E+02    4.0583E+01    4.8418E+01    2.0237E+01    1.6386E+01    1.3548E+01    6.2644E+01    4.2891E+01    1.4068E+01    4.4071E+00    1.4136E+01    1.4024E+01    8.9731E+00   
 1.5375E+02    4.0597E+01    4.8455E+01    2.0287E+01    1.6346E+01    1.3409E+01    6.2607E+01    4.2905E+01    1.4043E+01    4.3868E+00    1.4116E+01    1.4390E+01    8.9974E+00   
 1.5483E+02    4.0607E+01    4.8461E+01    2.0334E+01    1.6302E+01    1.3137E+01    6.2618E+01    4.2853E+01    1.4008E+01    4.3868E+00    1.4197E+01    1.4439E+01    8.9488E+00   
 1.5592E+02    4.0599E+01    4.8471E+01    2.0408E+01    1.6336E+01    1.2926E+01    6.2596E+01    4.2808E+01    1.3957E+01    4.3868E+00    1.4177E+01    1.4402E+01    8.9731E+00   
 1.5700E+02    4.0597E+01    4.8490E+01    2.0361E+01    1.6271E+01    1.2733E+01    6.2595E+01    4.2761E+01    1.3902E+01    4.3460E+00    1.4157E+01    1.4085E+01    8.9243E+00   
 1.5808E+02    4.0595E+01    4.8507E+01    2.0367E+01    1.6330E+01    1.2645E+01    6.2608E+01    4.2660E+01    1.3913E+01    4.3664E+00    1.4238E+01    1.4037E+01    8.9974E+00   
 1.5916E+02    4.0630E+01    4.8526E+01    2.0331E+01    1.6323E+01    1.2500E+01    6.2623E+01    4.2623E+01    1.3869E+01    4.3460E+00    1.4320E+01    1.4293E+01    8.9731E+00   
 1.6024E+02    4.0630E+01    4.8558E+01    2.0276E+01    1.6221E+01    1.2378E+01    6.2632E+01    4.2519E+01    1.3825E+01    4.3257E+00    1.4279E+01    1.4439E+01    8.9731E+00   
 1.6132E+02    4.0669E+01    4.8595E+01    2.0319E+01    1.6253E+01    1.2297E+01    6.2636E+01    4.2400E+01    1.3812E+01    4.3460E+00    1.4238E+01    1.4341E+01    8.9974E+00   
 1.6240E+02    4.0699E+01    4.8623E+01    2.0138E+01    1.6165E+01    1.2172E+01    6.2677E+01    4.2252E+01    1.3775E+01    4.3257E+00    1.4279E+01    1.4353E+01    8.9974E+00   
# Time (s)      T1w (C)       T2w (C)       T1a (C)       T2a (C)       T1r (C)       T2r (C)       T3r (C)       T4r (C)       P1 (bar)      P2 (bar)      Pow (W/100)      Qc (l/min)    
 1.6349E+02    4.0719E+01    4.8631E+01    2.0101E+01    1.6164E+01    1.2069E+01    6.2695E+01    4.2201E+01    1.3732E+01    4.3053E+00    1.4259E+01    1.4341E+01    8.9731E+00   
 1.6458E+02    4.0720E+01    4.8663E+01    2.0101E+01    1.6133E+01    1.1974E+01    6.2730E+01    4.2042E+01    1.3663E+01    4.3257E+00    1.4381E+01    1.4219E+01    8.9974E+00   
 1.6567E+02    4.0717E+01    4.8667E+01    2.0043E+01    1.6000E+01    1.1918E+01    6.2783E+01    4.1933E+01    1.3632E+01    4.3053E+00    1.4340E+01    1.4012E+01    8.9731E+00   
 1.6676E+02    4.0744E+01    4.8711E+01    2.0137E+01    1.6085E+01    1.1841E+01    6.2810E+01    4.1778E+01    1.3539E+01    4.2645E+00    1.4238E+01    1.4451E+01    8.9731E+00   
 1.6787E+02    4.0775E+01    4.8713E+01    2.0067E+01    1.6083E+01    1.1777E+01    6.2801E+01    4.1700E+01    1.3486E+01    4.2849E+00    1.4279E+01    1.4390E+01    8.9488E+00   
 1.6896E+02    4.0774E+01    4.8743E+01    2.0018E+01    1.6047E+01    1.1730E+01    6.2823E+01    4.1555E+01    1.3427E+01    4.2645E+00    1.4360E+01    1.4378E+01    8.9731E+00   
 1.7009E+02    4.0774E+01    4.8751E+01    1.9915E+01    1.5931E+01    1.1714E+01    6.2793E+01    4.1415E+01    1.3385E+01    4.2645E+00    1.4279E+01    1.4037E+01    8.9974E+00   
 1.7117E+02    4.0819E+01    4.8773E+01    1.9846E+01    1.5984E+01    1.1716E+01    6.2790E+01    4.1299E+01    1.3372E+01    4.2645E+00    1.4340E+01    1.4012E+01    8.9974E+00   
 1.7225E+02    4.0831E+01    4.8765E+01    1.9946E+01    1.5925E+01    1.1795E+01    6.2787E+01    4.1235E+01    1.3320E+01    4.2645E+00    1.4320E+01    1.4341E+01    8.9974E+00   
 1.7333E+02    4.0839E+01    4.8797E+01    1.9948E+01    1.5872E+01    1.1886E+01    6.2838E+01    4.1120E+01    1.3250E+01    4.2442E+00    1.4360E+01    1.4061E+01    8.9731E+00   
 1.7441E+02    4.0854E+01    4.8784E+01    1.9933E+01    1.5808E+01    1.1942E+01    6.2870E+01    4.1032E+01    1.3223E+01    4.2034E+00    1.4360E+01    1.4439E+01    8.9974E+00   
 1.7551E+02    4.0884E+01    4.8787E+01    1.9890E+01    1.5843E+01    1.2074E+01    6.2910E+01    4.0997E+01    1.3160E+01    4.2034E+00    1.4340E+01    1.4195E+01    8.9731E+00   
 1.7659E+02    4.0903E+01    4.8810E+01    1.9848E+01    1.5830E+01    1.2211E+01    6.2924E+01    4.0935E+01    1.3070E+01    4.2034E+00    1.4238E+01    1.3939E+01    8.9731E+00   
 1.7767E+02    4.0946E+01    4.8814E+01    1.9962E+01    1.5774E+01    1.2268E+01    6.2922E+01    4.0932E+01    1.3031E+01    4.1423E+00    1.4157E+01    1.4024E+01    8.9974E+00   
 1.7875E+02    4.0984E+01    4.8806E+01    1.9953E+01    1.5848E+01    1.2385E+01    6.2973E+01    4.0942E+01    1.2997E+01    4.1423E+00    1.4238E+01    1.4171E+01    8.9488E+00   
 1.7983E+02    4.1029E+01    4.8828E+01    1.9932E+01    1.5709E+01    1.2507E+01    6.2981E+01    4.0953E+01    1.2900E+01    4.1219E+00    1.4299E+01    1.4341E+01    8.9731E+00   
 1.8091E+02    4.1037E+01    4.8800E+01    2.0017E+01    1.5697E+01    1.2616E+01    6.3000E+01    4.0989E+01    1.2855E+01    4.1219E+00    1.4177E+01    1.3939E+01    8.9731E+00   
 1.8199E+02    4.1034E+01    4.8777E+01    1.9959E+01    1.5716E+01    1.2677E+01    6.3024E+01    4.1028E+01    1.2879E+01    4.1016E+00    1.4136E+01    1.3829E+01    8.9974E+00   
 1.8307E+02    4.1053E+01    4.8751E+01    2.0042E+01    1.5568E+01    1.2800E+01    6.3067E+01    4.1105E+01    1.2852E+01    4.1016E+00    1.4075E+01    1.3842E+01    8.9731E+00   
 1.8415E+02    4.1037E+01    4.8718E+01    2.0006E+01    1.5698E+01    1.2921E+01    6.3108E+01    4.1162E+01    1.2793E+01    4.1016E+00    1.4177E+01    1.4049E+01    8.9731E+00   
 1.8523E+02    4.1062E+01    4.8718E+01    2.0077E+01    1.5628E+01    1.3001E+01    6.3163E+01    4.1293E+01    1.2810E+01    4.0812E+00    1.4136E+01    1.4219E+01    8.9731E+00   
 1.8631E+02    4.1081E+01    4.8710E+01    2.0084E+01    1.5638E+01    1.3153E+01    6.3238E+01    4.1456E+01    1.2820E+01    4.0608E+00    1.4095E+01    1.3890E+01    8.9974E+00   
 1.8739E+02    4.1118E+01    4.8680E+01    2.0110E+01    1.5576E+01    1.3288E+01    6.3265E+01    4.1548E+01    1.2804E+01    4.0608E+00    1.4014E+01    1.3805E+01    8.9731E+00   
 1.8847E+02    4.1129E+01    4.8656E+01    2.0069E+01    1.5668E+01    1.3437E+01    6.3352E+01    4.1742E+01    1.2790E+01    4.0812E+00    1.4075E+01    1.3817E+01    8.9974E+00   
 1.8955E+02    4.1148E+01    4.8634E+01    2.0057E+01    1.5637E+01    1.3516E+01    6.3429E+01    4.1935E+01    1.2795E+01    4.0812E+00    1.4136E+01    1.4146E+01    8.9731E+00   
 1.9063E+02    4.1159E+01    4.8611E+01    2.0033E+01    1.5660E+01    1.3668E+01    6.3466E+01    4.2137E+01    1.2757E+01    4.0812E+00    1.4075E+01    1.4171E+01    8.9488E+00   
 1.9171E+02    4.1172E+01    4.8618E+01    2.0041E+01    1.5673E+01    1.3810E+01    6.3507E+01    4.2286E+01    1.2801E+01    4.1016E+00    1.4055E+01    1.4037E+01    8.9731E+00   
 1.9279E+02    4.1175E+01    4.8613E+01    2.0016E+01    1.5671E+01    1.3917E+01    6.3581E+01    4.2489E+01    1.2777E+01    4.0812E+00    1.4034E+01    1.3817E+01    8.9488E+00   
 1.9387E+02    4.1178E+01    4.8610E+01    2.0081E+01    1.5711E+01    1.4070E+01    6.3619E+01    4.2745E+01    1.2791E+01    4.1016E+00    1.4177E+01    1.3903E+01    8.9731E+00   
 1.9495E+02    4.1202E+01    4.8607E+01    2.0005E+01    1.5748E+01    1.4231E+01    6.3640E+01    4.2848E+01    1.2825E+01    4.0812E+00    1.4095E+01    1.4195E+01    8.9488E+00   
# Time (s)      T1w (C)       T2w (C)       T1a (C)       T2a (C)       T1r (C)       T2r (C)       T3r (C)       T4r (C)       P1 (bar)      P2 (bar)      Pow (W/100)      Qc (l/min)    
 1.9603E+02    4.1203E+01    4.8596E+01    1.9912E+01    1.5737E+01    1.4394E+01    6.3689E+01    4.3111E+01    1.2871E+01    4.0812E+00    1.4055E+01    1.4219E+01    9.0216E+00   
 1.9711E+02    4.1214E+01    4.8604E+01    1.9862E+01    1.5811E+01    1.4451E+01    6.3727E+01    4.3271E+01    1.2859E+01    4.1219E+00    1.4034E+01    1.3890E+01    8.9974E+00   
 1.9819E+02    4.1261E+01    4.8609E+01    1.9989E+01    1.5780E+01    1.4601E+01    6.3792E+01    4.3463E+01    1.2879E+01    4.1016E+00    1.4177E+01    1.3829E+01    8.9731E+00   
 1.9927E+02    4.1281E+01    4.8631E+01    2.0016E+01    1.5829E+01    1.4730E+01    6.3818E+01    4.3563E+01    1.2887E+01    4.1016E+00    1.4116E+01    1.4085E+01    8.9731E+00   
 2.0035E+02    4.1268E+01    4.8599E+01    2.0133E+01    1.5823E+01    1.4869E+01    6.3886E+01    4.3759E+01    1.2932E+01    4.1219E+00    1.4095E+01    1.4232E+01    8.9974E+00   
 2.0143E+02    4.1271E+01    4.8601E+01    2.0091E+01    1.5834E+01    1.4940E+01    6.3958E+01    4.3892E+01    1.2962E+01    4.1016E+00    1.4034E+01    1.4049E+01    8.9974E+00   
 2.0251E+02    4.1283E+01    4.8591E+01    2.0025E+01    1.5884E+01    1.5084E+01    6.4001E+01    4.3991E+01    1.2979E+01    4.1219E+00    1.4177E+01    1.4219E+01    8.9731E+00   
 2.0360E+02    4.1284E+01    4.8635E+01    2.0036E+01    1.5822E+01    1.5184E+01    6.4053E+01    4.4140E+01    1.2985E+01    4.1423E+00    1.4055E+01    1.4232E+01    8.9731E+00   
 2.0469E+02    4.1325E+01    4.8659E+01    1.9997E+01    1.5862E+01    1.5261E+01    6.4114E+01    4.4278E+01    1.3006E+01    4.1219E+00    1.4014E+01    1.3939E+01    8.9974E+00   
 2.0578E+02    4.1320E+01    4.8677E+01    1.9969E+01    1.5854E+01    1.5343E+01    6.4130E+01    4.4419E+01    1.3024E+01    4.1423E+00    1.4034E+01    1.3829E+01    8.9731E+00   
 2.0688E+02    4.1343E+01    4.8688E+01    1.9911E+01    1.5894E+01    1.5436E+01    6.4137E+01    4.4448E+01    1.3058E+01    4.1831E+00    1.4136E+01    1.3878E+01    8.9974E+00   
 2.0798E+02    4.1335E+01    4.8683E+01    1.9927E+01    1.5869E+01    1.5525E+01    6.4175E+01    4.4562E+01    1.3071E+01    4.1423E+00    1.4116E+01    1.3854E+01    8.9731E+00   
 2.0907E+02    4.1337E+01    4.8692E+01    1.9888E+01    1.5940E+01    1.5550E+01    6.4208E+01    4.4640E+01    1.3071E+01    4.1627E+00    1.4055E+01    1.4256E+01    9.0216E+00   
 2.1018E+02    4.1338E+01    4.8716E+01    1.9818E+01    1.5986E+01    1.5642E+01    6.4260E+01    4.4733E+01    1.3100E+01    4.1627E+00    1.4116E+01    1.3927E+01    8.9488E+00   
 2.1127E+02    4.1364E+01    4.8719E+01    1.9808E+01    1.5863E+01    1.5732E+01    6.4307E+01    4.4769E+01    1.3163E+01    4.1831E+00    1.4116E+01    1.3866E+01    8.9488E+00   
 2.1238E+02    4.1367E+01    4.8742E+01    1.9915E+01    1.5949E+01    1.5828E+01    6.4352E+01    4.4853E+01    1.3177E+01    4.1831E+00    1.4218E+01    1.4012E+01    9.0216E+00   
 2.1345E+02    4.1391E+01    4.8752E+01    1.9858E+01    1.5946E+01    1.5841E+01    6.4398E+01    4.4900E+01    1.3194E+01    4.1831E+00    1.4197E+01    1.4061E+01    9.0216E+00   
 2.1454E+02    4.1407E+01    4.8725E+01    1.9837E+01    1.5937E+01    1.5920E+01    6.4425E+01    4.4961E+01    1.3216E+01    4.2238E+00    1.4136E+01    1.4085E+01    8.9488E+00   
 2.1562E+02    4.1405E+01    4.8766E+01    1.9858E+01    1.5948E+01    1.5977E+01    6.4421E+01    4.4959E+01    1.3255E+01    4.1831E+00    1.4177E+01    1.4219E+01    8.9243E+00   
 2.1671E+02    4.1420E+01    4.8775E+01    1.9719E+01    1.5930E+01    1.6012E+01    6.4451E+01    4.5050E+01    1.3258E+01    4.2238E+00    1.4095E+01    1.4000E+01    9.0216E+00   
 2.1779E+02    4.1435E+01    4.8784E+01    1.9724E+01    1.6035E+01    1.6063E+01    6.4487E+01    4.5064E+01    1.3257E+01    4.1831E+00    1.4279E+01    1.3890E+01    9.0216E+00   
 2.1887E+02    4.1456E+01    4.8835E+01    1.9732E+01    1.6102E+01    1.6106E+01    6.4475E+01    4.5098E+01    1.3298E+01    4.2034E+00    1.4197E+01    1.4037E+01    9.0216E+00   
 2.1995E+02    4.1473E+01    4.8860E+01    1.9696E+01    1.6040E+01    1.6170E+01    6.4523E+01    4.5123E+01    1.3349E+01    4.2238E+00    1.4157E+01    1.4329E+01    8.9974E+00   
 2.2103E+02    4.1506E+01    4.8882E+01    1.9734E+01    1.5984E+01    1.6216E+01    6.4526E+01    4.5179E+01    1.3365E+01    4.2238E+00    1.4218E+01    1.4158E+01    8.9488E+00   
 2.2212E+02    4.1497E+01    4.8906E+01    1.9678E+01    1.6057E+01    1.6272E+01    6.4546E+01    4.5218E+01    1.3383E+01    4.2442E+00    1.4197E+01    1.3903E+01    8.9974E+00   
 2.2320E+02    4.1514E+01    4.8923E+01    1.9688E+01    1.6152E+01    1.6345E+01    6.4576E+01    4.5239E+01    1.3383E+01    4.2238E+00    1.4279E+01    1.3927E+01    8.9731E+00   
 2.2428E+02    4.1539E+01    4.8947E+01    1.9702E+01    1.6143E+01    1.6390E+01    6.4617E+01    4.5274E+01    1.3428E+01    4.2238E+00    1.4136E+01    1.3915E+01    9.0216E+00   
 2.2537E+02    4.1543E+01    4.8974E+01    1.9781E+01    1.6097E+01    1.6416E+01    6.4658E+01    4.5284E+01    1.3433E+01    4.2442E+00    1.4197E+01    1.4024E+01    8.9974E+00   
 2.2646E+02    4.1579E+01    4.8959E+01    1.9824E+01    1.6080E+01    1.6470E+01    6.4660E+01    4.5317E+01    1.3471E+01    4.2645E+00    1.4299E+01    1.4146E+01    8.9731E+00   
 2.2755E+02    4.1586E+01    4.9002E+01    1.9736E+01    1.6129E+01    1.6516E+01    6.4713E+01    4.5335E+01    1.3511E+01    4.2442E+00    1.4259E+01    1.4366E+01    8.9974E+00   
# Time (s)      T1w (C)       T2w (C)       T1a (C)       T2a (C)       T1r (C)       T2r (C)       T3r (C)       T4r (C)       P1 (bar)      P2 (bar)      Pow (W/100)      Qc (l/min)    
 2.2863E+02    4.1606E+01    4.9005E+01    1.9830E+01    1.6112E+01    1.6527E+01    6.4741E+01    4.5384E+01    1.3534E+01    4.2442E+00    1.4238E+01    1.4073E+01    8.9974E+00   
 2.2971E+02    4.1614E+01    4.9024E+01    1.9822E+01    1.6085E+01    1.6579E+01    6.4775E+01    4.5404E+01    1.3547E+01    4.2645E+00    1.4238E+01    1.4000E+01    8.9731E+00   
 2.3079E+02    4.1621E+01    4.9053E+01    1.9820E+01    1.6084E+01    1.6634E+01    6.4800E+01    4.5436E+01    1.3581E+01    4.2645E+00    1.4360E+01    1.4390E+01    8.9974E+00   
 2.3187E+02    4.1632E+01    4.9084E+01    1.9809E+01    1.6131E+01    1.6670E+01    6.4852E+01    4.5459E+01    1.3610E+01    4.2849E+00    1.4218E+01    1.4366E+01    8.9974E+00   
 2.3296E+02    4.1646E+01    4.9095E+01    1.9760E+01    1.6177E+01    1.6676E+01    6.4889E+01    4.5502E+01    1.3628E+01    4.2645E+00    1.4259E+01    1.4390E+01    8.9974E+00   
 2.3404E+02    4.1652E+01    4.9110E+01    1.9803E+01    1.6169E+01    1.6727E+01    6.4937E+01    4.5482E+01    1.3643E+01    4.2645E+00    1.4360E+01    1.4158E+01    8.9731E+00   
 2.3513E+02    4.1662E+01    4.9130E+01    1.9835E+01    1.6277E+01    1.6750E+01    6.4953E+01    4.5499E+01    1.3699E+01    4.2849E+00    1.4218E+01    1.4037E+01    9.0216E+00   
 2.3622E+02    4.1671E+01    4.9176E+01    1.9953E+01    1.6254E+01    1.6759E+01    6.4990E+01    4.5532E+01    1.3699E+01    4.3053E+00    1.4279E+01    1.4049E+01    8.9488E+00   
 2.3731E+02    4.1699E+01    4.9199E+01    1.9962E+01    1.6217E+01    1.6801E+01    6.5022E+01    4.5561E+01    1.3733E+01    4.2849E+00    1.4259E+01    1.4427E+01    8.9243E+00   
 2.3840E+02    4.1745E+01    4.9210E+01    2.0017E+01    1.6212E+01    1.6823E+01    6.5035E+01    4.5553E+01    1.3767E+01    4.3460E+00    1.4320E+01    1.4232E+01    8.9488E+00   
 2.3948E+02    4.1745E+01    4.9244E+01    2.0139E+01    1.6247E+01    1.6871E+01    6.5089E+01    4.5599E+01    1.3804E+01    4.3053E+00    1.4299E+01    1.4402E+01    8.9731E+00   
 2.4058E+02    4.1755E+01    4.9243E+01    2.0140E+01    1.6299E+01    1.6894E+01    6.5144E+01    4.5648E+01    1.3826E+01    4.3257E+00    1.4360E+01    1.4451E+01    8.9488E+00   
 2.4171E+02    4.1769E+01    4.9254E+01    2.0121E+01    1.6263E+01    1.6899E+01    6.5160E+01    4.5678E+01    1.3837E+01    4.3257E+00    1.4299E+01    1.4341E+01    8.9488E+00   
 2.4280E+02    4.1793E+01    4.9277E+01    2.0026E+01    1.6312E+01    1.6946E+01    6.5187E+01    4.5712E+01    1.3879E+01    4.3460E+00    1.4381E+01    1.4061E+01    9.0216E+00   
 2.4395E+02    4.1813E+01    4.9304E+01    1.9934E+01    1.6303E+01    1.6972E+01    6.5195E+01    4.5730E+01    1.3901E+01    4.3460E+00    1.4462E+01    1.4268E+01    8.9974E+00   
 2.4504E+02    4.1806E+01    4.9327E+01    1.9906E+01    1.6231E+01    1.6980E+01    6.5230E+01    4.5762E+01    1.3918E+01    4.3257E+00    1.4360E+01    1.4427E+01    8.9731E+00   
 2.4612E+02    4.1802E+01    4.9354E+01    1.9943E+01    1.6271E+01    1.7000E+01    6.5284E+01    4.5773E+01    1.3966E+01    4.3257E+00    1.4360E+01    1.4463E+01    8.9974E+00   
 2.4720E+02    4.1804E+01    4.9357E+01    1.9926E+01    1.6222E+01    1.7006E+01    6.5307E+01    4.5789E+01    1.3979E+01    4.3257E+00    1.4360E+01    1.4171E+01    8.9974E+00   
 2.4830E+02    4.1771E+01    4.9353E+01    1.9774E+01    1.6226E+01    1.7018E+01    6.5354E+01    4.5784E+01    1.3981E+01    4.3460E+00    1.4340E+01    1.4134E+01    8.9974E+00   
 2.4938E+02    4.1784E+01    4.9359E+01    1.9732E+01    1.6232E+01    1.7004E+01    6.5369E+01    4.5782E+01    1.3978E+01    4.3460E+00    1.4320E+01    1.4487E+01    8.9974E+00   
 2.5046E+02    4.1784E+01    4.9364E+01    1.9753E+01    1.6233E+01    1.6994E+01    6.5380E+01    4.5804E+01    1.3981E+01    4.3460E+00    1.4422E+01    1.4390E+01    8.9974E+00   
 2.5154E+02    4.1788E+01    4.9376E+01    1.9803E+01    1.6219E+01    1.7004E+01    6.5421E+01    4.5826E+01    1.3987E+01    4.3460E+00    1.4442E+01    1.4085E+01    9.0216E+00   
 2.5262E+02    4.1820E+01    4.9381E+01    1.9843E+01    1.6234E+01    1.6994E+01    6.5450E+01    4.5821E+01    1.3983E+01    4.3460E+00    1.4381E+01    1.4244E+01    8.9488E+00   
 2.5370E+02    4.1833E+01    4.9426E+01    1.9907E+01    1.6315E+01    1.7007E+01    6.5508E+01    4.5839E+01    1.4029E+01    4.3664E+00    1.4340E+01    1.4512E+01    8.9731E+00   
 2.5478E+02    4.1849E+01    4.9433E+01    1.9958E+01    1.6289E+01    1.7015E+01    6.5545E+01    4.5865E+01    1.4057E+01    4.3460E+00    1.4401E+01    1.4366E+01    8.9488E+00   
 2.5586E+02    4.1875E+01    4.9482E+01    2.0048E+01    1.6325E+01    1.7009E+01    6.5605E+01    4.5871E+01    1.4078E+01    4.3868E+00    1.4503E+01    1.4085E+01    9.0216E+00   
 2.5694E+02    4.1887E+01    4.9481E+01    2.0202E+01    1.6327E+01    1.6993E+01    6.5621E+01    4.5894E+01    1.4105E+01    4.3664E+00    1.4401E+01    1.4293E+01    8.9731E+00   
 2.5802E+02    4.1902E+01    4.9499E+01    2.0198E+01    1.6267E+01    1.6975E+01    6.5648E+01    4.5909E+01    1.4111E+01    4.4071E+00    1.4401E+01    1.4512E+01    8.9974E+00   
 2.5910E+02    4.1918E+01    4.9513E+01    2.0143E+01    1.6248E+01    1.6941E+01    6.5676E+01    4.5909E+01    1.4137E+01    4.3868E+00    1.4360E+01    1.4317E+01    8.9974E+00   
 2.6018E+02    4.1916E+01    4.9526E+01    2.0053E+01    1.6274E+01    1.6921E+01    6.5706E+01    4.5917E+01    1.4155E+01    4.3664E+00    1.4503E+01    1.4098E+01    8.9731E+00   
# Time (s)      T1w (C)       T2w (C)       T1a (C)       T2a (C)       T1r (C)       T2r (C)       T3r (C)       T4r (C)       P1 (bar)      P2 (bar)      Pow (W/100)      Qc (l/min)    
 2.6126E+02    4.1915E+01    4.9524E+01    2.0072E+01    1.6288E+01    1.6880E+01    6.5724E+01    4.5941E+01    1.4164E+01    4.3664E+00    1.4462E+01    1.4378E+01    8.9974E+00   
 2.6235E+02    4.1917E+01    4.9521E+01    2.0040E+01    1.6298E+01    1.6836E+01    6.5726E+01    4.5989E+01    1.4184E+01    4.3664E+00    1.4422E+01    1.4487E+01    9.0216E+00   
 2.6343E+02    4.1918E+01    4.9547E+01    2.0081E+01    1.6338E+01    1.6749E+01    6.5746E+01    4.5995E+01    1.4188E+01    4.3460E+00    1.4381E+01    1.4256E+01    8.9974E+00   
 2.6450E+02    4.1914E+01    4.9567E+01    2.0044E+01    1.6341E+01    1.6703E+01    6.5783E+01    4.6039E+01    1.4219E+01    4.3257E+00    1.4462E+01    1.4171E+01    9.0216E+00   
 2.6559E+02    4.1934E+01    4.9595E+01    1.9997E+01    1.6354E+01    1.6597E+01    6.5798E+01    4.6089E+01    1.4214E+01    4.3664E+00    1.4422E+01    1.4183E+01    9.0216E+00   
 2.6667E+02    4.1934E+01    4.9594E+01    1.9871E+01    1.6361E+01    1.6477E+01    6.5800E+01    4.6082E+01    1.4242E+01    4.3664E+00    1.4442E+01    1.4536E+01    8.9488E+00   
 2.6775E+02    4.1935E+01    4.9574E+01    1.9879E+01    1.6356E+01    1.6290E+01    6.5811E+01    4.6094E+01    1.4283E+01    4.3868E+00    1.4524E+01    1.4500E+01    9.0216E+00   
 2.6883E+02    4.1934E+01    4.9585E+01    1.9964E+01    1.6324E+01    1.6201E+01    6.5818E+01    4.6122E+01    1.4278E+01    4.3868E+00    1.4462E+01    1.4158E+01    8.9488E+00   
 2.6991E+02    4.1923E+01    4.9596E+01    2.0047E+01    1.6401E+01    1.5985E+01    6.5828E+01    4.6124E+01    1.4287E+01    4.3664E+00    1.4422E+01    1.4268E+01    8.9974E+00   
 2.7099E+02    4.1948E+01    4.9597E+01    2.0241E+01    1.6407E+01    1.5736E+01    6.5824E+01    4.6133E+01    1.4308E+01    4.4275E+00    1.4483E+01    1.4171E+01    8.9731E+00   
 2.7208E+02    4.1964E+01    4.9614E+01    2.0290E+01    1.6461E+01    1.5594E+01    6.5848E+01    4.6151E+01    1.4324E+01    4.3868E+00    1.4462E+01    1.4158E+01    8.9974E+00   
 2.7317E+02    4.1975E+01    4.9642E+01    2.0278E+01    1.6458E+01    1.5352E+01    6.5864E+01    4.6157E+01    1.4357E+01    4.4071E+00    1.4585E+01    1.4171E+01    8.9974E+00   
 2.7426E+02    4.1984E+01    4.9636E+01    2.0299E+01    1.6479E+01    1.5066E+01    6.5879E+01    4.6141E+01    1.4361E+01    4.4071E+00    1.4442E+01    1.4195E+01    8.9974E+00   
 2.7535E+02    4.1980E+01    4.9649E+01    2.0324E+01    1.6409E+01    1.4787E+01    6.5875E+01    4.6110E+01    1.4355E+01    4.3868E+00    1.4483E+01    1.4158E+01    8.9488E+00   
 2.7644E+02    4.1990E+01    4.9662E+01    2.0263E+01    1.6396E+01    1.4568E+01    6.5867E+01    4.6090E+01    1.4353E+01    4.3868E+00    1.4544E+01    1.4171E+01    8.9974E+00   
 2.7753E+02    4.2004E+01    4.9701E+01    2.0247E+01    1.6397E+01    1.4160E+01    6.5847E+01    4.6090E+01    1.4352E+01    4.4275E+00    1.4544E+01    1.4195E+01    8.9731E+00   
 2.7862E+02    4.2018E+01    4.9698E+01    2.0194E+01    1.6417E+01    1.3829E+01    6.5827E+01    4.6027E+01    1.4325E+01    4.3868E+00    1.4605E+01    1.4512E+01    9.0216E+00   
 2.7978E+02    4.2026E+01    4.9725E+01    2.0123E+01    1.6403E+01    1.3593E+01    6.5833E+01    4.6033E+01    1.4318E+01    4.4071E+00    1.4524E+01    1.4622E+01    8.9974E+00   
 2.8087E+02    4.2029E+01    4.9741E+01    2.0138E+01    1.6359E+01    1.3485E+01    6.5839E+01    4.6020E+01    1.4304E+01    4.4071E+00    1.4646E+01    1.4244E+01    9.0216E+00   
 2.8197E+02    4.2019E+01    4.9759E+01    2.0094E+01    1.6314E+01    1.3240E+01    6.5816E+01    4.5958E+01    1.4272E+01    4.3868E+00    1.4544E+01    1.4414E+01    8.9731E+00   
 2.8305E+02    4.2022E+01    4.9775E+01    2.0062E+01    1.6283E+01    1.3044E+01    6.5773E+01    4.5904E+01    1.4233E+01    4.3664E+00    1.4585E+01    1.4268E+01    8.9974E+00   
 2.8412E+02    4.2028E+01    4.9814E+01    1.9908E+01    1.6293E+01    1.2897E+01    6.5727E+01    4.5868E+01    1.4168E+01    4.3868E+00    1.4687E+01    1.4500E+01    9.0216E+00   
 2.8521E+02    4.2033E+01    4.9831E+01    1.9879E+01    1.6243E+01    1.2816E+01    6.5722E+01    4.5783E+01    1.4150E+01    4.3664E+00    1.4687E+01    1.4268E+01    8.9974E+00   
 2.8628E+02    4.2045E+01    4.9831E+01    1.9866E+01    1.6259E+01    1.2721E+01    6.5773E+01    4.5710E+01    1.4129E+01    4.3664E+00    1.4585E+01    1.4293E+01    8.9488E+00   
 2.8737E+02    4.2063E+01    4.9861E+01    1.9947E+01    1.6264E+01    1.2616E+01    6.5801E+01    4.5692E+01    1.4088E+01    4.3664E+00    1.4564E+01    1.4183E+01    8.9974E+00   
 2.8845E+02    4.2077E+01    4.9891E+01    1.9969E+01    1.6262E+01    1.2559E+01    6.5866E+01    4.5660E+01    1.4077E+01    4.3664E+00    1.4687E+01    1.4597E+01    8.9731E+00   
 2.8953E+02    4.2103E+01    4.9891E+01    1.9932E+01    1.6116E+01    1.2479E+01    6.5945E+01    4.5618E+01    1.4071E+01    4.3460E+00    1.4666E+01    1.4500E+01    8.9731E+00   
 2.9061E+02    4.2104E+01    4.9905E+01    1.9891E+01    1.6088E+01    1.2415E+01    6.5969E+01    4.5550E+01    1.4019E+01    4.3460E+00    1.4605E+01    1.4232E+01    8.9974E+00   
 2.9169E+02    4.2125E+01    4.9915E+01    1.9927E+01    1.6072E+01    1.2417E+01    6.6032E+01    4.5549E+01    1.3980E+01    4.3053E+00    1.4585E+01    1.4183E+01    8.9731E+00   
 2.9277E+02    4.2107E+01    4.9905E+01    1.9892E+01    1.6127E+01    1.2429E+01    6.6073E+01    4.5479E+01    1.3940E+01    4.3053E+00    1.4687E+01    1.4609E+01    8.9731E+00   
# Time (s)      T1w (C)       T2w (C)       T1a (C)       T2a (C)       T1r (C)       T2r (C)       T3r (C)       T4r (C)       P1 (bar)      P2 (bar)      Pow (W/100)      Qc (l/min)    
 2.9385E+02    4.2131E+01    4.9928E+01    1.9937E+01    1.6021E+01    1.2449E+01    6.6096E+01    4.5393E+01    1.3890E+01    4.3053E+00    1.4687E+01    1.4366E+01    8.9974E+00   
 2.9493E+02    4.2145E+01    4.9935E+01    1.9979E+01    1.6030E+01    1.2469E+01    6.6090E+01    4.5377E+01    1.3825E+01    4.2849E+00    1.4605E+01    1.4183E+01    8.9488E+00   
 2.9601E+02    4.2128E+01    4.9942E+01    1.9999E+01    1.6110E+01    1.2545E+01    6.6152E+01    4.5331E+01    1.3798E+01    4.2849E+00    1.4585E+01    1.4207E+01    8.9974E+00   
 2.9709E+02    4.2168E+01    4.9950E+01    1.9990E+01    1.6096E+01    1.2602E+01    6.6192E+01    4.5299E+01    1.3791E+01    4.2645E+00    1.4585E+01    1.4609E+01    9.0216E+00   
 2.9817E+02    4.2193E+01    4.9960E+01    1.9965E+01    1.6035E+01    1.2743E+01    6.6225E+01    4.5264E+01    1.3756E+01    4.2645E+00    1.4728E+01    1.4268E+01    9.0216E+00   
 2.9925E+02    4.2214E+01    4.9959E+01    1.9930E+01    1.6064E+01    1.2897E+01    6.6266E+01    4.5241E+01    1.3698E+01    4.2849E+00    1.4687E+01    1.4183E+01    9.0216E+00   
 3.0033E+02    4.2253E+01    4.9979E+01    1.9969E+01    1.6032E+01    1.2964E+01    6.6311E+01    4.5182E+01    1.3666E+01    4.2442E+00    1.4605E+01    1.4219E+01    8.9731E+00   
 3.0141E+02    4.2273E+01    4.9977E+01    1.9930E+01    1.5995E+01    1.3104E+01    6.6334E+01    4.5135E+01    1.3639E+01    4.2442E+00    1.4564E+01    1.4609E+01    8.9731E+00   
 3.0249E+02    4.2301E+01    4.9965E+01    2.0006E+01    1.5937E+01    1.3255E+01    6.6344E+01    4.5105E+01    1.3576E+01    4.2645E+00    1.4646E+01    1.4244E+01    8.9974E+00   
 3.0357E+02    4.2314E+01    4.9998E+01    2.0156E+01    1.5946E+01    1.3427E+01    6.6359E+01    4.5080E+01    1.3520E+01    4.2238E+00    1.4728E+01    1.4146E+01    9.0216E+00   
 3.0465E+02    4.2316E+01    5.0013E+01    2.0148E+01    1.5923E+01    1.3495E+01    6.6376E+01    4.5044E+01    1.3501E+01    4.2645E+00    1.4605E+01    1.4207E+01    8.9974E+00   
 3.0573E+02    4.2289E+01    5.0007E+01    1.9978E+01    1.5930E+01    1.3642E+01    6.6391E+01    4.5045E+01    1.3460E+01    4.2442E+00    1.4707E+01    1.4427E+01    8.9731E+00   
 3.0682E+02    4.2327E+01    5.0004E+01    1.9938E+01    1.5933E+01    1.3825E+01    6.6429E+01    4.5039E+01    1.3454E+01    4.2442E+00    1.4544E+01    1.4487E+01    8.9731E+00   
 3.0791E+02    4.2344E+01    5.0001E+01    1.9992E+01    1.5764E+01    1.3900E+01    6.6459E+01    4.5027E+01    1.3405E+01    4.2645E+00    1.4666E+01    1.4414E+01    8.9974E+00   
 3.0900E+02    4.2342E+01    5.0003E+01    2.0134E+01    1.5890E+01    1.4070E+01    6.6531E+01    4.5061E+01    1.3417E+01    4.2442E+00    1.4585E+01    1.4512E+01    8.9731E+00   
 3.1008E+02    4.2389E+01    5.0012E+01    2.0215E+01    1.5835E+01    1.4210E+01    6.6563E+01    4.5071E+01    1.3388E+01    4.2442E+00    1.4524E+01    1.4414E+01    8.9488E+00   
 3.1117E+02    4.2393E+01    5.0008E+01    2.0192E+01    1.5842E+01    1.4362E+01    6.6638E+01    4.5114E+01    1.3385E+01    4.2238E+00    1.4544E+01    1.4219E+01    8.9731E+00   
 3.1226E+02    4.2400E+01    5.0000E+01    1.9968E+01    1.5800E+01    1.4440E+01    6.6695E+01    4.5180E+01    1.3400E+01    4.2442E+00    1.4564E+01    1.4171E+01    9.0216E+00   
 3.1335E+02    4.2406E+01    4.9973E+01    1.9952E+01    1.5854E+01    1.4574E+01    6.6710E+01    4.5224E+01    1.3443E+01    4.2238E+00    1.4585E+01    1.4110E+01    8.9731E+00   
 3.1445E+02    4.2400E+01    4.9969E+01    2.0097E+01    1.5789E+01    1.4703E+01    6.6714E+01    4.5282E+01    1.3454E+01    4.2238E+00    1.4605E+01    1.4110E+01    8.9974E+00   
 3.1558E+02    4.2412E+01    4.9969E+01    2.0058E+01    1.5838E+01    1.4804E+01    6.6726E+01    4.5299E+01    1.3478E+01    4.2238E+00    1.4524E+01    1.4293E+01    8.9731E+00   
 3.1666E+02    4.2401E+01    4.9954E+01    2.0040E+01    1.5805E+01    1.4823E+01    6.6761E+01    4.5357E+01    1.3488E+01    4.2442E+00    1.4564E+01    1.4293E+01    8.9974E+00   
 3.1778E+02    4.2411E+01    4.9961E+01    2.0165E+01    1.5715E+01    1.4925E+01    6.6789E+01    4.5418E+01    1.3486E+01    4.2238E+00    1.4626E+01    1.4378E+01    8.9974E+00   
 3.1886E+02    4.2424E+01    4.9970E+01    1.9997E+01    1.5813E+01    1.5024E+01    6.6785E+01    4.5485E+01    1.3504E+01    4.2238E+00    1.4503E+01    1.4293E+01    9.0216E+00   
 3.1995E+02    4.2444E+01    4.9995E+01    1.9981E+01    1.5853E+01    1.5102E+01    6.6814E+01    4.5517E+01    1.3512E+01    4.2442E+00    1.4564E+01    1.4414E+01    9.0216E+00   
 3.2103E+02    4.2439E+01    5.0009E+01    1.9954E+01    1.5823E+01    1.5161E+01    6.6831E+01    4.5619E+01    1.3528E+01    4.2442E+00    1.4585E+01    1.4329E+01    8.9731E+00   
 3.2211E+02    4.2468E+01    4.9998E+01    2.0047E+01    1.5810E+01    1.5254E+01    6.6856E+01    4.5676E+01    1.3500E+01    4.2238E+00    1.4544E+01    1.4146E+01    8.9974E+00   
 3.2319E+02    4.2477E+01    5.0007E+01    1.9993E+01    1.5923E+01    1.5293E+01    6.6834E+01    4.5702E+01    1.3479E+01    4.2442E+00    1.4666E+01    1.4146E+01    8.9731E+00   
 3.2428E+02    4.2487E+01    5.0007E+01    2.0194E+01    1.5887E+01    1.5351E+01    6.6839E+01    4.5757E+01    1.3488E+01    4.2442E+00    1.4626E+01    1.4134E+01    9.0216E+00   
 3.2537E+02    4.2498E+01    5.0027E+01    2.0171E+01    1.5856E+01    1.5429E+01    6.6869E+01    4.5806E+01    1.3513E+01    4.2442E+00    1.4687E+01    1.4366E+01    9.0216E+00   
# Time (s)      T1w (C)       T2w (C)       T1a (C)       T2a (C)       T1r (C)       T2r (C)       T3r (C)       T4r (C)       P1 (bar)      P2 (bar)      Pow (W/100)      Qc (l/min)    
 3.2645E+02    4.2528E+01    5.0031E+01    2.0156E+01    1.5907E+01    1.5503E+01    6.6875E+01    4.5869E+01    1.3551E+01    4.2645E+00    1.4564E+01    1.4293E+01    8.9974E+00   
 3.2754E+02    4.2533E+01    5.0032E+01    1.9844E+01    1.5929E+01    1.5599E+01    6.6895E+01    4.5909E+01    1.3576E+01    4.2645E+00    1.4605E+01    1.4366E+01    8.9731E+00   
 3.2862E+02    4.2524E+01    5.0018E+01    1.9869E+01    1.5886E+01    1.5637E+01    6.6926E+01    4.5949E+01    1.3564E+01    4.2645E+00    1.4605E+01    1.4463E+01    8.9731E+00   
 3.2971E+02    4.2545E+01    5.0021E+01    1.9923E+01    1.5930E+01    1.5722E+01    6.6958E+01    4.5987E+01    1.3610E+01    4.3053E+00    1.4605E+01    1.4171E+01    8.9974E+00   
 3.3079E+02    4.2550E+01    5.0033E+01    1.9996E+01    1.5892E+01    1.5789E+01    6.6963E+01    4.6016E+01    1.3591E+01    4.2849E+00    1.4605E+01    1.4183E+01    8.9974E+00   
 3.3187E+02    4.2580E+01    5.0061E+01    2.0234E+01    1.6017E+01    1.5843E+01    6.6980E+01    4.6050E+01    1.3603E+01    4.2849E+00    1.4564E+01    1.4158E+01    9.0216E+00   
 3.3295E+02    4.2604E+01    5.0085E+01    2.0324E+01    1.6026E+01    1.5881E+01    6.6985E+01    4.6079E+01    1.3573E+01    4.2645E+00    1.4666E+01    1.4341E+01    8.9731E+00   
 3.3404E+02    4.2602E+01    5.0099E+01    2.0256E+01    1.5988E+01    1.5945E+01    6.7013E+01    4.6134E+01    1.3597E+01    4.2849E+00    1.4626E+01    1.4402E+01    9.0216E+00   
 3.3513E+02    4.2610E+01    5.0114E+01    2.0181E+01    1.6024E+01    1.6007E+01    6.7049E+01    4.6143E+01    1.3611E+01    4.2849E+00    1.4605E+01    1.4317E+01    9.0216E+00   
 3.3622E+02    4.2604E+01    5.0136E+01    1.9989E+01    1.5988E+01    1.6049E+01    6.7073E+01    4.6205E+01    1.3625E+01    4.3053E+00    1.4707E+01    1.4402E+01    8.9974E+00   
 3.3731E+02    4.2624E+01    5.0142E+01    2.0003E+01    1.6013E+01    1.6106E+01    6.7100E+01    4.6269E+01    1.3636E+01    4.3053E+00    1.4666E+01    1.4536E+01    8.9974E+00   
 3.3839E+02    4.2614E+01    5.0145E+01    1.9994E+01    1.6044E+01    1.6164E+01    6.7112E+01    4.6291E+01    1.3651E+01    4.3053E+00    1.4626E+01    1.4195E+01    8.9731E+00   
 3.3947E+02    4.2641E+01    5.0146E+01    2.0159E+01    1.6011E+01    1.6217E+01    6.7155E+01    4.6343E+01    1.3696E+01    4.2849E+00    1.4605E+01    1.4158E+01    8.9243E+00   
 3.4055E+02    4.2656E+01    5.0173E+01    2.0049E+01    1.6121E+01    1.6240E+01    6.7182E+01    4.6405E+01    1.3730E+01    4.3257E+00    1.4626E+01    1.4329E+01    8.9731E+00   
 3.4163E+02    4.2685E+01    5.0186E+01    2.0175E+01    1.6095E+01    1.6298E+01    6.7181E+01    4.6425E+01    1.3726E+01    4.3053E+00    1.4626E+01    1.4280E+01    8.9731E+00   
 3.4272E+02    4.2670E+01    5.0180E+01    1.9959E+01    1.6038E+01    1.6350E+01    6.7192E+01    4.6461E+01    1.3754E+01    4.3053E+00    1.4626E+01    1.4561E+01    9.0216E+00   
 3.4382E+02    4.2688E+01    5.0196E+01    2.0035E+01    1.6076E+01    1.6391E+01    6.7209E+01    4.6507E+01    1.3791E+01    4.3053E+00    1.4646E+01    1.4512E+01    8.9731E+00   
 3.4491E+02    4.2677E+01    5.0209E+01    2.0066E+01    1.6121E+01    1.6408E+01    6.7203E+01    4.6563E+01    1.3778E+01    4.3257E+00    1.4646E+01    1.4280E+01    8.9974E+00   
 3.4601E+02    4.2670E+01    5.0222E+01    2.0079E+01    1.6073E+01    1.6463E+01    6.7231E+01    4.6628E+01    1.3838E+01    4.3460E+00    1.4666E+01    1.4195E+01    8.9243E+00   
 3.4711E+02    4.2695E+01    5.0228E+01    2.0054E+01    1.6083E+01    1.6500E+01    6.7214E+01    4.6649E+01    1.3874E+01    4.3257E+00    1.4646E+01    1.4207E+01    8.9243E+00   
 3.4820E+02    4.2683E+01    5.0249E+01    2.0134E+01    1.6096E+01    1.6503E+01    6.7227E+01    4.6656E+01    1.3886E+01    4.3257E+00    1.4666E+01    1.4293E+01    8.9974E+00   
 3.4934E+02    4.2695E+01    5.0258E+01    2.0046E+01    1.6139E+01    1.6529E+01    6.7224E+01    4.6659E+01    1.3897E+01    4.3257E+00    1.4768E+01    1.4439E+01    8.9488E+00   
 3.5043E+02    4.2701E+01    5.0270E+01    2.0106E+01    1.6191E+01    1.6543E+01    6.7263E+01    4.6685E+01    1.3904E+01    4.3460E+00    1.4707E+01    1.4524E+01    8.9731E+00   
 3.5153E+02    4.2715E+01    5.0259E+01    1.9891E+01    1.6177E+01    1.6580E+01    6.7265E+01    4.6679E+01    1.3907E+01    4.3664E+00    1.4789E+01    1.4402E+01    8.9974E+00   
 3.5262E+02    4.2722E+01    5.0291E+01    2.0057E+01    1.6120E+01    1.6563E+01    6.7297E+01    4.6684E+01    1.3921E+01    4.3257E+00    1.4789E+01    1.4670E+01    8.9731E+00   
 3.5370E+02    4.2735E+01    5.0302E+01    2.0163E+01    1.6139E+01    1.6569E+01    6.7321E+01    4.6688E+01    1.3934E+01    4.3257E+00    1.4707E+01    1.4536E+01    9.0216E+00   
 3.5477E+02    4.2735E+01    5.0298E+01    2.0044E+01    1.6171E+01    1.6552E+01    6.7323E+01    4.6703E+01    1.3948E+01    4.3460E+00    1.4687E+01    1.4451E+01    8.9731E+00   
 3.5585E+02    4.2729E+01    5.0318E+01    1.9983E+01    1.6246E+01    1.6532E+01    6.7357E+01    4.6714E+01    1.3974E+01    4.3460E+00    1.4626E+01    1.4329E+01    8.9731E+00   
 3.5693E+02    4.2730E+01    5.0323E+01    1.9997E+01    1.6188E+01    1.6503E+01    6.7368E+01    4.6725E+01    1.4002E+01    4.3257E+00    1.4728E+01    1.4378E+01    8.9731E+00   
 3.5802E+02    4.2735E+01    5.0338E+01    2.0142E+01    1.6172E+01    1.6459E+01    6.7377E+01    4.6750E+01    1.4022E+01    4.3257E+00    1.4728E+01    1.4280E+01    8.9974E+00   
# Time (s)      T1w (C)       T2w (C)       T1a (C)       T2a (C)       T1r (C)       T2r (C)       T3r (C)       T4r (C)       P1 (bar)      P2 (bar)      Pow (W/100)      Qc (l/min)    
 3.5910E+02    4.2771E+01    5.0356E+01    2.0235E+01    1.6274E+01    1.6417E+01    6.7406E+01    4.6780E+01    1.4063E+01    4.3460E+00    1.4728E+01    1.4219E+01    9.0216E+00   
 3.6018E+02    4.2781E+01    5.0375E+01    2.0167E+01    1.6268E+01    1.6333E+01    6.7410E+01    4.6801E+01    1.4139E+01    4.3460E+00    1.4809E+01    1.4244E+01    8.9488E+00   
 3.6127E+02    4.2800E+01    5.0389E+01    2.0151E+01    1.6247E+01    1.6292E+01    6.7449E+01    4.6865E+01    1.4180E+01    4.3664E+00    1.4707E+01    1.4244E+01    8.9731E+00   
 3.6236E+02    4.2801E+01    5.0387E+01    2.0053E+01    1.6310E+01    1.6141E+01    6.7467E+01    4.6892E+01    1.4224E+01    4.3460E+00    1.4707E+01    1.4280E+01    8.9974E+00   
 3.6345E+02    4.2811E+01    5.0396E+01    1.9978E+01    1.6322E+01    1.5968E+01    6.7462E+01    4.6908E+01    1.4241E+01    4.3868E+00    1.4768E+01    1.4293E+01    8.9731E+00   
 3.6453E+02    4.2816E+01    5.0404E+01    1.9882E+01    1.6290E+01    1.5867E+01    6.7431E+01    4.6956E+01    1.4281E+01    4.3664E+00    1.4850E+01    1.4353E+01    8.9488E+00   
 3.6561E+02    4.2844E+01    5.0411E+01    1.9867E+01    1.6246E+01    1.5642E+01    6.7435E+01    4.6980E+01    1.4300E+01    4.3664E+00    1.4789E+01    1.4622E+01    8.9243E+00   
 3.6670E+02    4.2862E+01    5.0424E+01    1.9988E+01    1.6267E+01    1.5402E+01    6.7404E+01    4.6979E+01    1.4306E+01    4.3664E+00    1.4728E+01    1.4731E+01    8.9731E+00   
 3.6777E+02    4.2852E+01    5.0426E+01    1.9984E+01    1.6307E+01    1.5137E+01    6.7383E+01    4.6975E+01    1.4333E+01    4.4071E+00    1.4748E+01    1.4646E+01    8.9488E+00   
 3.6885E+02    4.2860E+01    5.0430E+01    2.0173E+01    1.6368E+01    1.5009E+01    6.7394E+01    4.6989E+01    1.4352E+01    4.3868E+00    1.4850E+01    1.4561E+01    8.9243E+00   
 3.6994E+02    4.2860E+01    5.0477E+01    2.0349E+01    1.6405E+01    1.4767E+01    6.7397E+01    4.6975E+01    1.4354E+01    4.3868E+00    1.4728E+01    1.4634E+01    8.9974E+00   
 3.7103E+02    4.2878E+01    5.0472E+01    2.0359E+01    1.6378E+01    1.4508E+01    6.7362E+01    4.6943E+01    1.4332E+01    4.4071E+00    1.4809E+01    1.4780E+01    8.9731E+00   
 3.7212E+02    4.2877E+01    5.0509E+01    2.0250E+01    1.6410E+01    1.4329E+01    6.7347E+01    4.6930E+01    1.4319E+01    4.3664E+00    1.4789E+01    1.4780E+01    8.9731E+00   
 3.7321E+02    4.2884E+01    5.0544E+01    2.0151E+01    1.6382E+01    1.3956E+01    6.7308E+01    4.6871E+01    1.4312E+01    4.3664E+00    1.4870E+01    1.4768E+01    8.9731E+00   
 3.7430E+02    4.2898E+01    5.0559E+01    2.0105E+01    1.6413E+01    1.3641E+01    6.7285E+01    4.6827E+01    1.4289E+01    4.4071E+00    1.4911E+01    1.4792E+01    8.9488E+00   
 3.7538E+02    4.2929E+01    5.0578E+01    2.0054E+01    1.6349E+01    1.3373E+01    6.7277E+01    4.6819E+01    1.4311E+01    4.3664E+00    1.4932E+01    1.4341E+01    8.9974E+00   
 3.7647E+02    4.2942E+01    5.0607E+01    2.0225E+01    1.6309E+01    1.3260E+01    6.7248E+01    4.6778E+01    1.4274E+01    4.3868E+00    1.4932E+01    1.4792E+01    8.9488E+00   
 3.7756E+02    4.2922E+01    5.0631E+01    2.0147E+01    1.6358E+01    1.3024E+01    6.7219E+01    4.6749E+01    1.4290E+01    4.3460E+00    1.4870E+01    1.4341E+01    8.9731E+00   
 3.7865E+02    4.2952E+01    5.0635E+01    2.0039E+01    1.6310E+01    1.2840E+01    6.7194E+01    4.6691E+01    1.4248E+01    4.3664E+00    1.4932E+01    1.4414E+01    8.9731E+00   
 3.7974E+02    4.2967E+01    5.0641E+01    1.9970E+01    1.6302E+01    1.2688E+01    6.7161E+01    4.6655E+01    1.4213E+01    4.3664E+00    1.4932E+01    1.4341E+01    8.9488E+00   
 3.8085E+02    4.2959E+01    5.0675E+01    1.9949E+01    1.6207E+01    1.2633E+01    6.7148E+01    4.6604E+01    1.4163E+01    4.3664E+00    1.4891E+01    1.4341E+01    8.9731E+00   
 3.8194E+02    4.2979E+01    5.0678E+01    2.0011E+01    1.6207E+01    1.2477E+01    6.7133E+01    4.6519E+01    1.4140E+01    4.3257E+00    1.4830E+01    1.4500E+01    8.9974E+00   
 3.8306E+02    4.2980E+01    5.0673E+01    2.0099E+01    1.6200E+01    1.2369E+01    6.7118E+01    4.6466E+01    1.4064E+01    4.3257E+00    1.4891E+01    1.4378E+01    8.9488E+00   
 3.8414E+02    4.2986E+01    5.0685E+01    1.9977E+01    1.6243E+01    1.2287E+01    6.7114E+01    4.6418E+01    1.3991E+01    4.3053E+00    1.4993E+01    1.4524E+01    8.9974E+00   
 3.8522E+02    4.2984E+01    5.0688E+01    2.0027E+01    1.6183E+01    1.2229E+01    6.7129E+01    4.6325E+01    1.3928E+01    4.3257E+00    1.4993E+01    1.4378E+01    8.9731E+00   
 3.8630E+02    4.3010E+01    5.0710E+01    2.0212E+01    1.6091E+01    1.2213E+01    6.7170E+01    4.6298E+01    1.3925E+01    4.2849E+00    1.4972E+01    1.4743E+01    9.0216E+00   
 3.8739E+02    4.2990E+01    5.0726E+01    2.0360E+01    1.6086E+01    1.2219E+01    6.7170E+01    4.6208E+01    1.3886E+01    4.3053E+00    1.4911E+01    1.4768E+01    8.9974E+00   
 3.8847E+02    4.2991E+01    5.0734E+01    2.0122E+01    1.6165E+01    1.2229E+01    6.7208E+01    4.6191E+01    1.3822E+01    4.2645E+00    1.4911E+01    1.4512E+01    8.9974E+00   
 3.8955E+02    4.3012E+01    5.0757E+01    2.0050E+01    1.6092E+01    1.2252E+01    6.7214E+01    4.6117E+01    1.3815E+01    4.2849E+00    1.4850E+01    1.4341E+01    8.9731E+00   
 3.9063E+02    4.3022E+01    5.0748E+01    2.0045E+01    1.6036E+01    1.2322E+01    6.7201E+01    4.6073E+01    1.3780E+01    4.2849E+00    1.4870E+01    1.4317E+01    8.9731E+00   
# Time (s)      T1w (C)       T2w (C)       T1a (C)       T2a (C)       T1r (C)       T2r (C)       T3r (C)       T4r (C)       P1 (bar)      P2 (bar)      Pow (W/100)      Qc (l/min)    
 3.9171E+02    4.3020E+01    5.0768E+01    1.9995E+01    1.6029E+01    1.2423E+01    6.7191E+01    4.6017E+01    1.3726E+01    4.2645E+00    1.4993E+01    1.4719E+01    8.9974E+00   
 3.9279E+02    4.3015E+01    5.0743E+01    1.9799E+01    1.5950E+01    1.2509E+01    6.7234E+01    4.5972E+01    1.3674E+01    4.2238E+00    1.4932E+01    1.4682E+01    8.9974E+00   
 3.9387E+02    4.3031E+01    5.0741E+01    1.9820E+01    1.5963E+01    1.2662E+01    6.7230E+01    4.5907E+01    1.3658E+01    4.2645E+00    1.4952E+01    1.4658E+01    8.9731E+00   
 3.9497E+02    4.3063E+01    5.0742E+01    1.9922E+01    1.6002E+01    1.2846E+01    6.7241E+01    4.5909E+01    1.3634E+01    4.2238E+00    1.4891E+01    1.4682E+01    8.9974E+00   
 3.9605E+02    4.3065E+01    5.0748E+01    2.0003E+01    1.5978E+01    1.2917E+01    6.7273E+01    4.5883E+01    1.3610E+01    4.2442E+00    1.5013E+01    1.4427E+01    9.0216E+00   
 3.9714E+02    4.3074E+01    5.0748E+01    1.9990E+01    1.5902E+01    1.3095E+01    6.7279E+01    4.5835E+01    1.3562E+01    4.2442E+00    1.4932E+01    1.4268E+01    9.0216E+00   
 3.9822E+02    4.3085E+01    5.0754E+01    1.9990E+01    1.5871E+01    1.3267E+01    6.7281E+01    4.5786E+01    1.3559E+01    4.2442E+00    1.4850E+01    1.4305E+01    8.9974E+00   
 3.9930E+02    4.3097E+01    5.0760E+01    1.9961E+01    1.5826E+01    1.3422E+01    6.7276E+01    4.5785E+01    1.3532E+01    4.2238E+00    1.4870E+01    1.4634E+01    8.9974E+00   
 4.0038E+02    4.3108E+01    5.0751E+01    1.9755E+01    1.5809E+01    1.3512E+01    6.7312E+01    4.5806E+01    1.3542E+01    4.2238E+00    1.4850E+01    1.4500E+01    8.9974E+00   
 4.0146E+02    4.3109E+01    5.0734E+01    1.9724E+01    1.5793E+01    1.3678E+01    6.7342E+01    4.5809E+01    1.3537E+01    4.2238E+00    1.4952E+01    1.4268E+01    8.9974E+00   
 4.0254E+02    4.3113E+01    5.0748E+01    1.9804E+01    1.5821E+01    1.3860E+01    6.7357E+01    4.5819E+01    1.3518E+01    4.2238E+00    1.4932E+01    1.4268E+01    9.0216E+00   
 4.0362E+02    4.3130E+01    5.0728E+01    1.9802E+01    1.5744E+01    1.4013E+01    6.7400E+01    4.5850E+01    1.3521E+01    4.2238E+00    1.4850E+01    1.4463E+01    9.0216E+00   
 4.0470E+02    4.3138E+01    5.0704E+01    1.9859E+01    1.5721E+01    1.4112E+01    6.7414E+01    4.5915E+01    1.3535E+01    4.2034E+00    1.4830E+01    1.4597E+01    9.0216E+00   
 4.0578E+02    4.3143E+01    5.0702E+01    1.9935E+01    1.5758E+01    1.4253E+01    6.7426E+01    4.5949E+01    1.3550E+01    4.2238E+00    1.4891E+01    1.4597E+01    8.9731E+00   
 4.0687E+02    4.3120E+01    5.0708E+01    1.9887E+01    1.5806E+01    1.4381E+01    6.7514E+01    4.5988E+01    1.3526E+01    4.2442E+00    1.4789E+01    1.4658E+01    8.9731E+00   
 4.0796E+02    4.3133E+01    5.0694E+01    1.9904E+01    1.5803E+01    1.4456E+01    6.7541E+01    4.6011E+01    1.3542E+01    4.2238E+00    1.4891E+01    1.4622E+01    8.9974E+00   
 4.0904E+02    4.3125E+01    5.0685E+01    1.9902E+01    1.5811E+01    1.4599E+01    6.7564E+01    4.6101E+01    1.3549E+01    4.2034E+00    1.4952E+01    1.4305E+01    8.9731E+00   
 4.1014E+02    4.3177E+01    5.0702E+01    2.0053E+01    1.5857E+01    1.4731E+01    6.7575E+01    4.6164E+01    1.3568E+01    4.2238E+00    1.4993E+01    1.4244E+01    8.9731E+00   
 4.1124E+02    4.3211E+01    5.0709E+01    2.0050E+01    1.5842E+01    1.4835E+01    6.7579E+01    4.6182E+01    1.3550E+01    4.2442E+00    1.4972E+01    1.4451E+01    8.9731E+00   
 4.1233E+02    4.3217E+01    5.0724E+01    2.0054E+01    1.5789E+01    1.4887E+01    6.7590E+01    4.6239E+01    1.3559E+01    4.2645E+00    1.4972E+01    1.4670E+01    8.9731E+00   
 4.1343E+02    4.3260E+01    5.0749E+01    2.0034E+01    1.5861E+01    1.4996E+01    6.7628E+01    4.6299E+01    1.3572E+01    4.2034E+00    1.4850E+01    1.4402E+01    8.9974E+00   
 4.1457E+02    4.3249E+01    5.0757E+01    2.0038E+01    1.5908E+01    1.5097E+01    6.7659E+01    4.6375E+01    1.3569E+01    4.2034E+00    1.4952E+01    1.4548E+01    9.0216E+00   
 4.1566E+02    4.3247E+01    5.0735E+01    2.0053E+01    1.5932E+01    1.5215E+01    6.7715E+01    4.6458E+01    1.3581E+01    4.2238E+00    1.4830E+01    1.4622E+01    9.0216E+00   
 4.1679E+02    4.3261E+01    5.0752E+01    1.9998E+01    1.5914E+01    1.5260E+01    6.7731E+01    4.6510E+01    1.3609E+01    4.2645E+00    1.4809E+01    1.4695E+01    9.0216E+00   
 4.1787E+02    4.3257E+01    5.0750E+01    1.9869E+01    1.5898E+01    1.5361E+01    6.7742E+01    4.6620E+01    1.3626E+01    4.2442E+00    1.4809E+01    1.4634E+01    8.9731E+00   
 4.1896E+02    4.3273E+01    5.0770E+01    1.9840E+01    1.5987E+01    1.5438E+01    6.7739E+01    4.6669E+01    1.3635E+01    4.2442E+00    1.4789E+01    1.4244E+01    8.9974E+00   
 4.2005E+02    4.3270E+01    5.0774E+01    2.0026E+01    1.5939E+01    1.5529E+01    6.7728E+01    4.6715E+01    1.3627E+01    4.2645E+00    1.4891E+01    1.4268E+01    8.9974E+00   
 4.2114E+02    4.3271E+01    5.0774E+01    1.9931E+01    1.5931E+01    1.5578E+01    6.7753E+01    4.6740E+01    1.3681E+01    4.2442E+00    1.4850E+01    1.4268E+01    8.9731E+00   
 4.2223E+02    4.3303E+01    5.0792E+01    1.9855E+01    1.5950E+01    1.5646E+01    6.7750E+01    4.6831E+01    1.3680E+01    4.2442E+00    1.4952E+01    1.4378E+01    8.9731E+00   
 4.2331E+02    4.3306E+01    5.0786E+01    1.9835E+01    1.6001E+01    1.5739E+01    6.7738E+01    4.6878E+01    1.3702E+01    4.2645E+00    1.4891E+01    1.4719E+01    8.9731E+00   
# Time (s)      T1w (C)       T2w (C)       T1a (C)       T2a (C)       T1r (C)       T2r (C)       T3r (C)       T4r (C)       P1 (bar)      P2 (bar)      Pow (W/100)      Qc (l/min)    
 4.2439E+02    4.3342E+01    5.0808E+01    1.9945E+01    1.6060E+01    1.5830E+01    6.7773E+01    4.6930E+01    1.3743E+01    4.2645E+00    1.4932E+01    1.4646E+01    8.9974E+00   
 4.2548E+02    4.3353E+01    5.0815E+01    2.0098E+01    1.6034E+01    1.5884E+01    6.7793E+01    4.6972E+01    1.3784E+01    4.2849E+00    1.4891E+01    1.4719E+01    8.9731E+00   
 4.2657E+02    4.3372E+01    5.0831E+01    2.0218E+01    1.6097E+01    1.5939E+01    6.7804E+01    4.7015E+01    1.3783E+01    4.2645E+00    1.4952E+01    1.4682E+01    8.9974E+00   
 4.2765E+02    4.3385E+01    5.0833E+01    2.0362E+01    1.6082E+01    1.5982E+01    6.7781E+01    4.7033E+01    1.3777E+01    4.3053E+00    1.4830E+01    1.4402E+01    8.9974E+00   
 4.2874E+02    4.3378E+01    5.0844E+01    2.0155E+01    1.6032E+01    1.5999E+01    6.7819E+01    4.7052E+01    1.3772E+01    4.2849E+00    1.4891E+01    1.4341E+01    8.9974E+00   
 4.2983E+02    4.3395E+01    5.0870E+01    2.0142E+01    1.6085E+01    1.6053E+01    6.7889E+01    4.7059E+01    1.3779E+01    4.2849E+00    1.4870E+01    1.4280E+01    8.9974E+00   
 4.3091E+02    4.3390E+01    5.0860E+01    2.0328E+01    1.6123E+01    1.6124E+01    6.7880E+01    4.7120E+01    1.3785E+01    4.2849E+00    1.4830E+01    1.4414E+01    9.0216E+00   
 4.3199E+02    4.3389E+01    5.0866E+01    2.0275E+01    1.6113E+01    1.6181E+01    6.7911E+01    4.7153E+01    1.3822E+01    4.3053E+00    1.4932E+01    1.4707E+01    8.9974E+00   
 4.3307E+02    4.3426E+01    5.0892E+01    2.0216E+01    1.6161E+01    1.6215E+01    6.7958E+01    4.7150E+01    1.3834E+01    4.3257E+00    1.4993E+01    1.4329E+01    8.9731E+00   
 4.3415E+02    4.3416E+01    5.0925E+01    2.0212E+01    1.6166E+01    1.6254E+01    6.8041E+01    4.7179E+01    1.3849E+01    4.3257E+00    1.4870E+01    1.4353E+01    8.9731E+00   
 4.3524E+02    4.3428E+01    5.0925E+01    2.0082E+01    1.6181E+01    1.6305E+01    6.8069E+01    4.7253E+01    1.3867E+01    4.3257E+00    1.4891E+01    1.4341E+01    8.9488E+00   
 4.3633E+02    4.3437E+01    5.0944E+01    2.0119E+01    1.6160E+01    1.6360E+01    6.8108E+01    4.7266E+01    1.3905E+01    4.3053E+00    1.4993E+01    1.4341E+01    8.9731E+00   
 4.3742E+02    4.3471E+01    5.0973E+01    2.0154E+01    1.6120E+01    1.6372E+01    6.8139E+01    4.7306E+01    1.3934E+01    4.3460E+00    1.4911E+01    1.4439E+01    8.9488E+00   
 4.3852E+02    4.3484E+01    5.0983E+01    2.0327E+01    1.6230E+01    1.6399E+01    6.8143E+01    4.7309E+01    1.3916E+01    4.3257E+00    1.5054E+01    1.4390E+01    8.9974E+00   
 4.3961E+02    4.3521E+01    5.0997E+01    2.0335E+01    1.6221E+01    1.6405E+01    6.8139E+01    4.7320E+01    1.3920E+01    4.3257E+00    1.4911E+01    1.4390E+01    8.9488E+00   
 4.4072E+02    4.3505E+01    5.0994E+01    2.0317E+01    1.6177E+01    1.6406E+01    6.8118E+01    4.7311E+01    1.3921E+01    4.3257E+00    1.4932E+01    1.4402E+01    8.9974E+00   
 4.4181E+02    4.3528E+01    5.0997E+01    2.0242E+01    1.6199E+01    1.6419E+01    6.8104E+01    4.7331E+01    1.3899E+01    4.3664E+00    1.4952E+01    1.4573E+01    8.9731E+00   
 4.4291E+02    4.3522E+01    5.1020E+01    2.0198E+01    1.6178E+01    1.6429E+01    6.8093E+01    4.7369E+01    1.3923E+01    4.3460E+00    1.4993E+01    1.4390E+01    8.9974E+00   
 4.4402E+02    4.3532E+01    5.1022E+01    2.0171E+01    1.6259E+01    1.6436E+01    6.8077E+01    4.7358E+01    1.3954E+01    4.3460E+00    1.4952E+01    1.4780E+01    8.9731E+00   
 4.4510E+02    4.3540E+01    5.1046E+01    2.0225E+01    1.6274E+01    1.6421E+01    6.8065E+01    4.7391E+01    1.4009E+01    4.3257E+00    1.5074E+01    1.4829E+01    8.9974E+00   
 4.4619E+02    4.3572E+01    5.1069E+01    2.0166E+01    1.6281E+01    1.6396E+01    6.8053E+01    4.7413E+01    1.4009E+01    4.3257E+00    1.4911E+01    1.4622E+01    8.9974E+00   
 4.4728E+02    4.3570E+01    5.1092E+01    2.0057E+01    1.6294E+01    1.6382E+01    6.8079E+01    4.7426E+01    1.4025E+01    4.3664E+00    1.4972E+01    1.4414E+01    8.9974E+00   
 4.4836E+02    4.3566E+01    5.1112E+01    2.0196E+01    1.6266E+01    1.6364E+01    6.8085E+01    4.7447E+01    1.4075E+01    4.3257E+00    1.4972E+01    1.4366E+01    8.9974E+00   
 4.4945E+02    4.3577E+01    5.1114E+01    2.0200E+01    1.6264E+01    1.6315E+01    6.8056E+01    4.7451E+01    1.4096E+01    4.3664E+00    1.4993E+01    1.4658E+01    8.9731E+00   
 4.5059E+02    4.3560E+01    5.1110E+01    2.0168E+01    1.6318E+01    1.6243E+01    6.8083E+01    4.7458E+01    1.4145E+01    4.3460E+00    1.5034E+01    1.4695E+01    9.0216E+00   
 4.5169E+02    4.3590E+01    5.1129E+01    2.0101E+01    1.6358E+01    1.6163E+01    6.8086E+01    4.7489E+01    1.4159E+01    4.3460E+00    1.5095E+01    1.4390E+01    8.9731E+00   
 4.5277E+02    4.3599E+01    5.1138E+01    1.9963E+01    1.6300E+01    1.6069E+01    6.8155E+01    4.7507E+01    1.4206E+01    4.4071E+00    1.5115E+01    1.4597E+01    8.9974E+00   
 4.5384E+02    4.3587E+01    5.1130E+01    1.9832E+01    1.6360E+01    1.6008E+01    6.8198E+01    4.7521E+01    1.4218E+01    4.3664E+00    1.5136E+01    1.4536E+01    8.9731E+00   
 4.5491E+02    4.3592E+01    5.1149E+01    1.9826E+01    1.6418E+01    1.5873E+01    6.8206E+01    4.7539E+01    1.4229E+01    4.3868E+00    1.4993E+01    1.4792E+01    8.9731E+00   
 4.5600E+02    4.3586E+01    5.1158E+01    1.9844E+01    1.6384E+01    1.5688E+01    6.8202E+01    4.7557E+01    1.4258E+01    4.3868E+00    1.5054E+01    1.4890E+01    8.9974E+00   
# Time (s)      T1w (C)       T2w (C)       T1a (C)       T2a (C)       T1r (C)       T2r (C)       T3r (C)       T4r (C)       P1 (bar)      P2 (bar)      Pow (W/100)      Qc (l/min)    
 4.5709E+02    4.3601E+01    5.1177E+01    2.0227E+01    1.6421E+01    1.5444E+01    6.8146E+01    4.7539E+01    1.4242E+01    4.3868E+00    1.5013E+01    1.4865E+01    8.9488E+00   
 4.5818E+02    4.3610E+01    5.1184E+01    2.0394E+01    1.6415E+01    1.5308E+01    6.8106E+01    4.7601E+01    1.4236E+01    4.3664E+00    1.5054E+01    1.4877E+01    8.9731E+00   
 4.5927E+02    4.3619E+01    5.1198E+01    2.0358E+01    1.6331E+01    1.5056E+01    6.8097E+01    4.7610E+01    1.4225E+01    4.4071E+00    1.5176E+01    1.4609E+01    8.9974E+00   
 4.6036E+02    4.3633E+01    5.1217E+01    2.0243E+01    1.6405E+01    1.4798E+01    6.8080E+01    4.7593E+01    1.4242E+01    4.3664E+00    1.4993E+01    1.4463E+01    8.9731E+00   
 4.6144E+02    4.3650E+01    5.1225E+01    2.0002E+01    1.6377E+01    1.4672E+01    6.8075E+01    4.7619E+01    1.4238E+01    4.3868E+00    1.5115E+01    1.4487E+01    8.9974E+00   
 4.6253E+02    4.3656E+01    5.1242E+01    1.9863E+01    1.6362E+01    1.4278E+01    6.8089E+01    4.7625E+01    1.4249E+01    4.3868E+00    1.5054E+01    1.4451E+01    8.9974E+00   
 4.6362E+02    4.3691E+01    5.1276E+01    1.9625E+01    1.6341E+01    1.3782E+01    6.8103E+01    4.7592E+01    1.4228E+01    4.3868E+00    1.5054E+01    1.4451E+01    9.0458E+00   
 4.6471E+02    4.3704E+01    5.1260E+01    1.9409E+01    1.6287E+01    1.3451E+01    6.8078E+01    4.7613E+01    1.4215E+01    4.4071E+00    1.5197E+01    1.4573E+01    9.0216E+00   
 4.6580E+02    4.3716E+01    5.1306E+01    1.9813E+01    1.6306E+01    1.3328E+01    6.8110E+01    4.7563E+01    1.4191E+01    4.3868E+00    1.5034E+01    1.4536E+01    8.9974E+00   
 4.6688E+02    4.3712E+01    5.1344E+01    1.9798E+01    1.6322E+01    1.3072E+01    6.8119E+01    4.7504E+01    1.4169E+01    4.3664E+00    1.5115E+01    1.4707E+01    8.9974E+00   
 4.6797E+02    4.3713E+01    5.1319E+01    1.9800E+01    1.6253E+01    1.2837E+01    6.8134E+01    4.7471E+01    1.4136E+01    4.3868E+00    1.5156E+01    1.4926E+01    8.9731E+00   
 4.6906E+02    4.3717E+01    5.1347E+01    1.9856E+01    1.6232E+01    1.2649E+01    6.8118E+01    4.7453E+01    1.4088E+01    4.3868E+00    1.5115E+01    1.4853E+01    8.9488E+00   
 4.7015E+02    4.3719E+01    5.1372E+01    1.9687E+01    1.6246E+01    1.2572E+01    6.8149E+01    4.7410E+01    1.4028E+01    4.3460E+00    1.5217E+01    1.4865E+01    8.9731E+00   
 4.7124E+02    4.3769E+01    5.1421E+01    2.0000E+01    1.6106E+01    1.2454E+01    6.8242E+01    4.7328E+01    1.4037E+01    4.3460E+00    1.5054E+01    1.4463E+01    8.9731E+00   
 4.7233E+02    4.3774E+01    5.1405E+01    2.0147E+01    1.6117E+01    1.2356E+01    6.8276E+01    4.7259E+01    1.3977E+01    4.3257E+00    1.5074E+01    1.4804E+01    8.9243E+00   
 4.7342E+02    4.3789E+01    5.1445E+01    1.9968E+01    1.6194E+01    1.2311E+01    6.8285E+01    4.7211E+01    1.3925E+01    4.3053E+00    1.5136E+01    1.4487E+01    8.9488E+00   
 4.7452E+02    4.3808E+01    5.1431E+01    1.9980E+01    1.6089E+01    1.2213E+01    6.8267E+01    4.7128E+01    1.3873E+01    4.2849E+00    1.5136E+01    1.4475E+01    8.9243E+00   
 4.7561E+02    4.3836E+01    5.1434E+01    1.9651E+01    1.6100E+01    1.2139E+01    6.8254E+01    4.7043E+01    1.3848E+01    4.3053E+00    1.5176E+01    1.4561E+01    8.9243E+00   
 4.7671E+02    4.3814E+01    5.1442E+01    1.9695E+01    1.6062E+01    1.2078E+01    6.8281E+01    4.6948E+01    1.3758E+01    4.3053E+00    1.5095E+01    1.4914E+01    8.9243E+00   
 4.7781E+02    4.3807E+01    5.1410E+01    1.9691E+01    1.5990E+01    1.2058E+01    6.8341E+01    4.6890E+01    1.3696E+01    4.2849E+00    1.5074E+01    1.4816E+01    8.9974E+00   
 4.7891E+02    4.3806E+01    5.1415E+01    1.9593E+01    1.5891E+01    1.1989E+01    6.8380E+01    4.6770E+01    1.3594E+01    4.2238E+00    1.5136E+01    1.4463E+01    8.9731E+00   
 4.8002E+02    4.3829E+01    5.1407E+01    1.9672E+01    1.5826E+01    1.1903E+01    6.8376E+01    4.6695E+01    1.3549E+01    4.2442E+00    1.5136E+01    1.4597E+01    8.9974E+00   
