# Run number 24 on Tue May 21 12:21:38 2024
# Time (s)      T1w (C)       T2w (C)       T1a (C)       T2a (C)       T1r (C)       T2r (C)       T3r (C)       T4r (C)       P1 (bar)      P2 (bar)      Pow (W/100)      Qc (l/min)    
 3.1559E-01    4.8905E+01    5.5175E+01    1.9830E+01    1.6969E+01    1.3750E+01    7.4663E+01    5.1530E+01    1.5033E+01    4.4683E+00    1.6665E+01    1.5877E+01    1.2772E+01   
 1.4610E+00    4.8908E+01    5.5194E+01    1.9890E+01    1.6918E+01    1.3647E+01    7.4683E+01    5.1421E+01    1.4995E+01    4.4886E+00    1.6624E+01    1.5377E+01    1.2829E+01   
 2.5471E+00    4.8893E+01    5.5215E+01    1.9875E+01    1.6824E+01    1.3442E+01    7.4685E+01    5.1323E+01    1.4960E+01    4.4479E+00    1.6706E+01    1.5645E+01    1.2772E+01   
 3.6512E+00    4.8893E+01    5.5222E+01    1.9854E+01    1.6845E+01    1.3274E+01    7.4672E+01    5.1173E+01    1.4890E+01    4.4683E+00    1.6828E+01    1.5864E+01    1.2744E+01   
 4.7342E+00    4.8911E+01    5.5237E+01    1.9899E+01    1.6816E+01    1.3185E+01    7.4619E+01    5.1111E+01    1.4828E+01    4.4275E+00    1.6706E+01    1.5353E+01    1.2829E+01   
 5.8205E+00    4.8909E+01    5.5243E+01    1.9766E+01    1.6847E+01    1.3049E+01    7.4629E+01    5.0943E+01    1.4757E+01    4.4479E+00    1.6665E+01    1.5365E+01    1.2800E+01   
 6.9077E+00    4.8897E+01    5.5261E+01    1.9740E+01    1.6649E+01    1.2919E+01    7.4652E+01    5.0826E+01    1.4699E+01    4.4275E+00    1.6747E+01    1.5377E+01    1.2800E+01   
 7.9957E+00    4.8908E+01    5.5287E+01    1.9795E+01    1.6689E+01    1.2816E+01    7.4725E+01    5.0689E+01    1.4607E+01    4.4275E+00    1.6686E+01    1.5377E+01    1.2744E+01   
 9.0849E+00    4.8908E+01    5.5298E+01    1.9729E+01    1.6625E+01    1.2784E+01    7.4803E+01    5.0596E+01    1.4539E+01    4.4275E+00    1.6869E+01    1.5462E+01    1.2772E+01   
 1.0173E+01    4.8907E+01    5.5297E+01    1.9719E+01    1.6634E+01    1.2695E+01    7.4866E+01    5.0442E+01    1.4451E+01    4.3868E+00    1.6767E+01    1.5377E+01    1.2744E+01   
 1.1260E+01    4.8919E+01    5.5312E+01    1.9737E+01    1.6500E+01    1.2610E+01    7.4877E+01    5.0323E+01    1.4428E+01    4.4071E+00    1.6930E+01    1.5377E+01    1.2772E+01   
 1.2349E+01    4.8896E+01    5.5305E+01    1.9730E+01    1.6504E+01    1.2502E+01    7.4865E+01    5.0239E+01    1.4331E+01    4.3664E+00    1.6788E+01    1.5487E+01    1.2857E+01   
 1.3438E+01    4.8890E+01    5.5305E+01    1.9749E+01    1.6479E+01    1.2456E+01    7.4883E+01    5.0054E+01    1.4248E+01    4.3664E+00    1.6788E+01    1.5365E+01    1.2772E+01   
 1.4512E+01    4.8884E+01    5.5314E+01    1.9805E+01    1.6277E+01    1.2373E+01    7.4942E+01    4.9906E+01    1.4197E+01    4.3460E+00    1.6828E+01    1.5499E+01    1.2857E+01   
 1.5601E+01    4.8876E+01    5.5300E+01    1.9808E+01    1.6391E+01    1.2325E+01    7.4963E+01    4.9744E+01    1.4103E+01    4.3460E+00    1.6849E+01    1.5779E+01    1.2772E+01   
 1.6685E+01    4.8880E+01    5.5306E+01    1.9776E+01    1.6223E+01    1.2334E+01    7.4964E+01    4.9674E+01    1.3987E+01    4.3053E+00    1.6726E+01    1.5828E+01    1.2744E+01   
 1.7782E+01    4.8866E+01    5.5305E+01    1.9798E+01    1.6227E+01    1.2334E+01    7.4934E+01    4.9524E+01    1.3912E+01    4.3053E+00    1.6706E+01    1.5767E+01    1.2857E+01   
 1.8879E+01    4.8877E+01    5.5293E+01    1.9777E+01    1.6086E+01    1.2414E+01    7.4923E+01    4.9355E+01    1.3862E+01    4.2849E+00    1.6890E+01    1.5633E+01    1.2772E+01   
 1.9966E+01    4.8884E+01    5.5296E+01    1.9730E+01    1.6045E+01    1.2507E+01    7.4914E+01    4.9240E+01    1.3759E+01    4.2849E+00    1.6828E+01    1.5353E+01    1.2800E+01   
 2.1062E+01    4.8877E+01    5.5285E+01    1.9718E+01    1.6018E+01    1.2567E+01    7.4899E+01    4.9174E+01    1.3712E+01    4.2645E+00    1.6706E+01    1.5304E+01    1.2772E+01   
 2.2145E+01    4.8868E+01    5.5283E+01    1.9747E+01    1.5987E+01    1.2685E+01    7.4913E+01    4.9038E+01    1.3606E+01    4.2442E+00    1.6686E+01    1.5292E+01    1.2772E+01   
 2.3225E+01    4.8878E+01    5.5257E+01    1.9759E+01    1.5968E+01    1.2849E+01    7.4905E+01    4.8981E+01    1.3558E+01    4.2238E+00    1.6665E+01    1.5645E+01    1.2772E+01   
 2.4310E+01    4.8854E+01    5.5218E+01    1.9813E+01    1.5885E+01    1.3048E+01    7.4936E+01    4.8976E+01    1.3502E+01    4.2238E+00    1.6645E+01    1.5426E+01    1.2829E+01   
 2.5392E+01    4.8857E+01    5.5187E+01    1.9770E+01    1.5817E+01    1.3125E+01    7.4949E+01    4.8957E+01    1.3429E+01    4.2034E+00    1.6767E+01    1.5231E+01    1.2913E+01   
 2.6480E+01    4.8846E+01    5.5147E+01    1.9764E+01    1.5953E+01    1.3303E+01    7.4958E+01    4.8982E+01    1.3424E+01    4.2034E+00    1.6604E+01    1.5158E+01    1.2715E+01   
 2.7568E+01    4.8836E+01    5.5111E+01    1.9758E+01    1.5908E+01    1.3481E+01    7.4952E+01    4.8995E+01    1.3425E+01    4.2238E+00    1.6543E+01    1.5511E+01    1.2715E+01   
 2.8663E+01    4.8856E+01    5.5086E+01    1.9725E+01    1.5861E+01    1.3668E+01    7.4989E+01    4.8996E+01    1.3403E+01    4.2238E+00    1.6624E+01    1.5706E+01    1.2800E+01   
 2.9759E+01    4.8877E+01    5.5071E+01    1.9746E+01    1.5879E+01    1.3747E+01    7.5054E+01    4.9042E+01    1.3400E+01    4.2034E+00    1.6584E+01    1.5377E+01    1.2829E+01   
 3.0855E+01    4.8881E+01    5.5036E+01    1.9737E+01    1.5808E+01    1.3919E+01    7.5090E+01    4.9110E+01    1.3411E+01    4.2238E+00    1.6543E+01    1.5572E+01    1.2800E+01   
 3.1944E+01    4.8836E+01    5.4998E+01    1.9698E+01    1.5812E+01    1.4079E+01    7.5107E+01    4.9193E+01    1.3395E+01    4.2442E+00    1.6543E+01    1.5292E+01    1.2687E+01   
# Time (s)      T1w (C)       T2w (C)       T1a (C)       T2a (C)       T1r (C)       T2r (C)       T3r (C)       T4r (C)       P1 (bar)      P2 (bar)      Pow (W/100)      Qc (l/min)    
 3.3081E+01    4.8849E+01    5.4975E+01    1.9720E+01    1.5922E+01    1.4232E+01    7.5143E+01    4.9241E+01    1.3402E+01    4.2442E+00    1.6359E+01    1.5121E+01    1.2772E+01   
 3.4168E+01    4.8833E+01    5.4976E+01    1.9695E+01    1.5802E+01    1.4299E+01    7.5191E+01    4.9327E+01    1.3399E+01    4.2238E+00    1.6441E+01    1.5109E+01    1.2715E+01   
 3.5266E+01    4.8852E+01    5.4969E+01    1.9778E+01    1.5920E+01    1.4453E+01    7.5271E+01    4.9480E+01    1.3410E+01    4.2238E+00    1.6543E+01    1.5548E+01    1.2829E+01   
 3.6355E+01    4.8836E+01    5.4945E+01    1.9784E+01    1.5897E+01    1.4617E+01    7.5298E+01    4.9639E+01    1.3470E+01    4.2238E+00    1.6563E+01    1.5194E+01    1.2772E+01   
 3.7433E+01    4.8841E+01    5.4923E+01    1.9800E+01    1.5945E+01    1.4682E+01    7.5291E+01    4.9711E+01    1.3500E+01    4.2238E+00    1.6461E+01    1.5158E+01    1.2772E+01   
 3.8516E+01    4.8831E+01    5.4904E+01    1.9754E+01    1.5996E+01    1.4810E+01    7.5286E+01    4.9823E+01    1.3504E+01    4.2442E+00    1.6461E+01    1.5133E+01    1.2800E+01   
 3.9596E+01    4.8803E+01    5.4882E+01    1.9756E+01    1.5932E+01    1.4954E+01    7.5272E+01    4.9971E+01    1.3530E+01    4.2238E+00    1.6420E+01    1.5621E+01    1.2800E+01   
 4.0682E+01    4.8804E+01    5.4879E+01    1.9850E+01    1.6038E+01    1.5103E+01    7.5240E+01    5.0126E+01    1.3552E+01    4.2645E+00    1.6441E+01    1.5365E+01    1.2744E+01   
 4.1778E+01    4.8791E+01    5.4867E+01    1.9832E+01    1.5984E+01    1.5161E+01    7.5234E+01    5.0196E+01    1.3576E+01    4.2645E+00    1.6482E+01    1.5158E+01    1.2772E+01   
 4.2873E+01    4.8807E+01    5.4870E+01    1.9706E+01    1.6037E+01    1.5298E+01    7.5213E+01    5.0357E+01    1.3608E+01    4.2442E+00    1.6604E+01    1.5377E+01    1.2800E+01   
 4.3969E+01    4.8800E+01    5.4870E+01    1.9697E+01    1.5959E+01    1.5406E+01    7.5188E+01    5.0512E+01    1.3634E+01    4.2645E+00    1.6645E+01    1.5608E+01    1.2744E+01   
 4.5066E+01    4.8813E+01    5.4874E+01    1.9733E+01    1.6122E+01    1.5522E+01    7.5130E+01    5.0637E+01    1.3673E+01    4.2849E+00    1.6522E+01    1.5621E+01    1.2715E+01   
 4.6154E+01    4.8832E+01    5.4902E+01    1.9792E+01    1.6007E+01    1.5579E+01    7.5086E+01    5.0697E+01    1.3718E+01    4.2645E+00    1.6461E+01    1.5657E+01    1.2744E+01   
 4.7241E+01    4.8839E+01    5.4923E+01    1.9765E+01    1.6146E+01    1.5691E+01    7.5042E+01    5.0818E+01    1.3751E+01    4.3053E+00    1.6441E+01    1.5267E+01    1.2829E+01   
 4.8338E+01    4.8850E+01    5.4914E+01    1.9762E+01    1.6115E+01    1.5807E+01    7.5030E+01    5.0926E+01    1.3773E+01    4.2849E+00    1.6461E+01    1.5121E+01    1.2772E+01   
 4.9435E+01    4.8839E+01    5.4906E+01    1.9719E+01    1.6236E+01    1.5901E+01    7.5013E+01    5.0983E+01    1.3832E+01    4.3257E+00    1.6502E+01    1.5182E+01    1.2715E+01   
 5.0523E+01    4.8830E+01    5.4914E+01    1.9710E+01    1.6195E+01    1.5950E+01    7.5028E+01    5.1077E+01    1.3855E+01    4.3053E+00    1.6482E+01    1.5438E+01    1.2857E+01   
 5.1612E+01    4.8854E+01    5.4935E+01    1.9721E+01    1.6289E+01    1.6060E+01    7.5028E+01    5.1200E+01    1.3892E+01    4.3257E+00    1.6482E+01    1.5182E+01    1.2772E+01   
 5.2690E+01    4.8846E+01    5.4954E+01    1.9751E+01    1.6432E+01    1.6168E+01    7.5040E+01    5.1242E+01    1.3958E+01    4.3460E+00    1.6482E+01    1.5219E+01    1.2772E+01   
 5.3779E+01    4.8837E+01    5.4953E+01    1.9744E+01    1.6395E+01    1.6228E+01    7.5016E+01    5.1305E+01    1.4039E+01    4.3460E+00    1.6624E+01    1.5548E+01    1.2715E+01   
 5.4861E+01    4.8841E+01    5.4951E+01    1.9723E+01    1.6411E+01    1.6324E+01    7.4997E+01    5.1359E+01    1.4056E+01    4.3868E+00    1.6543E+01    1.5462E+01    1.2772E+01   
 5.5940E+01    4.8834E+01    5.4939E+01    1.9740E+01    1.6457E+01    1.6387E+01    7.5007E+01    5.1439E+01    1.4087E+01    4.3664E+00    1.6420E+01    1.5730E+01    1.2687E+01   
 5.7019E+01    4.8838E+01    5.4967E+01    1.9725E+01    1.6371E+01    1.6462E+01    7.5035E+01    5.1493E+01    1.4117E+01    4.3664E+00    1.6563E+01    1.5743E+01    1.2744E+01   
 5.8108E+01    4.8823E+01    5.4971E+01    1.9752E+01    1.6392E+01    1.6501E+01    7.5013E+01    5.1495E+01    1.4160E+01    4.3868E+00    1.6604E+01    1.5450E+01    1.2800E+01   
 5.9204E+01    4.8824E+01    5.4957E+01    1.9751E+01    1.6376E+01    1.6601E+01    7.4996E+01    5.1542E+01    1.4214E+01    4.3868E+00    1.6502E+01    1.5243E+01    1.2857E+01   
 6.0291E+01    4.8810E+01    5.4983E+01    1.9745E+01    1.6400E+01    1.6673E+01    7.4999E+01    5.1568E+01    1.4235E+01    4.4071E+00    1.6441E+01    1.5499E+01    1.2829E+01   
 6.1373E+01    4.8799E+01    5.4982E+01    1.9793E+01    1.6432E+01    1.6742E+01    7.4995E+01    5.1565E+01    1.4280E+01    4.4071E+00    1.6522E+01    1.5743E+01    1.2772E+01   
 6.2451E+01    4.8814E+01    5.4990E+01    1.9817E+01    1.6526E+01    1.6786E+01    7.4978E+01    5.1591E+01    1.4347E+01    4.4071E+00    1.6604E+01    1.5730E+01    1.2687E+01   
 6.3541E+01    4.8807E+01    5.5004E+01    1.9795E+01    1.6528E+01    1.6827E+01    7.4996E+01    5.1642E+01    1.4420E+01    4.4275E+00    1.6482E+01    1.5743E+01    1.2715E+01   
 6.4708E+01    4.8818E+01    5.5009E+01    1.9773E+01    1.6467E+01    1.6896E+01    7.5011E+01    5.1621E+01    1.4436E+01    4.4275E+00    1.6665E+01    1.5462E+01    1.2857E+01   
# Time (s)      T1w (C)       T2w (C)       T1a (C)       T2a (C)       T1r (C)       T2r (C)       T3r (C)       T4r (C)       P1 (bar)      P2 (bar)      Pow (W/100)      Qc (l/min)    
 6.5804E+01    4.8809E+01    5.5010E+01    1.9778E+01    1.6600E+01    1.6960E+01    7.5036E+01    5.1625E+01    1.4503E+01    4.3868E+00    1.6482E+01    1.5438E+01    1.2715E+01   
 6.6893E+01    4.8782E+01    5.4998E+01    1.9780E+01    1.6517E+01    1.6970E+01    7.5006E+01    5.1624E+01    1.4520E+01    4.4275E+00    1.6584E+01    1.5608E+01    1.2829E+01   
 6.7981E+01    4.8774E+01    5.4985E+01    1.9689E+01    1.6612E+01    1.7007E+01    7.4985E+01    5.1639E+01    1.4580E+01    4.4275E+00    1.6543E+01    1.5279E+01    1.2744E+01   
 6.9086E+01    4.8757E+01    5.4967E+01    1.9650E+01    1.6626E+01    1.7074E+01    7.4975E+01    5.1670E+01    1.4642E+01    4.4275E+00    1.6563E+01    1.5316E+01    1.2687E+01   
 7.0161E+01    4.8743E+01    5.4974E+01    1.9609E+01    1.6611E+01    1.7107E+01    7.4961E+01    5.1682E+01    1.4703E+01    4.4683E+00    1.6563E+01    1.5255E+01    1.2744E+01   
 7.1231E+01    4.8735E+01    5.4974E+01    1.9616E+01    1.6611E+01    1.7156E+01    7.5002E+01    5.1717E+01    1.4761E+01    4.4479E+00    1.6522E+01    1.5487E+01    1.2772E+01   
 7.2322E+01    4.8730E+01    5.4989E+01    1.9614E+01    1.6605E+01    1.7232E+01    7.5024E+01    5.1765E+01    1.4811E+01    4.4479E+00    1.6563E+01    1.5462E+01    1.2744E+01   
 7.3400E+01    4.8742E+01    5.4981E+01    1.9611E+01    1.6640E+01    1.7234E+01    7.5066E+01    5.1765E+01    1.4828E+01    4.4683E+00    1.6543E+01    1.5828E+01    1.2772E+01   
 7.4481E+01    4.8743E+01    5.5009E+01    1.9654E+01    1.6658E+01    1.7253E+01    7.5038E+01    5.1760E+01    1.4844E+01    4.4479E+00    1.6624E+01    1.5791E+01    1.2772E+01   
 7.5559E+01    4.8755E+01    5.5039E+01    1.9676E+01    1.6672E+01    1.7252E+01    7.4978E+01    5.1784E+01    1.4842E+01    4.4886E+00    1.6543E+01    1.5523E+01    1.2800E+01   
 7.6640E+01    4.8794E+01    5.5060E+01    1.9687E+01    1.6690E+01    1.7273E+01    7.4980E+01    5.1784E+01    1.4884E+01    4.4479E+00    1.6584E+01    1.5316E+01    1.2800E+01   
 7.7721E+01    4.8762E+01    5.5056E+01    1.9748E+01    1.6680E+01    1.7276E+01    7.4929E+01    5.1786E+01    1.4908E+01    4.4886E+00    1.6563E+01    1.5328E+01    1.2744E+01   
 7.8800E+01    4.8776E+01    5.5065E+01    1.9800E+01    1.6665E+01    1.7269E+01    7.4894E+01    5.1797E+01    1.4924E+01    4.5090E+00    1.6563E+01    1.5304E+01    1.2772E+01   
 7.9880E+01    4.8770E+01    5.5053E+01    1.9832E+01    1.6600E+01    1.7270E+01    7.4870E+01    5.1836E+01    1.4949E+01    4.4886E+00    1.6604E+01    1.5669E+01    1.2829E+01   
 8.0961E+01    4.8771E+01    5.5056E+01    1.9897E+01    1.6717E+01    1.7234E+01    7.4905E+01    5.1841E+01    1.4986E+01    4.4683E+00    1.6543E+01    1.5828E+01    1.2715E+01   
 8.2041E+01    4.8792E+01    5.5079E+01    1.9838E+01    1.6720E+01    1.7225E+01    7.4937E+01    5.1869E+01    1.5032E+01    4.4683E+00    1.6563E+01    1.5267E+01    1.2772E+01   
 8.3127E+01    4.8788E+01    5.5080E+01    1.9764E+01    1.6774E+01    1.7172E+01    7.4939E+01    5.1895E+01    1.5067E+01    4.4886E+00    1.6604E+01    1.5523E+01    1.2687E+01   
 8.4223E+01    4.8792E+01    5.5072E+01    1.9747E+01    1.6858E+01    1.7078E+01    7.4931E+01    5.1892E+01    1.5064E+01    4.4886E+00    1.6645E+01    1.5767E+01    1.2800E+01   
 8.5320E+01    4.8791E+01    5.5084E+01    1.9759E+01    1.6712E+01    1.6965E+01    7.4915E+01    5.1932E+01    1.5109E+01    4.5090E+00    1.6604E+01    1.5316E+01    1.2772E+01   
 8.6409E+01    4.8784E+01    5.5073E+01    1.9736E+01    1.6789E+01    1.6883E+01    7.4868E+01    5.1907E+01    1.5128E+01    4.5294E+00    1.6584E+01    1.5426E+01    1.2772E+01   
 8.7497E+01    4.8775E+01    5.5072E+01    1.9692E+01    1.6770E+01    1.6742E+01    7.4828E+01    5.1927E+01    1.5146E+01    4.5090E+00    1.6584E+01    1.5279E+01    1.2829E+01   
 8.8577E+01    4.8779E+01    5.5054E+01    1.9693E+01    1.6750E+01    1.6558E+01    7.4823E+01    5.1912E+01    1.5150E+01    4.5294E+00    1.6563E+01    1.5389E+01    1.2744E+01   
 8.9658E+01    4.8756E+01    5.5059E+01    1.9671E+01    1.6693E+01    1.6462E+01    7.4865E+01    5.1920E+01    1.5188E+01    4.5294E+00    1.6645E+01    1.5645E+01    1.2800E+01   
 9.0738E+01    4.8776E+01    5.5059E+01    1.9763E+01    1.6795E+01    1.6154E+01    7.4847E+01    5.1906E+01    1.5202E+01    4.5090E+00    1.6624E+01    1.5706E+01    1.2744E+01   
 9.1817E+01    4.8752E+01    5.5060E+01    1.9769E+01    1.6826E+01    1.5796E+01    7.4847E+01    5.1897E+01    1.5192E+01    4.5498E+00    1.6584E+01    1.5560E+01    1.2772E+01   
 9.2906E+01    4.8781E+01    5.5084E+01    1.9778E+01    1.6841E+01    1.5314E+01    7.4824E+01    5.1862E+01    1.5197E+01    4.5090E+00    1.6502E+01    1.5852E+01    1.2800E+01   
 9.3987E+01    4.8756E+01    5.5072E+01    1.9733E+01    1.6879E+01    1.5073E+01    7.4827E+01    5.1882E+01    1.5218E+01    4.5090E+00    1.6543E+01    1.5816E+01    1.2772E+01   
 9.5067E+01    4.8732E+01    5.5074E+01    1.9715E+01    1.6829E+01    1.4679E+01    7.4828E+01    5.1850E+01    1.5201E+01    4.5090E+00    1.6563E+01    1.5816E+01    1.2829E+01   
 9.6146E+01    4.8736E+01    5.5078E+01    1.9699E+01    1.6862E+01    1.4405E+01    7.4808E+01    5.1830E+01    1.5197E+01    4.4886E+00    1.6584E+01    1.5645E+01    1.2744E+01   
 9.7226E+01    4.8728E+01    5.5091E+01    1.9705E+01    1.6831E+01    1.4137E+01    7.4788E+01    5.1743E+01    1.5159E+01    4.4683E+00    1.6522E+01    1.5377E+01    1.2687E+01   
# Time (s)      T1w (C)       T2w (C)       T1a (C)       T2a (C)       T1r (C)       T2r (C)       T3r (C)       T4r (C)       P1 (bar)      P2 (bar)      Pow (W/100)      Qc (l/min)    
 9.8307E+01    4.8741E+01    5.5110E+01    1.9694E+01    1.6814E+01    1.4022E+01    7.4777E+01    5.1694E+01    1.5118E+01    4.5090E+00    1.6604E+01    1.5292E+01    1.2772E+01   
 9.9388E+01    4.8755E+01    5.5140E+01    1.9708E+01    1.6832E+01    1.3763E+01    7.4789E+01    5.1619E+01    1.5094E+01    4.5090E+00    1.6808E+01    1.5401E+01    1.2744E+01   
 1.0048E+02    4.8775E+01    5.5175E+01    1.9717E+01    1.6901E+01    1.3562E+01    7.4835E+01    5.1512E+01    1.5033E+01    4.4886E+00    1.6584E+01    1.5389E+01    1.2687E+01   
 1.0158E+02    4.8780E+01    5.5181E+01    1.9750E+01    1.6889E+01    1.3476E+01    7.4891E+01    5.1449E+01    1.4981E+01    4.4886E+00    1.6726E+01    1.5438E+01    1.2744E+01   
 1.0267E+02    4.8771E+01    5.5191E+01    1.9746E+01    1.6850E+01    1.3289E+01    7.4894E+01    5.1295E+01    1.4893E+01    4.4683E+00    1.6849E+01    1.5889E+01    1.2772E+01   
 1.0376E+02    4.8769E+01    5.5205E+01    1.9737E+01    1.6782E+01    1.3096E+01    7.4883E+01    5.1157E+01    1.4826E+01    4.4479E+00    1.6624E+01    1.5401E+01    1.2800E+01   
 1.0486E+02    4.8793E+01    5.5220E+01    1.9774E+01    1.6793E+01    1.2927E+01    7.4883E+01    5.0992E+01    1.4730E+01    4.4275E+00    1.6686E+01    1.5426E+01    1.2800E+01   
 1.0595E+02    4.8786E+01    5.5235E+01    1.9771E+01    1.6747E+01    1.2850E+01    7.4851E+01    5.0916E+01    1.4670E+01    4.4479E+00    1.6726E+01    1.5718E+01    1.2772E+01   
 1.0704E+02    4.8783E+01    5.5238E+01    1.9752E+01    1.6727E+01    1.2718E+01    7.4862E+01    5.0758E+01    1.4558E+01    4.4275E+00    1.6706E+01    1.5353E+01    1.2744E+01   
 1.0816E+02    4.8775E+01    5.5257E+01    1.9753E+01    1.6708E+01    1.2615E+01    7.4911E+01    5.0630E+01    1.4519E+01    4.4071E+00    1.6686E+01    1.5340E+01    1.2772E+01   
 1.0923E+02    4.8776E+01    5.5263E+01    1.9730E+01    1.6668E+01    1.2511E+01    7.4989E+01    5.0466E+01    1.4432E+01    4.4071E+00    1.6645E+01    1.5353E+01    1.2829E+01   
 1.1032E+02    4.8781E+01    5.5260E+01    1.9780E+01    1.6605E+01    1.2472E+01    7.5040E+01    5.0352E+01    1.4315E+01    4.3868E+00    1.6624E+01    1.5621E+01    1.2829E+01   
 1.1140E+02    4.8777E+01    5.5266E+01    1.9747E+01    1.6500E+01    1.2382E+01    7.5091E+01    5.0178E+01    1.4219E+01    4.4071E+00    1.6706E+01    1.5852E+01    1.2829E+01   
 1.1248E+02    4.8789E+01    5.5271E+01    1.9753E+01    1.6405E+01    1.2299E+01    7.5119E+01    4.9994E+01    1.4174E+01    4.3868E+00    1.6808E+01    1.5511E+01    1.2744E+01   
 1.1359E+02    4.8803E+01    5.5288E+01    1.9796E+01    1.6422E+01    1.2221E+01    7.5178E+01    4.9819E+01    1.4073E+01    4.3460E+00    1.6686E+01    1.5328E+01    1.2857E+01   
 1.1468E+02    4.8800E+01    5.5282E+01    1.9775E+01    1.6270E+01    1.2163E+01    7.5198E+01    4.9734E+01    1.3962E+01    4.3460E+00    1.6686E+01    1.5316E+01    1.2744E+01   
 1.1576E+02    4.8794E+01    5.5279E+01    1.9769E+01    1.6239E+01    1.2197E+01    7.5230E+01    4.9600E+01    1.3854E+01    4.3053E+00    1.6869E+01    1.5328E+01    1.2715E+01   
 1.1685E+02    4.8810E+01    5.5282E+01    1.9814E+01    1.6164E+01    1.2242E+01    7.5239E+01    4.9488E+01    1.3874E+01    4.2849E+00    1.6726E+01    1.5304E+01    1.2772E+01   
 1.1793E+02    4.8790E+01    5.5247E+01    1.9805E+01    1.6133E+01    1.2288E+01    7.5234E+01    4.9434E+01    1.3794E+01    4.3053E+00    1.6747E+01    1.5292E+01    1.2800E+01   
 1.1901E+02    4.8789E+01    5.5253E+01    1.9781E+01    1.6100E+01    1.2408E+01    7.5212E+01    4.9285E+01    1.3721E+01    4.2645E+00    1.6788E+01    1.5304E+01    1.2772E+01   
 1.2009E+02    4.8789E+01    5.5243E+01    1.9826E+01    1.5974E+01    1.2534E+01    7.5209E+01    4.9166E+01    1.3665E+01    4.2645E+00    1.6726E+01    1.5535E+01    1.2744E+01   
 1.2117E+02    4.8784E+01    5.5225E+01    1.9782E+01    1.5941E+01    1.2688E+01    7.5178E+01    4.9119E+01    1.3597E+01    4.2238E+00    1.6624E+01    1.5353E+01    1.2715E+01   
 1.2226E+02    4.8777E+01    5.5211E+01    1.9805E+01    1.6099E+01    1.2769E+01    7.5156E+01    4.9093E+01    1.3528E+01    4.2034E+00    1.6767E+01    1.5194E+01    1.2772E+01   
 1.2335E+02    4.8765E+01    5.5167E+01    1.9843E+01    1.5970E+01    1.2958E+01    7.5111E+01    4.9031E+01    1.3466E+01    4.2442E+00    1.6584E+01    1.5182E+01    1.2744E+01   
 1.2444E+02    4.8775E+01    5.5121E+01    1.9827E+01    1.6061E+01    1.3123E+01    7.5102E+01    4.9019E+01    1.3452E+01    4.2034E+00    1.6563E+01    1.5462E+01    1.2715E+01   
 1.2554E+02    4.8755E+01    5.5082E+01    1.9818E+01    1.6118E+01    1.3319E+01    7.5083E+01    4.9048E+01    1.3438E+01    4.1831E+00    1.6543E+01    1.5243E+01    1.2715E+01   
 1.2662E+02    4.8768E+01    5.5047E+01    1.9796E+01    1.6051E+01    1.3404E+01    7.5106E+01    4.9059E+01    1.3440E+01    4.2034E+00    1.6543E+01    1.5219E+01    1.2857E+01   
 1.2769E+02    4.8759E+01    5.5002E+01    1.9820E+01    1.5975E+01    1.3603E+01    7.5120E+01    4.9099E+01    1.3434E+01    4.2034E+00    1.6543E+01    1.5158E+01    1.2744E+01   
 1.2877E+02    4.8762E+01    5.4984E+01    1.9821E+01    1.6045E+01    1.3768E+01    7.5161E+01    4.9153E+01    1.3435E+01    4.2238E+00    1.6543E+01    1.5170E+01    1.2687E+01   
 1.2986E+02    4.8775E+01    5.4968E+01    1.9822E+01    1.5922E+01    1.3867E+01    7.5227E+01    4.9171E+01    1.3436E+01    4.2238E+00    1.6441E+01    1.5085E+01    1.2744E+01   
# Time (s)      T1w (C)       T2w (C)       T1a (C)       T2a (C)       T1r (C)       T2r (C)       T3r (C)       T4r (C)       P1 (bar)      P2 (bar)      Pow (W/100)      Qc (l/min)    
 1.3094E+02    4.8748E+01    5.4918E+01    1.9822E+01    1.5903E+01    1.4056E+01    7.5270E+01    4.9272E+01    1.3475E+01    4.2034E+00    1.6522E+01    1.5170E+01    1.2715E+01   
 1.3203E+02    4.8752E+01    5.4890E+01    1.9812E+01    1.5896E+01    1.4221E+01    7.5303E+01    4.9393E+01    1.3477E+01    4.2034E+00    1.6482E+01    1.5316E+01    1.2744E+01   
 1.3312E+02    4.8764E+01    5.4869E+01    1.9829E+01    1.5963E+01    1.4392E+01    7.5375E+01    4.9482E+01    1.3478E+01    4.2034E+00    1.6584E+01    1.5316E+01    1.2772E+01   
 1.3421E+02    4.8776E+01    5.4870E+01    1.9789E+01    1.6164E+01    1.4448E+01    7.5444E+01    4.9556E+01    1.3533E+01    4.2442E+00    1.6563E+01    1.5145E+01    1.2829E+01   
 1.3529E+02    4.8774E+01    5.4858E+01    1.9832E+01    1.5949E+01    1.4618E+01    7.5458E+01    4.9635E+01    1.3546E+01    4.2442E+00    1.6461E+01    1.5267E+01    1.2829E+01   
 1.3637E+02    4.8777E+01    5.4846E+01    1.9839E+01    1.5918E+01    1.4735E+01    7.5459E+01    4.9788E+01    1.3546E+01    4.2442E+00    1.6339E+01    1.5608E+01    1.2715E+01   
 1.3746E+02    4.8782E+01    5.4834E+01    1.9807E+01    1.6004E+01    1.4789E+01    7.5498E+01    4.9905E+01    1.3564E+01    4.2645E+00    1.6502E+01    1.5194E+01    1.2715E+01   
 1.3855E+02    4.8787E+01    5.4821E+01    1.9808E+01    1.5999E+01    1.4949E+01    7.5467E+01    4.9960E+01    1.3620E+01    4.2442E+00    1.6339E+01    1.5170E+01    1.2800E+01   
 1.3965E+02    4.8781E+01    5.4840E+01    1.9800E+01    1.6014E+01    1.5089E+01    7.5463E+01    5.0111E+01    1.3673E+01    4.2238E+00    1.6400E+01    1.5645E+01    1.2715E+01   
 1.4074E+02    4.8779E+01    5.4845E+01    1.9765E+01    1.6166E+01    1.5228E+01    7.5397E+01    5.0283E+01    1.3688E+01    4.2238E+00    1.6441E+01    1.5243E+01    1.2687E+01   
 1.4184E+02    4.8792E+01    5.4854E+01    1.9802E+01    1.6116E+01    1.5281E+01    7.5311E+01    5.0415E+01    1.3692E+01    4.2442E+00    1.6461E+01    1.5511E+01    1.2744E+01   
 1.4299E+02    4.8786E+01    5.4849E+01    1.9830E+01    1.6193E+01    1.5427E+01    7.5257E+01    5.0472E+01    1.3743E+01    4.2849E+00    1.6420E+01    1.5645E+01    1.2857E+01   
 1.4408E+02    4.8775E+01    5.4825E+01    1.9887E+01    1.6204E+01    1.5528E+01    7.5198E+01    5.0583E+01    1.3797E+01    4.2849E+00    1.6441E+01    1.5548E+01    1.2772E+01   
 1.4520E+02    4.8755E+01    5.4827E+01    1.9986E+01    1.6141E+01    1.5658E+01    7.5171E+01    5.0706E+01    1.3788E+01    4.2849E+00    1.6584E+01    1.5182E+01    1.2744E+01   
 1.4629E+02    4.8768E+01    5.4841E+01    1.9856E+01    1.6213E+01    1.5708E+01    7.5102E+01    5.0832E+01    1.3841E+01    4.2849E+00    1.6624E+01    1.5182E+01    1.2744E+01   
 1.4737E+02    4.8748E+01    5.4815E+01    1.9797E+01    1.6246E+01    1.5818E+01    7.5106E+01    5.0897E+01    1.3911E+01    4.2849E+00    1.6380E+01    1.5158E+01    1.2715E+01   
 1.4846E+02    4.8770E+01    5.4844E+01    1.9832E+01    1.6315E+01    1.5931E+01    7.5064E+01    5.0970E+01    1.3952E+01    4.3053E+00    1.6502E+01    1.5158E+01    1.2715E+01   
 1.4955E+02    4.8739E+01    5.4824E+01    1.9756E+01    1.6280E+01    1.6005E+01    7.5024E+01    5.1035E+01    1.3938E+01    4.3053E+00    1.6420E+01    1.5292E+01    1.2772E+01   
 1.5063E+02    4.8726E+01    5.4813E+01    1.9741E+01    1.6441E+01    1.6038E+01    7.4965E+01    5.1067E+01    1.3974E+01    4.3460E+00    1.6563E+01    1.5414E+01    1.2772E+01   
 1.5173E+02    4.8721E+01    5.4825E+01    1.9723E+01    1.6398E+01    1.6103E+01    7.4935E+01    5.1142E+01    1.4024E+01    4.3257E+00    1.6482E+01    1.5401E+01    1.2772E+01   
 1.5282E+02    4.8723E+01    5.4837E+01    1.9756E+01    1.6373E+01    1.6212E+01    7.4960E+01    5.1230E+01    1.4039E+01    4.3460E+00    1.6420E+01    1.5243E+01    1.2857E+01   
 1.5391E+02    4.8717E+01    5.4821E+01    1.9985E+01    1.6335E+01    1.6285E+01    7.5005E+01    5.1276E+01    1.4098E+01    4.3460E+00    1.6604E+01    1.5194E+01    1.2772E+01   
 1.5499E+02    4.8708E+01    5.4837E+01    2.0054E+01    1.6427E+01    1.6316E+01    7.4989E+01    5.1319E+01    1.4149E+01    4.3868E+00    1.6441E+01    1.5219E+01    1.2687E+01   
 1.5608E+02    4.8735E+01    5.4846E+01    1.9947E+01    1.6458E+01    1.6409E+01    7.5001E+01    5.1365E+01    1.4170E+01    4.3868E+00    1.6584E+01    1.5292E+01    1.2744E+01   
 1.5717E+02    4.8722E+01    5.4846E+01    1.9965E+01    1.6500E+01    1.6484E+01    7.5010E+01    5.1393E+01    1.4184E+01    4.3868E+00    1.6502E+01    1.5511E+01    1.2744E+01   
 1.5826E+02    4.8722E+01    5.4863E+01    2.0078E+01    1.6290E+01    1.6572E+01    7.5005E+01    5.1422E+01    1.4227E+01    4.4071E+00    1.6441E+01    1.5743E+01    1.2687E+01   
 1.5935E+02    4.8702E+01    5.4853E+01    1.9997E+01    1.6361E+01    1.6624E+01    7.4990E+01    5.1462E+01    1.4286E+01    4.3868E+00    1.6604E+01    1.5584E+01    1.2744E+01   
 1.6044E+02    4.8706E+01    5.4862E+01    2.0006E+01    1.6390E+01    1.6688E+01    7.4951E+01    5.1485E+01    1.4317E+01    4.3868E+00    1.6482E+01    1.5499E+01    1.2687E+01   
 1.6152E+02    4.8698E+01    5.4876E+01    1.9908E+01    1.6475E+01    1.6772E+01    7.4923E+01    5.1502E+01    1.4378E+01    4.4275E+00    1.6461E+01    1.5316E+01    1.2744E+01   
 1.6261E+02    4.8706E+01    5.4882E+01    1.9792E+01    1.6412E+01    1.6792E+01    7.4952E+01    5.1508E+01    1.4395E+01    4.4275E+00    1.6502E+01    1.5633E+01    1.2800E+01   
# Time (s)      T1w (C)       T2w (C)       T1a (C)       T2a (C)       T1r (C)       T2r (C)       T3r (C)       T4r (C)       P1 (bar)      P2 (bar)      Pow (W/100)      Qc (l/min)    
 1.6371E+02    4.8712E+01    5.4886E+01    1.9812E+01    1.6426E+01    1.6842E+01    7.4980E+01    5.1473E+01    1.4422E+01    4.4071E+00    1.6461E+01    1.5462E+01    1.2857E+01   
 1.6479E+02    4.8716E+01    5.4889E+01    1.9848E+01    1.6494E+01    1.6883E+01    7.4985E+01    5.1499E+01    1.4460E+01    4.4275E+00    1.6584E+01    1.5487E+01    1.2829E+01   
 1.6588E+02    4.8704E+01    5.4897E+01    1.9872E+01    1.6482E+01    1.6950E+01    7.4977E+01    5.1506E+01    1.4471E+01    4.4275E+00    1.6502E+01    1.5231E+01    1.2744E+01   
 1.6698E+02    4.8699E+01    5.4896E+01    1.9869E+01    1.6519E+01    1.6984E+01    7.4955E+01    5.1536E+01    1.4540E+01    4.4275E+00    1.6522E+01    1.5279E+01    1.2772E+01   
 1.6806E+02    4.8710E+01    5.4918E+01    1.9860E+01    1.6565E+01    1.7063E+01    7.4957E+01    5.1525E+01    1.4596E+01    4.4275E+00    1.6441E+01    1.5365E+01    1.2800E+01   
 1.6915E+02    4.8713E+01    5.4934E+01    1.9889E+01    1.6633E+01    1.7107E+01    7.4959E+01    5.1547E+01    1.4671E+01    4.4479E+00    1.6502E+01    1.5292E+01    1.2800E+01   
 1.7031E+02    4.8735E+01    5.4951E+01    1.9877E+01    1.6653E+01    1.7163E+01    7.4940E+01    5.1590E+01    1.4699E+01    4.4479E+00    1.6441E+01    1.5304E+01    1.2772E+01   
 1.7140E+02    4.8715E+01    5.4938E+01    1.9835E+01    1.6653E+01    1.7195E+01    7.4902E+01    5.1612E+01    1.4738E+01    4.4683E+00    1.6604E+01    1.5279E+01    1.2715E+01   
 1.7248E+02    4.8717E+01    5.4947E+01    1.9784E+01    1.6663E+01    1.7242E+01    7.4888E+01    5.1623E+01    1.4786E+01    4.4479E+00    1.6482E+01    1.5791E+01    1.2829E+01   
 1.7357E+02    4.8688E+01    5.4925E+01    1.9737E+01    1.6711E+01    1.7290E+01    7.4886E+01    5.1677E+01    1.4838E+01    4.4886E+00    1.6584E+01    1.5426E+01    1.2772E+01   
 1.7464E+02    4.8718E+01    5.4951E+01    1.9798E+01    1.6736E+01    1.7331E+01    7.4858E+01    5.1697E+01    1.4864E+01    4.4886E+00    1.6624E+01    1.5279E+01    1.2744E+01   
 1.7572E+02    4.8707E+01    5.4955E+01    1.9760E+01    1.6839E+01    1.7347E+01    7.4883E+01    5.1734E+01    1.4919E+01    4.4886E+00    1.6502E+01    1.5365E+01    1.2744E+01   
 1.7680E+02    4.8683E+01    5.4939E+01    1.9759E+01    1.6707E+01    1.7386E+01    7.4889E+01    5.1754E+01    1.4963E+01    4.4683E+00    1.6482E+01    1.5365E+01    1.2744E+01   
 1.7789E+02    4.8704E+01    5.4968E+01    1.9814E+01    1.6763E+01    1.7388E+01    7.4885E+01    5.1736E+01    1.4969E+01    4.5090E+00    1.6543E+01    1.5474E+01    1.2744E+01   
 1.7898E+02    4.8695E+01    5.4956E+01    1.9846E+01    1.6694E+01    1.7393E+01    7.4883E+01    5.1765E+01    1.5000E+01    4.4886E+00    1.6543E+01    1.5791E+01    1.2800E+01   
 1.8007E+02    4.8720E+01    5.4979E+01    1.9943E+01    1.6788E+01    1.7414E+01    7.4906E+01    5.1780E+01    1.5043E+01    4.5090E+00    1.6584E+01    1.5828E+01    1.2772E+01   
 1.8116E+02    4.8720E+01    5.4994E+01    1.9984E+01    1.6786E+01    1.7411E+01    7.4927E+01    5.1809E+01    1.5069E+01    4.5090E+00    1.6543E+01    1.5816E+01    1.2829E+01   
 1.8225E+02    4.8714E+01    5.4985E+01    1.9807E+01    1.6805E+01    1.7384E+01    7.4917E+01    5.1830E+01    1.5102E+01    4.4886E+00    1.6502E+01    1.5791E+01    1.2744E+01   
 1.8333E+02    4.8730E+01    5.4999E+01    1.9918E+01    1.6853E+01    1.7369E+01    7.4886E+01    5.1809E+01    1.5131E+01    4.4886E+00    1.6584E+01    1.5548E+01    1.2744E+01   
 1.8442E+02    4.8741E+01    5.5011E+01    1.9837E+01    1.6833E+01    1.7295E+01    7.4829E+01    5.1804E+01    1.5144E+01    4.4886E+00    1.6522E+01    1.5438E+01    1.2800E+01   
 1.8551E+02    4.8728E+01    5.5013E+01    1.9848E+01    1.6917E+01    1.7236E+01    7.4816E+01    5.1805E+01    1.5152E+01    4.5090E+00    1.6665E+01    1.5523E+01    1.2800E+01   
 1.8660E+02    4.8735E+01    5.5014E+01    1.9944E+01    1.6852E+01    1.7126E+01    7.4799E+01    5.1791E+01    1.5170E+01    4.5090E+00    1.6522E+01    1.5438E+01    1.2772E+01   
 1.8769E+02    4.8724E+01    5.4999E+01    1.9998E+01    1.6932E+01    1.7085E+01    7.4797E+01    5.1811E+01    1.5216E+01    4.5294E+00    1.6461E+01    1.5292E+01    1.2715E+01   
 1.8877E+02    4.8719E+01    5.4997E+01    1.9989E+01    1.6834E+01    1.6923E+01    7.4768E+01    5.1806E+01    1.5231E+01    4.5294E+00    1.6584E+01    1.5292E+01    1.2744E+01   
 1.8986E+02    4.8719E+01    5.4995E+01    1.9984E+01    1.6909E+01    1.6732E+01    7.4757E+01    5.1808E+01    1.5262E+01    4.5498E+00    1.6624E+01    1.5340E+01    1.2744E+01   
 1.9096E+02    4.8704E+01    5.4997E+01    1.9979E+01    1.6874E+01    1.6590E+01    7.4747E+01    5.1810E+01    1.5278E+01    4.5498E+00    1.6604E+01    1.5730E+01    1.2829E+01   
 1.9205E+02    4.8708E+01    5.4991E+01    1.9879E+01    1.6898E+01    1.6298E+01    7.4759E+01    5.1817E+01    1.5282E+01    4.5294E+00    1.6482E+01    1.5828E+01    1.2744E+01   
 1.9314E+02    4.8686E+01    5.4973E+01    1.9808E+01    1.6889E+01    1.5853E+01    7.4769E+01    5.1821E+01    1.5291E+01    4.5294E+00    1.6461E+01    1.5487E+01    1.2744E+01   
 1.9422E+02    4.8667E+01    5.4993E+01    1.9824E+01    1.6945E+01    1.5324E+01    7.4749E+01    5.1827E+01    1.5287E+01    4.5294E+00    1.6665E+01    1.5791E+01    1.2772E+01   
 1.9530E+02    4.8701E+01    5.5010E+01    1.9782E+01    1.6936E+01    1.5079E+01    7.4717E+01    5.1808E+01    1.5284E+01    4.5294E+00    1.6543E+01    1.5645E+01    1.2772E+01   
# Time (s)      T1w (C)       T2w (C)       T1a (C)       T2a (C)       T1r (C)       T2r (C)       T3r (C)       T4r (C)       P1 (bar)      P2 (bar)      Pow (W/100)      Qc (l/min)    
 1.9639E+02    4.8695E+01    5.5026E+01    1.9837E+01    1.6964E+01    1.4707E+01    7.4707E+01    5.1806E+01    1.5279E+01    4.5294E+00    1.6584E+01    1.5877E+01    1.2715E+01   
 1.9747E+02    4.8691E+01    5.5042E+01    1.9833E+01    1.6974E+01    1.4392E+01    7.4699E+01    5.1772E+01    1.5247E+01    4.5294E+00    1.6604E+01    1.5730E+01    1.2772E+01   
 1.9855E+02    4.8710E+01    5.5056E+01    1.9825E+01    1.7028E+01    1.4137E+01    7.4657E+01    5.1677E+01    1.5215E+01    4.4886E+00    1.6543E+01    1.5791E+01    1.2744E+01   
 1.9964E+02    4.8695E+01    5.5071E+01    1.9817E+01    1.7006E+01    1.4022E+01    7.4629E+01    5.1640E+01    1.5173E+01    4.5090E+00    1.6747E+01    1.5743E+01    1.2715E+01   
 2.0073E+02    4.8715E+01    5.5100E+01    1.9800E+01    1.6923E+01    1.3803E+01    7.4653E+01    5.1548E+01    1.5105E+01    4.4683E+00    1.6686E+01    1.5365E+01    1.2744E+01   
 2.0186E+02    4.8712E+01    5.5080E+01    1.9772E+01    1.6902E+01    1.3599E+01    7.4647E+01    5.1431E+01    1.5053E+01    4.4886E+00    1.6604E+01    1.5353E+01    1.2800E+01   
 2.0294E+02    4.8677E+01    5.5078E+01    1.9721E+01    1.6849E+01    1.3496E+01    7.4663E+01    5.1319E+01    1.4980E+01    4.4479E+00    1.6584E+01    1.5426E+01    1.2772E+01   
 2.0402E+02    4.8658E+01    5.5065E+01    1.9738E+01    1.6856E+01    1.3318E+01    7.4647E+01    5.1255E+01    1.4928E+01    4.4683E+00    1.6645E+01    1.5840E+01    1.2744E+01   
 2.0510E+02    4.8633E+01    5.5074E+01    1.9745E+01    1.6788E+01    1.3169E+01    7.4637E+01    5.1127E+01    1.4848E+01    4.4479E+00    1.6624E+01    1.5353E+01    1.2772E+01   
 2.0618E+02    4.8649E+01    5.5088E+01    1.9834E+01    1.6791E+01    1.3036E+01    7.4613E+01    5.0970E+01    1.4791E+01    4.4683E+00    1.6645E+01    1.5316E+01    1.2772E+01   
 2.0726E+02    4.8648E+01    5.5107E+01    1.9770E+01    1.6764E+01    1.2944E+01    7.4647E+01    5.0800E+01    1.4701E+01    4.4479E+00    1.6645E+01    1.5353E+01    1.2715E+01   
 2.0834E+02    4.8665E+01    5.5139E+01    1.9742E+01    1.6727E+01    1.2820E+01    7.4715E+01    5.0723E+01    1.4605E+01    4.4479E+00    1.6624E+01    1.5499E+01    1.2772E+01   
 2.0942E+02    4.8674E+01    5.5157E+01    1.9758E+01    1.6656E+01    1.2675E+01    7.4716E+01    5.0559E+01    1.4509E+01    4.4275E+00    1.6686E+01    1.5633E+01    1.2800E+01   
 2.1050E+02    4.8668E+01    5.5132E+01    1.9712E+01    1.6615E+01    1.2562E+01    7.4776E+01    5.0372E+01    1.4438E+01    4.4071E+00    1.6706E+01    1.5499E+01    1.2829E+01   
 2.1158E+02    4.8668E+01    5.5129E+01    1.9768E+01    1.6473E+01    1.2519E+01    7.4828E+01    5.0304E+01    1.4337E+01    4.4275E+00    1.6665E+01    1.5340E+01    1.2715E+01   
 2.1267E+02    4.8647E+01    5.5131E+01    1.9750E+01    1.6489E+01    1.2438E+01    7.4842E+01    5.0111E+01    1.4249E+01    4.3868E+00    1.6726E+01    1.5462E+01    1.2744E+01   
 2.1375E+02    4.8648E+01    5.5116E+01    1.9788E+01    1.6406E+01    1.2368E+01    7.4919E+01    4.9938E+01    1.4203E+01    4.3868E+00    1.6604E+01    1.5548E+01    1.2800E+01   
 2.1483E+02    4.8646E+01    5.5137E+01    1.9782E+01    1.6335E+01    1.2342E+01    7.4981E+01    4.9784E+01    1.4077E+01    4.3257E+00    1.6828E+01    1.5304E+01    1.2687E+01   
 2.1591E+02    4.8631E+01    5.5129E+01    1.9724E+01    1.6233E+01    1.2311E+01    7.5034E+01    4.9699E+01    1.3992E+01    4.3257E+00    1.6726E+01    1.5316E+01    1.2800E+01   
 2.1700E+02    4.8650E+01    5.5130E+01    1.9746E+01    1.6218E+01    1.2342E+01    7.5052E+01    4.9509E+01    1.3884E+01    4.3257E+00    1.6645E+01    1.5791E+01    1.2658E+01   
 2.1811E+02    4.8641E+01    5.5128E+01    1.9729E+01    1.6043E+01    1.2414E+01    7.5085E+01    4.9335E+01    1.3841E+01    4.2849E+00    1.6645E+01    1.5816E+01    1.2772E+01   
 2.1919E+02    4.8641E+01    5.5122E+01    1.9677E+01    1.6124E+01    1.2461E+01    7.5069E+01    4.9202E+01    1.3743E+01    4.3053E+00    1.6686E+01    1.5779E+01    1.2744E+01   
 2.2027E+02    4.8644E+01    5.5116E+01    1.9689E+01    1.6070E+01    1.2572E+01    7.5050E+01    4.9145E+01    1.3641E+01    4.2645E+00    1.6665E+01    1.5767E+01    1.2772E+01   
 2.2135E+02    4.8657E+01    5.5097E+01    1.9681E+01    1.6015E+01    1.2733E+01    7.5035E+01    4.9053E+01    1.3638E+01    4.2442E+00    1.6624E+01    1.5584E+01    1.2744E+01   
 2.2243E+02    4.8648E+01    5.5060E+01    1.9737E+01    1.6006E+01    1.2812E+01    7.5026E+01    4.9023E+01    1.3550E+01    4.2442E+00    1.6624E+01    1.5487E+01    1.2772E+01   
 2.2351E+02    4.8649E+01    5.5041E+01    1.9786E+01    1.5883E+01    1.2992E+01    7.5038E+01    4.9031E+01    1.3481E+01    4.2442E+00    1.6522E+01    1.5669E+01    1.2772E+01   
 2.2460E+02    4.8667E+01    5.5017E+01    1.9804E+01    1.5982E+01    1.3165E+01    7.5047E+01    4.9033E+01    1.3451E+01    4.2238E+00    1.6543E+01    1.5414E+01    1.2715E+01   
 2.2568E+02    4.8675E+01    5.4973E+01    1.9787E+01    1.6102E+01    1.3365E+01    7.5109E+01    4.9029E+01    1.3445E+01    4.2442E+00    1.6420E+01    1.5304E+01    1.2744E+01   
 2.2677E+02    4.8688E+01    5.4921E+01    1.9809E+01    1.5968E+01    1.3480E+01    7.5218E+01    4.9042E+01    1.3504E+01    4.2238E+00    1.6624E+01    1.5133E+01    1.2800E+01   
 2.2786E+02    4.8667E+01    5.4889E+01    1.9755E+01    1.6045E+01    1.3677E+01    7.5298E+01    4.9066E+01    1.3517E+01    4.2034E+00    1.6604E+01    1.5121E+01    1.2772E+01   
# Time (s)      T1w (C)       T2w (C)       T1a (C)       T2a (C)       T1r (C)       T2r (C)       T3r (C)       T4r (C)       P1 (bar)      P2 (bar)      Pow (W/100)      Qc (l/min)    
 2.2894E+02    4.8668E+01    5.4835E+01    1.9745E+01    1.5965E+01    1.3857E+01    7.5347E+01    4.9103E+01    1.3505E+01    4.2238E+00    1.6563E+01    1.5145E+01    1.2744E+01   
 2.3002E+02    4.8682E+01    5.4828E+01    1.9770E+01    1.6052E+01    1.4045E+01    7.5406E+01    4.9181E+01    1.3518E+01    4.2238E+00    1.6380E+01    1.5608E+01    1.2800E+01   
 2.3112E+02    4.8706E+01    5.4837E+01    1.9780E+01    1.6147E+01    1.4136E+01    7.5470E+01    4.9259E+01    1.3515E+01    4.2442E+00    1.6420E+01    1.5170E+01    1.2800E+01   
 2.3221E+02    4.8699E+01    5.4824E+01    1.9826E+01    1.5932E+01    1.4298E+01    7.5514E+01    4.9323E+01    1.3532E+01    4.2442E+00    1.6482E+01    1.5158E+01    1.2772E+01   
 2.3331E+02    4.8721E+01    5.4826E+01    1.9784E+01    1.5938E+01    1.4458E+01    7.5510E+01    4.9417E+01    1.3576E+01    4.2238E+00    1.6441E+01    1.5572E+01    1.2772E+01   
 2.3440E+02    4.8715E+01    5.4816E+01    1.9771E+01    1.6028E+01    1.4608E+01    7.5466E+01    4.9541E+01    1.3604E+01    4.2442E+00    1.6502E+01    1.5109E+01    1.2744E+01   
 2.3551E+02    4.8701E+01    5.4792E+01    1.9746E+01    1.5993E+01    1.4683E+01    7.5425E+01    4.9721E+01    1.3656E+01    4.2442E+00    1.6380E+01    1.5365E+01    1.2772E+01   
 2.3660E+02    4.8686E+01    5.4767E+01    1.9700E+01    1.6107E+01    1.4833E+01    7.5341E+01    4.9796E+01    1.3657E+01    4.2645E+00    1.6441E+01    1.5572E+01    1.2744E+01   
 2.3769E+02    4.8670E+01    5.4772E+01    1.9721E+01    1.6112E+01    1.4963E+01    7.5301E+01    4.9936E+01    1.3678E+01    4.2442E+00    1.6380E+01    1.5438E+01    1.2744E+01   
 2.3878E+02    4.8682E+01    5.4775E+01    1.9768E+01    1.5977E+01    1.5050E+01    7.5232E+01    5.0082E+01    1.3693E+01    4.2238E+00    1.6482E+01    1.5340E+01    1.2658E+01   
 2.3987E+02    4.8688E+01    5.4799E+01    1.9826E+01    1.6088E+01    1.5179E+01    7.5177E+01    5.0158E+01    1.3745E+01    4.2645E+00    1.6400E+01    1.5231E+01    1.2829E+01   
 2.4096E+02    4.8693E+01    5.4780E+01    1.9823E+01    1.6125E+01    1.5313E+01    7.5146E+01    5.0307E+01    1.3791E+01    4.2849E+00    1.6400E+01    1.5158E+01    1.2885E+01   
 2.4209E+02    4.8678E+01    5.4754E+01    1.9826E+01    1.6106E+01    1.5440E+01    7.5109E+01    5.0425E+01    1.3825E+01    4.3053E+00    1.6318E+01    1.5109E+01    1.2800E+01   
 2.4316E+02    4.8686E+01    5.4749E+01    1.9856E+01    1.6233E+01    1.5494E+01    7.5102E+01    5.0550E+01    1.3849E+01    4.2849E+00    1.6400E+01    1.5121E+01    1.2744E+01   
 2.4425E+02    4.8658E+01    5.4744E+01    1.9832E+01    1.6247E+01    1.5590E+01    7.5067E+01    5.0599E+01    1.3834E+01    4.2645E+00    1.6380E+01    1.5097E+01    1.2772E+01   
 2.4534E+02    4.8671E+01    5.4740E+01    1.9811E+01    1.6336E+01    1.5700E+01    7.5041E+01    5.0719E+01    1.3853E+01    4.3053E+00    1.6461E+01    1.5133E+01    1.2800E+01   
 2.4643E+02    4.8658E+01    5.4747E+01    1.9789E+01    1.6323E+01    1.5781E+01    7.5030E+01    5.0824E+01    1.3845E+01    4.3053E+00    1.6380E+01    1.5511E+01    1.2772E+01   
 2.4752E+02    4.8658E+01    5.4729E+01    1.9703E+01    1.6219E+01    1.5814E+01    7.4988E+01    5.0915E+01    1.3877E+01    4.3053E+00    1.6502E+01    1.5109E+01    1.2829E+01   
 2.4867E+02    4.8666E+01    5.4755E+01    1.9772E+01    1.6363E+01    1.5901E+01    7.4994E+01    5.0972E+01    1.3928E+01    4.3053E+00    1.6400E+01    1.5401E+01    1.2772E+01   
 2.4977E+02    4.8660E+01    5.4738E+01    1.9775E+01    1.6366E+01    1.6041E+01    7.5015E+01    5.1034E+01    1.3975E+01    4.3460E+00    1.6400E+01    1.5133E+01    1.2715E+01   
 2.5087E+02    4.8681E+01    5.4753E+01    1.9766E+01    1.6452E+01    1.6142E+01    7.5006E+01    5.1132E+01    1.4014E+01    4.3460E+00    1.6359E+01    1.5231E+01    1.2829E+01   
 2.5195E+02    4.8694E+01    5.4789E+01    1.9819E+01    1.6418E+01    1.6177E+01    7.5009E+01    5.1209E+01    1.4055E+01    4.3868E+00    1.6339E+01    1.5145E+01    1.2744E+01   
 2.5303E+02    4.8702E+01    5.4778E+01    1.9942E+01    1.6535E+01    1.6260E+01    7.5043E+01    5.1227E+01    1.4099E+01    4.3664E+00    1.6298E+01    1.5158E+01    1.2715E+01   
 2.5410E+02    4.8699E+01    5.4800E+01    1.9907E+01    1.6528E+01    1.6358E+01    7.5070E+01    5.1292E+01    1.4155E+01    4.3664E+00    1.6359E+01    1.5182E+01    1.2744E+01   
 2.5519E+02    4.8694E+01    5.4812E+01    1.9869E+01    1.6466E+01    1.6444E+01    7.5093E+01    5.1344E+01    1.4183E+01    4.3664E+00    1.6482E+01    1.5206E+01    1.2772E+01   
 2.5627E+02    4.8676E+01    5.4788E+01    1.9856E+01    1.6394E+01    1.6492E+01    7.5057E+01    5.1364E+01    1.4210E+01    4.3868E+00    1.6563E+01    1.5182E+01    1.2744E+01   
 2.5735E+02    4.8653E+01    5.4787E+01    1.9822E+01    1.6411E+01    1.6540E+01    7.5023E+01    5.1338E+01    1.4236E+01    4.4071E+00    1.6461E+01    1.5194E+01    1.2715E+01   
 2.5844E+02    4.8621E+01    5.4799E+01    1.9807E+01    1.6444E+01    1.6614E+01    7.5005E+01    5.1371E+01    1.4229E+01    4.4071E+00    1.6441E+01    1.5182E+01    1.2772E+01   
 2.5952E+02    4.8629E+01    5.4782E+01    1.9812E+01    1.6507E+01    1.6629E+01    7.4949E+01    5.1381E+01    1.4283E+01    4.3664E+00    1.6400E+01    1.5206E+01    1.2800E+01   
 2.6060E+02    4.8616E+01    5.4794E+01    1.9804E+01    1.6447E+01    1.6690E+01    7.4951E+01    5.1406E+01    1.4316E+01    4.4071E+00    1.6420E+01    1.5633E+01    1.2715E+01   
# Time (s)      T1w (C)       T2w (C)       T1a (C)       T2a (C)       T1r (C)       T2r (C)       T3r (C)       T4r (C)       P1 (bar)      P2 (bar)      Pow (W/100)      Qc (l/min)    
 2.6171E+02    4.8629E+01    5.4804E+01    1.9783E+01    1.6496E+01    1.6740E+01    7.4959E+01    5.1418E+01    1.4373E+01    4.4275E+00    1.6624E+01    1.5608E+01    1.2715E+01   
 2.6279E+02    4.8607E+01    5.4813E+01    1.9834E+01    1.6442E+01    1.6814E+01    7.4937E+01    5.1426E+01    1.4373E+01    4.4071E+00    1.6482E+01    1.5365E+01    1.2829E+01   
 2.6388E+02    4.8627E+01    5.4819E+01    1.9800E+01    1.6519E+01    1.6841E+01    7.4902E+01    5.1410E+01    1.4415E+01    4.4479E+00    1.6380E+01    1.5194E+01    1.2744E+01   
 2.6497E+02    4.8622E+01    5.4824E+01    1.9856E+01    1.6602E+01    1.6882E+01    7.4930E+01    5.1410E+01    1.4464E+01    4.4479E+00    1.6380E+01    1.5194E+01    1.2744E+01   
 2.6605E+02    4.8625E+01    5.4810E+01    1.9897E+01    1.6569E+01    1.6939E+01    7.4941E+01    5.1423E+01    1.4519E+01    4.4479E+00    1.6420E+01    1.5365E+01    1.2715E+01   
 2.6713E+02    4.8619E+01    5.4827E+01    1.9969E+01    1.6568E+01    1.6979E+01    7.5015E+01    5.1461E+01    1.4556E+01    4.4479E+00    1.6400E+01    1.5487E+01    1.2715E+01   
 2.6821E+02    4.8622E+01    5.4821E+01    1.9903E+01    1.6495E+01    1.7030E+01    7.5054E+01    5.1467E+01    1.4602E+01    4.4071E+00    1.6359E+01    1.5426E+01    1.2800E+01   
 2.6929E+02    4.8627E+01    5.4835E+01    1.9931E+01    1.6666E+01    1.7085E+01    7.5024E+01    5.1482E+01    1.4619E+01    4.4683E+00    1.6522E+01    1.5279E+01    1.2829E+01   
 2.7038E+02    4.8614E+01    5.4847E+01    1.9899E+01    1.6670E+01    1.7120E+01    7.5014E+01    5.1486E+01    1.4664E+01    4.4886E+00    1.6482E+01    1.5255E+01    1.2687E+01   
 2.7147E+02    4.8621E+01    5.4845E+01    1.9839E+01    1.6673E+01    1.7129E+01    7.4961E+01    5.1503E+01    1.4716E+01    4.4683E+00    1.6441E+01    1.5255E+01    1.2772E+01   
 2.7256E+02    4.8595E+01    5.4833E+01    1.9845E+01    1.6601E+01    1.7178E+01    7.4906E+01    5.1514E+01    1.4750E+01    4.4683E+00    1.6543E+01    1.5511E+01    1.2744E+01   
 2.7364E+02    4.8601E+01    5.4849E+01    1.9872E+01    1.6693E+01    1.7210E+01    7.4887E+01    5.1544E+01    1.4797E+01    4.4886E+00    1.6543E+01    1.5365E+01    1.2772E+01   
 2.7472E+02    4.8604E+01    5.4864E+01    1.9818E+01    1.6616E+01    1.7233E+01    7.4858E+01    5.1539E+01    1.4807E+01    4.4886E+00    1.6502E+01    1.5633E+01    1.2829E+01   
 2.7581E+02    4.8571E+01    5.4844E+01    1.9812E+01    1.6675E+01    1.7278E+01    7.4855E+01    5.1583E+01    1.4873E+01    4.4886E+00    1.6563E+01    1.5267E+01    1.2744E+01   
 2.7691E+02    4.8577E+01    5.4848E+01    1.9837E+01    1.6708E+01    1.7302E+01    7.4804E+01    5.1611E+01    1.4900E+01    4.5090E+00    1.6441E+01    1.5706E+01    1.2715E+01   
 2.7800E+02    4.8564E+01    5.4846E+01    1.9784E+01    1.6626E+01    1.7320E+01    7.4783E+01    5.1598E+01    1.4918E+01    4.4886E+00    1.6645E+01    1.5279E+01    1.2772E+01   
 2.7911E+02    4.8567E+01    5.4864E+01    1.9750E+01    1.6767E+01    1.7350E+01    7.4746E+01    5.1643E+01    1.4965E+01    4.4886E+00    1.6563E+01    1.5743E+01    1.2744E+01   
 2.8021E+02    4.8565E+01    5.4859E+01    1.9850E+01    1.6755E+01    1.7377E+01    7.4749E+01    5.1675E+01    1.4995E+01    4.5090E+00    1.6482E+01    1.5779E+01    1.2687E+01   
 2.8130E+02    4.8574E+01    5.4873E+01    1.9890E+01    1.6739E+01    1.7386E+01    7.4775E+01    5.1701E+01    1.5034E+01    4.5294E+00    1.6665E+01    1.5669E+01    1.2744E+01   
 2.8237E+02    4.8547E+01    5.4863E+01    1.9857E+01    1.6744E+01    1.7379E+01    7.4767E+01    5.1694E+01    1.5055E+01    4.5294E+00    1.6502E+01    1.5779E+01    1.2744E+01   
 2.8346E+02    4.8569E+01    5.4871E+01    1.9820E+01    1.6756E+01    1.7381E+01    7.4804E+01    5.1709E+01    1.5090E+01    4.5090E+00    1.6563E+01    1.5523E+01    1.2772E+01   
 2.8455E+02    4.8565E+01    5.4889E+01    1.9807E+01    1.6649E+01    1.7362E+01    7.4814E+01    5.1736E+01    1.5105E+01    4.5294E+00    1.6482E+01    1.5389E+01    1.2744E+01   
 2.8564E+02    4.8572E+01    5.4872E+01    1.9790E+01    1.6845E+01    1.7349E+01    7.4818E+01    5.1732E+01    1.5160E+01    4.5294E+00    1.6522E+01    1.5791E+01    1.2715E+01   
 2.8676E+02    4.8583E+01    5.4897E+01    1.9786E+01    1.6870E+01    1.7291E+01    7.4859E+01    5.1740E+01    1.5146E+01    4.4886E+00    1.6584E+01    1.5779E+01    1.2772E+01   
 2.8784E+02    4.8583E+01    5.4891E+01    1.9809E+01    1.6877E+01    1.7270E+01    7.4938E+01    5.1768E+01    1.5190E+01    4.4886E+00    1.6441E+01    1.5657E+01    1.2772E+01   
 2.8892E+02    4.8603E+01    5.4897E+01    1.9783E+01    1.6822E+01    1.7190E+01    7.4997E+01    5.1765E+01    1.5220E+01    4.5090E+00    1.6522E+01    1.5279E+01    1.2715E+01   
 2.9001E+02    4.8583E+01    5.4882E+01    1.9782E+01    1.6862E+01    1.7015E+01    7.5008E+01    5.1791E+01    1.5261E+01    4.5294E+00    1.6604E+01    1.5316E+01    1.2772E+01   
 2.9109E+02    4.8601E+01    5.4903E+01    1.9815E+01    1.6882E+01    1.6800E+01    7.4996E+01    5.1805E+01    1.5289E+01    4.5294E+00    1.6502E+01    1.5669E+01    1.2829E+01   
 2.9218E+02    4.8592E+01    5.4900E+01    1.9831E+01    1.6824E+01    1.6633E+01    7.4939E+01    5.1777E+01    1.5288E+01    4.5701E+00    1.6645E+01    1.5803E+01    1.2744E+01   
 2.9327E+02    4.8568E+01    5.4896E+01    1.9821E+01    1.6866E+01    1.6330E+01    7.4867E+01    5.1788E+01    1.5305E+01    4.5090E+00    1.6563E+01    1.5791E+01    1.2772E+01   
# Time (s)      T1w (C)       T2w (C)       T1a (C)       T2a (C)       T1r (C)       T2r (C)       T3r (C)       T4r (C)       P1 (bar)      P2 (bar)      Pow (W/100)      Qc (l/min)    
 2.9436E+02    4.8583E+01    5.4921E+01    1.9833E+01    1.7023E+01    1.5671E+01    7.4862E+01    5.1816E+01    1.5338E+01    4.5294E+00    1.6461E+01    1.5816E+01    1.2800E+01   
 2.9545E+02    4.8558E+01    5.4917E+01    1.9816E+01    1.6942E+01    1.5424E+01    7.4818E+01    5.1832E+01    1.5335E+01    4.5294E+00    1.6686E+01    1.5548E+01    1.2885E+01   
 2.9653E+02    4.8587E+01    5.4922E+01    1.9794E+01    1.6927E+01    1.4983E+01    7.4782E+01    5.1790E+01    1.5337E+01    4.5090E+00    1.6563E+01    1.5401E+01    1.2744E+01   
 2.9762E+02    4.8581E+01    5.4936E+01    1.9806E+01    1.6989E+01    1.4653E+01    7.4754E+01    5.1784E+01    1.5290E+01    4.5090E+00    1.6563E+01    1.5401E+01    1.2772E+01   
 2.9871E+02    4.8595E+01    5.4955E+01    1.9802E+01    1.6995E+01    1.4372E+01    7.4711E+01    5.1692E+01    1.5275E+01    4.4886E+00    1.6604E+01    1.5328E+01    1.2744E+01   
 2.9980E+02    4.8588E+01    5.4967E+01    1.9775E+01    1.6997E+01    1.4234E+01    7.4656E+01    5.1629E+01    1.5258E+01    4.5090E+00    1.6706E+01    1.5730E+01    1.2744E+01   
 3.0089E+02    4.8592E+01    5.4985E+01    1.9801E+01    1.6977E+01    1.3985E+01    7.4619E+01    5.1582E+01    1.5191E+01    4.4886E+00    1.6604E+01    1.5316E+01    1.2800E+01   
 3.0199E+02    4.8553E+01    5.4986E+01    1.9802E+01    1.6909E+01    1.3766E+01    7.4612E+01    5.1508E+01    1.5127E+01    4.5090E+00    1.6665E+01    1.5596E+01    1.2772E+01   
 3.0308E+02    4.8566E+01    5.4994E+01    1.9788E+01    1.6858E+01    1.3585E+01    7.4601E+01    5.1359E+01    1.5077E+01    4.4683E+00    1.6624E+01    1.5414E+01    1.2715E+01   
 3.0417E+02    4.8573E+01    5.4999E+01    1.9834E+01    1.6817E+01    1.3494E+01    7.4579E+01    5.1202E+01    1.5006E+01    4.4683E+00    1.6563E+01    1.5316E+01    1.2772E+01   
 3.0526E+02    4.8574E+01    5.4998E+01    1.9915E+01    1.6783E+01    1.3305E+01    7.4634E+01    5.1132E+01    1.4928E+01    4.4683E+00    1.6624E+01    1.5389E+01    1.2744E+01   
 3.0634E+02    4.8553E+01    5.5029E+01    2.0002E+01    1.6789E+01    1.3145E+01    7.4638E+01    5.1004E+01    1.4830E+01    4.4683E+00    1.6543E+01    1.5450E+01    1.2829E+01   
 3.0744E+02    4.8566E+01    5.5031E+01    2.0008E+01    1.6775E+01    1.2979E+01    7.4699E+01    5.0841E+01    1.4780E+01    4.4071E+00    1.6665E+01    1.5877E+01    1.2715E+01   
 3.0853E+02    4.8545E+01    5.5030E+01    1.9948E+01    1.6707E+01    1.2900E+01    7.4744E+01    5.0670E+01    1.4686E+01    4.4479E+00    1.6706E+01    1.5645E+01    1.2744E+01   
 3.0962E+02    4.8566E+01    5.5036E+01    1.9868E+01    1.6588E+01    1.2754E+01    7.4736E+01    5.0570E+01    1.4574E+01    4.4071E+00    1.6604E+01    1.5706E+01    1.2715E+01   
 3.1072E+02    4.8566E+01    5.5051E+01    1.9787E+01    1.6508E+01    1.2631E+01    7.4751E+01    5.0356E+01    1.4454E+01    4.4275E+00    1.6645E+01    1.5828E+01    1.2829E+01   
 3.1180E+02    4.8568E+01    5.5078E+01    1.9780E+01    1.6616E+01    1.2564E+01    7.4818E+01    5.0187E+01    1.4386E+01    4.4275E+00    1.6665E+01    1.5511E+01    1.2744E+01   
 3.1290E+02    4.8603E+01    5.5095E+01    1.9793E+01    1.6517E+01    1.2467E+01    7.4877E+01    5.0011E+01    1.4299E+01    4.3868E+00    1.6767E+01    1.5328E+01    1.2744E+01   
 3.1403E+02    4.8606E+01    5.5108E+01    1.9796E+01    1.6480E+01    1.2381E+01    7.4932E+01    4.9916E+01    1.4210E+01    4.3664E+00    1.6747E+01    1.5328E+01    1.2687E+01   
 3.1511E+02    4.8599E+01    5.5109E+01    1.9832E+01    1.6444E+01    1.2319E+01    7.4956E+01    4.9726E+01    1.4097E+01    4.3868E+00    1.6706E+01    1.5828E+01    1.2744E+01   
 3.1622E+02    4.8590E+01    5.5100E+01    1.9844E+01    1.6409E+01    1.2303E+01    7.4989E+01    4.9533E+01    1.4063E+01    4.3664E+00    1.6767E+01    1.5328E+01    1.2744E+01   
 3.1731E+02    4.8579E+01    5.5105E+01    1.9831E+01    1.6425E+01    1.2299E+01    7.5032E+01    4.9359E+01    1.3975E+01    4.3053E+00    1.6726E+01    1.5401E+01    1.2744E+01   
 3.1839E+02    4.8586E+01    5.5109E+01    1.9867E+01    1.6260E+01    1.2358E+01    7.5057E+01    4.9275E+01    1.3835E+01    4.3053E+00    1.6645E+01    1.5743E+01    1.2772E+01   
 3.1948E+02    4.8580E+01    5.5085E+01    1.9926E+01    1.6155E+01    1.2420E+01    7.5036E+01    4.9079E+01    1.3701E+01    4.2849E+00    1.6788E+01    1.5803E+01    1.2772E+01   
 3.2057E+02    4.8556E+01    5.5062E+01    1.9860E+01    1.6187E+01    1.2475E+01    7.5018E+01    4.8940E+01    1.3657E+01    4.2442E+00    1.6665E+01    1.5755E+01    1.2715E+01   
 3.2166E+02    4.8568E+01    5.5043E+01    1.9830E+01    1.6052E+01    1.2628E+01    7.5029E+01    4.8883E+01    1.3595E+01    4.2238E+00    1.6604E+01    1.5414E+01    1.2744E+01   
 3.2275E+02    4.8578E+01    5.5032E+01    1.9851E+01    1.6170E+01    1.2808E+01    7.5007E+01    4.8869E+01    1.3542E+01    4.2238E+00    1.6482E+01    1.5182E+01    1.2772E+01   
 3.2384E+02    4.8566E+01    5.4995E+01    1.9802E+01    1.6090E+01    1.3002E+01    7.5018E+01    4.8878E+01    1.3497E+01    4.2034E+00    1.6665E+01    1.5158E+01    1.2772E+01   
 3.2493E+02    4.8557E+01    5.4943E+01    1.9776E+01    1.6072E+01    1.3105E+01    7.5037E+01    4.8867E+01    1.3475E+01    4.2238E+00    1.6502E+01    1.5109E+01    1.2744E+01   
 3.2602E+02    4.8561E+01    5.4920E+01    1.9778E+01    1.6006E+01    1.3289E+01    7.5050E+01    4.8887E+01    1.3469E+01    4.2442E+00    1.6522E+01    1.5121E+01    1.2800E+01   
# Time (s)      T1w (C)       T2w (C)       T1a (C)       T2a (C)       T1r (C)       T2r (C)       T3r (C)       T4r (C)       P1 (bar)      P2 (bar)      Pow (W/100)      Qc (l/min)    
 3.2711E+02    4.8560E+01    5.4867E+01    1.9777E+01    1.6040E+01    1.3469E+01    7.5077E+01    4.8891E+01    1.3440E+01    4.2442E+00    1.6584E+01    1.5365E+01    1.2715E+01   
 3.2821E+02    4.8581E+01    5.4821E+01    1.9858E+01    1.6164E+01    1.3665E+01    7.5116E+01    4.8927E+01    1.3417E+01    4.2238E+00    1.6380E+01    1.5206E+01    1.2715E+01   
 3.2930E+02    4.8572E+01    5.4781E+01    1.9862E+01    1.6090E+01    1.3765E+01    7.5185E+01    4.8984E+01    1.3448E+01    4.2034E+00    1.6482E+01    1.5267E+01    1.2800E+01   
 3.3039E+02    4.8566E+01    5.4762E+01    1.9834E+01    1.6002E+01    1.3939E+01    7.5239E+01    4.8984E+01    1.3439E+01    4.2034E+00    1.6400E+01    1.5145E+01    1.2800E+01   
 3.3148E+02    4.8580E+01    5.4732E+01    1.9831E+01    1.6050E+01    1.4105E+01    7.5244E+01    4.9066E+01    1.3480E+01    4.2238E+00    1.6318E+01    1.5072E+01    1.2772E+01   
 3.3256E+02    4.8579E+01    5.4732E+01    1.9824E+01    1.5975E+01    1.4203E+01    7.5222E+01    4.9196E+01    1.3464E+01    4.2238E+00    1.6482E+01    1.5109E+01    1.2744E+01   
 3.3365E+02    4.8570E+01    5.4701E+01    1.9822E+01    1.6022E+01    1.4337E+01    7.5233E+01    4.9265E+01    1.3503E+01    4.2238E+00    1.6339E+01    1.5267E+01    1.2829E+01   
 3.3475E+02    4.8581E+01    5.4689E+01    1.9827E+01    1.6073E+01    1.4525E+01    7.5269E+01    4.9361E+01    1.3548E+01    4.2034E+00    1.6318E+01    1.5072E+01    1.2772E+01   
 3.3584E+02    4.8567E+01    5.4664E+01    1.9841E+01    1.6142E+01    1.4684E+01    7.5293E+01    4.9527E+01    1.3645E+01    4.2238E+00    1.6420E+01    1.5523E+01    1.2715E+01   
 3.3694E+02    4.8582E+01    5.4659E+01    1.9860E+01    1.6106E+01    1.4764E+01    7.5259E+01    4.9664E+01    1.3646E+01    4.2238E+00    1.6298E+01    1.5572E+01    1.2800E+01   
 3.3803E+02    4.8569E+01    5.4650E+01    1.9908E+01    1.6054E+01    1.4933E+01    7.5286E+01    4.9818E+01    1.3663E+01    4.2645E+00    1.6400E+01    1.5523E+01    1.2772E+01   
 3.3915E+02    4.8559E+01    5.4643E+01    1.9868E+01    1.6092E+01    1.5091E+01    7.5283E+01    4.9890E+01    1.3690E+01    4.2442E+00    1.6400E+01    1.5158E+01    1.2800E+01   
 3.4025E+02    4.8573E+01    5.4614E+01    1.9957E+01    1.6094E+01    1.5223E+01    7.5275E+01    5.0061E+01    1.3684E+01    4.2645E+00    1.6502E+01    1.5426E+01    1.2800E+01   
 3.4136E+02    4.8557E+01    5.4619E+01    1.9918E+01    1.6092E+01    1.5315E+01    7.5271E+01    5.0241E+01    1.3727E+01    4.2442E+00    1.6339E+01    1.5340E+01    1.2772E+01   
 3.4244E+02    4.8554E+01    5.4627E+01    1.9888E+01    1.6161E+01    1.5448E+01    7.5231E+01    5.0361E+01    1.3766E+01    4.2442E+00    1.6339E+01    1.5499E+01    1.2744E+01   
 3.4352E+02    4.8561E+01    5.4644E+01    1.9893E+01    1.6171E+01    1.5573E+01    7.5226E+01    5.0443E+01    1.3789E+01    4.3053E+00    1.6420E+01    1.5097E+01    1.2857E+01   
 3.4461E+02    4.8574E+01    5.4635E+01    1.9870E+01    1.6321E+01    1.5689E+01    7.5254E+01    5.0590E+01    1.3867E+01    4.2645E+00    1.6359E+01    1.5170E+01    1.2715E+01   
 3.4569E+02    4.8570E+01    5.4635E+01    1.9789E+01    1.6319E+01    1.5738E+01    7.5228E+01    5.0675E+01    1.3851E+01    4.2849E+00    1.6380E+01    1.5085E+01    1.2744E+01   
 3.4678E+02    4.8536E+01    5.4614E+01    1.9798E+01    1.6269E+01    1.5840E+01    7.5181E+01    5.0751E+01    1.3863E+01    4.3053E+00    1.6502E+01    1.5109E+01    1.2744E+01   
 3.4787E+02    4.8547E+01    5.4633E+01    1.9817E+01    1.6266E+01    1.5939E+01    7.5155E+01    5.0860E+01    1.3881E+01    4.3053E+00    1.6318E+01    1.5072E+01    1.2744E+01   
 3.4896E+02    4.8551E+01    5.4628E+01    1.9806E+01    1.6269E+01    1.6049E+01    7.5133E+01    5.0960E+01    1.3905E+01    4.3257E+00    1.6522E+01    1.5097E+01    1.2715E+01   
 3.5005E+02    4.8557E+01    5.4636E+01    1.9790E+01    1.6252E+01    1.6103E+01    7.5143E+01    5.1049E+01    1.3949E+01    4.3257E+00    1.6420E+01    1.5219E+01    1.2829E+01   
 3.5113E+02    4.8553E+01    5.4640E+01    1.9809E+01    1.6333E+01    1.6217E+01    7.5184E+01    5.1106E+01    1.3979E+01    4.3460E+00    1.6298E+01    1.5389E+01    1.2744E+01   
 3.5222E+02    4.8546E+01    5.4632E+01    1.9857E+01    1.6320E+01    1.6286E+01    7.5201E+01    5.1155E+01    1.4059E+01    4.3257E+00    1.6441E+01    1.5304E+01    1.2744E+01   
 3.5331E+02    4.8542E+01    5.4634E+01    1.9850E+01    1.6307E+01    1.6339E+01    7.5184E+01    5.1210E+01    1.4085E+01    4.3664E+00    1.6339E+01    1.5450E+01    1.2800E+01   
 3.5440E+02    4.8546E+01    5.4649E+01    1.9782E+01    1.6418E+01    1.6427E+01    7.5183E+01    5.1224E+01    1.4117E+01    4.3460E+00    1.6584E+01    1.5682E+01    1.2744E+01   
 3.5549E+02    4.8540E+01    5.4639E+01    1.9755E+01    1.6343E+01    1.6497E+01    7.5140E+01    5.1248E+01    1.4158E+01    4.3664E+00    1.6400E+01    1.5657E+01    1.2744E+01   
 3.5657E+02    4.8548E+01    5.4658E+01    1.9945E+01    1.6425E+01    1.6568E+01    7.5095E+01    5.1300E+01    1.4210E+01    4.3664E+00    1.6482E+01    1.5682E+01    1.2715E+01   
 3.5766E+02    4.8543E+01    5.4684E+01    1.9872E+01    1.6504E+01    1.6597E+01    7.5028E+01    5.1335E+01    1.4247E+01    4.4071E+00    1.6400E+01    1.5584E+01    1.2772E+01   
 3.5875E+02    4.8546E+01    5.4682E+01    1.9970E+01    1.6445E+01    1.6670E+01    7.5033E+01    5.1382E+01    1.4254E+01    4.3868E+00    1.6318E+01    1.5279E+01    1.2800E+01   
# Time (s)      T1w (C)       T2w (C)       T1a (C)       T2a (C)       T1r (C)       T2r (C)       T3r (C)       T4r (C)       P1 (bar)      P2 (bar)      Pow (W/100)      Qc (l/min)    
 3.5984E+02    4.8543E+01    5.4676E+01    1.9880E+01    1.6500E+01    1.6724E+01    7.5027E+01    5.1371E+01    1.4273E+01    4.4275E+00    1.6543E+01    1.5194E+01    1.2744E+01   
 3.6093E+02    4.8546E+01    5.4690E+01    1.9810E+01    1.6603E+01    1.6777E+01    7.4999E+01    5.1394E+01    1.4292E+01    4.4071E+00    1.6380E+01    1.5657E+01    1.2772E+01   
 3.6202E+02    4.8550E+01    5.4701E+01    1.9725E+01    1.6621E+01    1.6788E+01    7.5036E+01    5.1389E+01    1.4302E+01    4.4275E+00    1.6420E+01    1.5353E+01    1.2744E+01   
 3.6312E+02    4.8551E+01    5.4708E+01    1.9770E+01    1.6551E+01    1.6833E+01    7.5090E+01    5.1385E+01    1.4325E+01    4.4071E+00    1.6543E+01    1.5194E+01    1.2744E+01   
 3.6421E+02    4.8540E+01    5.4710E+01    1.9841E+01    1.6513E+01    1.6902E+01    7.5106E+01    5.1410E+01    1.4386E+01    4.4275E+00    1.6563E+01    1.5182E+01    1.2829E+01   
 3.6529E+02    4.8535E+01    5.4690E+01    1.9845E+01    1.6618E+01    1.6953E+01    7.5162E+01    5.1401E+01    1.4410E+01    4.4479E+00    1.6482E+01    1.5389E+01    1.2772E+01   
 3.6638E+02    4.8524E+01    5.4700E+01    1.9889E+01    1.6617E+01    1.6976E+01    7.5222E+01    5.1393E+01    1.4468E+01    4.4479E+00    1.6441E+01    1.5499E+01    1.2687E+01   
 3.6748E+02    4.8515E+01    5.4687E+01    1.9922E+01    1.6573E+01    1.6999E+01    7.5246E+01    5.1386E+01    1.4484E+01    4.4683E+00    1.6380E+01    1.5572E+01    1.2715E+01   
 3.6860E+02    4.8504E+01    5.4710E+01    1.9933E+01    1.6581E+01    1.7068E+01    7.5262E+01    5.1436E+01    1.4526E+01    4.4886E+00    1.6543E+01    1.5657E+01    1.2800E+01   
 3.6969E+02    4.8519E+01    5.4707E+01    1.9830E+01    1.6631E+01    1.7094E+01    7.5293E+01    5.1440E+01    1.4563E+01    4.4479E+00    1.6400E+01    1.5462E+01    1.2772E+01   
 3.7081E+02    4.8511E+01    5.4709E+01    1.9925E+01    1.6635E+01    1.7111E+01    7.5310E+01    5.1453E+01    1.4598E+01    4.4886E+00    1.6502E+01    1.5523E+01    1.2715E+01   
 3.7189E+02    4.8505E+01    5.4713E+01    1.9928E+01    1.6647E+01    1.7168E+01    7.5319E+01    5.1474E+01    1.4646E+01    4.4683E+00    1.6482E+01    1.5657E+01    1.2829E+01   
