# Run number 22 on Tue May 21 12:07:34 2024
# Time (s)      T1w (C)       T2w (C)       T1a (C)       T2a (C)       T1r (C)       T2r (C)       T3r (C)       T4r (C)       P1 (bar)      P2 (bar)      Pow (W/100)      Qc (l/min)    
 3.2131E-01    4.6455E+01    5.4430E+01    1.9956E+01    1.5992E+01    1.3772E+01    7.3933E+01    4.8647E+01    1.3403E+01    4.2238E+00    1.6339E+01    1.5462E+01    1.0289E+01   
 1.4667E+00    4.6461E+01    5.4388E+01    2.0196E+01    1.5943E+01    1.3934E+01    7.3963E+01    4.8658E+01    1.3380E+01    4.2645E+00    1.6155E+01    1.5097E+01    1.0324E+01   
 2.5607E+00    4.6456E+01    5.4382E+01    2.0213E+01    1.5905E+01    1.4046E+01    7.4042E+01    4.8761E+01    1.3393E+01    4.2034E+00    1.6237E+01    1.5194E+01    1.0359E+01   
 3.6427E+00    4.6460E+01    5.4334E+01    1.9923E+01    1.5925E+01    1.4200E+01    7.4101E+01    4.8853E+01    1.3394E+01    4.2238E+00    1.6155E+01    1.5243E+01    1.0253E+01   
 4.7319E+00    4.6467E+01    5.4321E+01    1.9898E+01    1.5915E+01    1.4373E+01    7.4134E+01    4.8955E+01    1.3451E+01    4.2442E+00    1.6318E+01    1.5292E+01    1.0182E+01   
 5.8262E+00    4.6471E+01    5.4313E+01    1.9989E+01    1.5962E+01    1.4538E+01    7.4185E+01    4.9037E+01    1.3526E+01    4.2238E+00    1.6176E+01    1.5243E+01    1.0218E+01   
 6.9214E+00    4.6467E+01    5.4299E+01    1.9939E+01    1.5833E+01    1.4614E+01    7.4238E+01    4.9148E+01    1.3590E+01    4.2442E+00    1.6094E+01    1.4950E+01    1.0253E+01   
 8.0176E+00    4.6495E+01    5.4301E+01    1.9846E+01    1.6008E+01    1.4752E+01    7.4279E+01    4.9263E+01    1.3604E+01    4.2645E+00    1.6216E+01    1.4999E+01    1.0359E+01   
 9.1068E+00    4.6495E+01    5.4274E+01    1.9792E+01    1.6057E+01    1.4896E+01    7.4295E+01    4.9416E+01    1.3584E+01    4.2645E+00    1.6094E+01    1.4987E+01    1.0253E+01   
 1.0195E+01    4.6486E+01    5.4277E+01    1.9861E+01    1.6102E+01    1.5045E+01    7.4354E+01    4.9471E+01    1.3601E+01    4.2645E+00    1.6135E+01    1.5048E+01    1.0253E+01   
 1.1290E+01    4.6517E+01    5.4276E+01    1.9895E+01    1.6001E+01    1.5099E+01    7.4346E+01    4.9597E+01    1.3649E+01    4.2645E+00    1.6135E+01    1.5438E+01    1.0324E+01   
 1.2386E+01    4.6527E+01    5.4260E+01    1.9930E+01    1.6206E+01    1.5231E+01    7.4299E+01    4.9726E+01    1.3672E+01    4.2849E+00    1.6155E+01    1.5340E+01    1.0253E+01   
 1.3475E+01    4.6528E+01    5.4274E+01    1.9991E+01    1.6093E+01    1.5358E+01    7.4274E+01    4.9831E+01    1.3674E+01    4.2645E+00    1.6114E+01    1.4975E+01    1.0359E+01   
 1.4565E+01    4.6519E+01    5.4273E+01    2.0140E+01    1.6234E+01    1.5495E+01    7.4219E+01    4.9894E+01    1.3733E+01    4.2849E+00    1.6094E+01    1.5462E+01    1.0253E+01   
 1.5651E+01    4.6514E+01    5.4257E+01    2.0014E+01    1.6256E+01    1.5552E+01    7.4159E+01    5.0021E+01    1.3749E+01    4.2849E+00    1.6257E+01    1.5487E+01    1.0324E+01   
 1.6739E+01    4.6519E+01    5.4267E+01    1.9987E+01    1.6130E+01    1.5711E+01    7.4099E+01    5.0156E+01    1.3789E+01    4.2849E+00    1.6278E+01    1.5401E+01    1.0289E+01   
 1.7836E+01    4.6527E+01    5.4273E+01    2.0007E+01    1.6172E+01    1.5840E+01    7.4078E+01    5.0217E+01    1.3838E+01    4.2849E+00    1.6135E+01    1.5365E+01    1.0253E+01   
 1.8924E+01    4.6554E+01    5.4293E+01    2.0000E+01    1.6264E+01    1.5872E+01    7.4073E+01    5.0299E+01    1.3886E+01    4.3257E+00    1.6216E+01    1.5377E+01    1.0182E+01   
 2.0013E+01    4.6573E+01    5.4300E+01    2.0895E+01    1.6266E+01    1.5980E+01    7.4071E+01    5.0426E+01    1.3913E+01    4.3053E+00    1.6135E+01    1.5401E+01    1.0289E+01   
 2.1101E+01    4.6560E+01    5.4318E+01    2.0539E+01    1.6420E+01    1.6089E+01    7.4026E+01    5.0471E+01    1.3968E+01    4.3257E+00    1.6216E+01    1.5292E+01    1.0218E+01   
 2.2213E+01    4.6568E+01    5.4324E+01    2.0215E+01    1.6375E+01    1.6196E+01    7.3961E+01    5.0524E+01    1.3990E+01    4.3257E+00    1.6135E+01    1.5279E+01    1.0394E+01   
 2.3301E+01    4.6555E+01    5.4311E+01    2.0218E+01    1.6455E+01    1.6237E+01    7.3959E+01    5.0585E+01    1.4036E+01    4.3460E+00    1.6298E+01    1.5499E+01    1.0253E+01   
 2.4388E+01    4.6556E+01    5.4309E+01    2.0183E+01    1.6474E+01    1.6348E+01    7.3961E+01    5.0624E+01    1.4063E+01    4.3664E+00    1.6196E+01    1.5462E+01    1.0289E+01   
 2.5484E+01    4.6556E+01    5.4336E+01    2.0105E+01    1.6478E+01    1.6436E+01    7.3953E+01    5.0686E+01    1.4104E+01    4.3664E+00    1.6237E+01    1.5548E+01    1.0253E+01   
 2.6573E+01    4.6549E+01    5.4337E+01    2.0371E+01    1.6421E+01    1.6547E+01    7.3906E+01    5.0717E+01    1.4159E+01    4.3868E+00    1.6237E+01    1.5560E+01    1.0289E+01   
 2.7661E+01    4.6544E+01    5.4343E+01    2.0267E+01    1.6447E+01    1.6588E+01    7.3886E+01    5.0777E+01    1.4231E+01    4.3460E+00    1.6278E+01    1.5316E+01    1.0324E+01   
 2.8788E+01    4.6538E+01    5.4353E+01    2.0513E+01    1.6477E+01    1.6667E+01    7.3850E+01    5.0810E+01    1.4236E+01    4.3664E+00    1.6380E+01    1.5085E+01    1.0289E+01   
 2.9885E+01    4.6545E+01    5.4368E+01    2.0439E+01    1.6593E+01    1.6743E+01    7.3820E+01    5.0788E+01    1.4260E+01    4.4071E+00    1.6196E+01    1.5560E+01    1.0289E+01   
 3.0997E+01    4.6577E+01    5.4390E+01    2.0354E+01    1.6625E+01    1.6790E+01    7.3828E+01    5.0798E+01    1.4292E+01    4.4071E+00    1.6257E+01    1.5535E+01    1.0218E+01   
 3.2074E+01    4.6586E+01    5.4435E+01    2.0320E+01    1.6590E+01    1.6838E+01    7.3861E+01    5.0832E+01    1.4319E+01    4.4071E+00    1.6237E+01    1.5097E+01    1.0324E+01   
# Time (s)      T1w (C)       T2w (C)       T1a (C)       T2a (C)       T1r (C)       T2r (C)       T3r (C)       T4r (C)       P1 (bar)      P2 (bar)      Pow (W/100)      Qc (l/min)    
 3.3158E+01    4.6583E+01    5.4423E+01    2.0268E+01    1.6589E+01    1.6926E+01    7.3894E+01    5.0854E+01    1.4355E+01    4.4275E+00    1.6196E+01    1.5450E+01    1.0289E+01   
 3.4249E+01    4.6570E+01    5.4415E+01    2.0163E+01    1.6566E+01    1.6997E+01    7.3902E+01    5.0849E+01    1.4415E+01    4.4071E+00    1.6278E+01    1.5353E+01    1.0289E+01   
 3.5321E+01    4.6560E+01    5.4412E+01    2.0086E+01    1.6633E+01    1.7033E+01    7.3887E+01    5.0872E+01    1.4457E+01    4.4275E+00    1.6196E+01    1.5267E+01    1.0394E+01   
 3.6411E+01    4.6544E+01    5.4399E+01    2.0090E+01    1.6620E+01    1.7082E+01    7.3874E+01    5.0886E+01    1.4498E+01    4.4479E+00    1.6216E+01    1.5365E+01    1.0289E+01   
 3.7489E+01    4.6558E+01    5.4425E+01    2.0035E+01    1.6564E+01    1.7120E+01    7.3848E+01    5.0905E+01    1.4499E+01    4.4479E+00    1.6298E+01    1.5145E+01    1.0253E+01   
 3.8574E+01    4.6572E+01    5.4434E+01    2.0019E+01    1.6651E+01    1.7168E+01    7.3839E+01    5.0909E+01    1.4551E+01    4.4275E+00    1.6380E+01    1.5109E+01    1.0359E+01   
 3.9662E+01    4.6545E+01    5.4440E+01    1.9977E+01    1.6629E+01    1.7211E+01    7.3814E+01    5.0944E+01    1.4600E+01    4.4275E+00    1.6216E+01    1.5109E+01    1.0253E+01   
 4.0750E+01    4.6551E+01    5.4429E+01    1.9930E+01    1.6592E+01    1.7241E+01    7.3775E+01    5.0986E+01    1.4624E+01    4.4479E+00    1.6318E+01    1.5145E+01    1.0253E+01   
 4.1838E+01    4.6544E+01    5.4431E+01    1.9936E+01    1.6726E+01    1.7287E+01    7.3760E+01    5.0987E+01    1.4656E+01    4.4479E+00    1.6278E+01    1.5109E+01    1.0253E+01   
 4.2927E+01    4.6547E+01    5.4455E+01    2.0067E+01    1.6742E+01    1.7301E+01    7.3706E+01    5.0990E+01    1.4678E+01    4.4683E+00    1.6318E+01    1.5596E+01    1.0253E+01   
 4.4009E+01    4.6551E+01    5.4450E+01    2.0094E+01    1.6725E+01    1.7318E+01    7.3675E+01    5.1041E+01    1.4720E+01    4.4479E+00    1.6339E+01    1.5365E+01    1.0253E+01   
 4.5096E+01    4.6561E+01    5.4474E+01    2.0197E+01    1.6728E+01    1.7348E+01    7.3678E+01    5.1041E+01    1.4720E+01    4.4683E+00    1.6176E+01    1.5255E+01    1.0253E+01   
 4.6184E+01    4.6559E+01    5.4463E+01    2.0232E+01    1.6766E+01    1.7364E+01    7.3680E+01    5.1081E+01    1.4767E+01    4.5090E+00    1.6318E+01    1.5316E+01    1.0289E+01   
 4.7273E+01    4.6569E+01    5.4481E+01    2.0204E+01    1.6875E+01    1.7376E+01    7.3674E+01    5.1077E+01    1.4777E+01    4.5090E+00    1.6216E+01    1.5231E+01    1.0253E+01   
 4.8362E+01    4.6555E+01    5.4493E+01    2.0078E+01    1.6822E+01    1.7373E+01    7.3749E+01    5.1089E+01    1.4846E+01    4.4683E+00    1.6318E+01    1.5133E+01    1.0324E+01   
 4.9449E+01    4.6558E+01    5.4486E+01    2.0007E+01    1.6731E+01    1.7357E+01    7.3780E+01    5.1121E+01    1.4873E+01    4.4886E+00    1.6237E+01    1.5133E+01    1.0394E+01   
 5.0537E+01    4.6558E+01    5.4495E+01    2.0023E+01    1.6796E+01    1.7338E+01    7.3802E+01    5.1130E+01    1.4889E+01    4.4886E+00    1.6237E+01    1.5133E+01    1.0324E+01   
 5.1626E+01    4.6573E+01    5.4483E+01    2.0035E+01    1.6786E+01    1.7311E+01    7.3828E+01    5.1127E+01    1.4948E+01    4.4886E+00    1.6298E+01    1.5145E+01    1.0253E+01   
 5.2714E+01    4.6562E+01    5.4480E+01    2.0194E+01    1.6797E+01    1.7260E+01    7.3811E+01    5.1108E+01    1.4934E+01    4.4683E+00    1.6257E+01    1.5292E+01    1.0289E+01   
 5.3801E+01    4.6552E+01    5.4484E+01    2.0152E+01    1.6776E+01    1.7171E+01    7.3763E+01    5.1119E+01    1.4981E+01    4.4886E+00    1.6359E+01    1.5474E+01    1.0289E+01   
 5.4889E+01    4.6548E+01    5.4467E+01    2.0172E+01    1.6816E+01    1.7024E+01    7.3740E+01    5.1113E+01    1.4977E+01    4.4683E+00    1.6216E+01    1.5133E+01    1.0253E+01   
 5.5985E+01    4.6540E+01    5.4479E+01    2.0086E+01    1.6820E+01    1.6928E+01    7.3714E+01    5.1106E+01    1.5009E+01    4.4886E+00    1.6380E+01    1.5121E+01    1.0289E+01   
 5.7073E+01    4.6548E+01    5.4466E+01    1.9951E+01    1.6849E+01    1.6728E+01    7.3707E+01    5.1098E+01    1.5030E+01    4.4886E+00    1.6278E+01    1.5109E+01    1.0289E+01   
 5.8162E+01    4.6546E+01    5.4473E+01    1.9909E+01    1.6779E+01    1.6505E+01    7.3715E+01    5.1122E+01    1.5057E+01    4.5090E+00    1.6278E+01    1.5316E+01    1.0324E+01   
 5.9248E+01    4.6536E+01    5.4475E+01    1.9966E+01    1.6846E+01    1.6215E+01    7.3744E+01    5.1119E+01    1.5105E+01    4.5498E+00    1.6298E+01    1.5316E+01    1.0359E+01   
 6.0337E+01    4.6527E+01    5.4455E+01    1.9865E+01    1.6800E+01    1.6039E+01    7.3715E+01    5.1099E+01    1.5096E+01    4.5294E+00    1.6461E+01    1.5682E+01    1.0324E+01   
 6.1434E+01    4.6532E+01    5.4475E+01    1.9848E+01    1.6692E+01    1.5606E+01    7.3677E+01    5.1116E+01    1.5105E+01    4.5090E+00    1.6278E+01    1.5633E+01    1.0253E+01   
 6.2562E+01    4.6517E+01    5.4497E+01    1.9880E+01    1.6862E+01    1.5093E+01    7.3652E+01    5.1148E+01    1.5114E+01    4.5294E+00    1.6359E+01    1.5292E+01    1.0289E+01   
 6.3659E+01    4.6535E+01    5.4517E+01    1.9907E+01    1.6882E+01    1.4671E+01    7.3691E+01    5.1135E+01    1.5111E+01    4.5294E+00    1.6400E+01    1.5194E+01    1.0289E+01   
 6.4755E+01    4.6516E+01    5.4510E+01    1.9880E+01    1.6857E+01    1.4495E+01    7.3669E+01    5.1133E+01    1.5086E+01    4.5294E+00    1.6359E+01    1.5414E+01    1.0359E+01   
# Time (s)      T1w (C)       T2w (C)       T1a (C)       T2a (C)       T1r (C)       T2r (C)       T3r (C)       T4r (C)       P1 (bar)      P2 (bar)      Pow (W/100)      Qc (l/min)    
 6.5860E+01    4.6511E+01    5.4513E+01    1.9894E+01    1.6807E+01    1.4186E+01    7.3661E+01    5.1093E+01    1.5063E+01    4.5498E+00    1.6339E+01    1.5255E+01    1.0289E+01   
 6.6940E+01    4.6491E+01    5.4518E+01    1.9888E+01    1.6854E+01    1.3910E+01    7.3650E+01    5.1008E+01    1.4999E+01    4.5294E+00    1.6461E+01    1.5206E+01    1.0253E+01   
 6.8033E+01    4.6500E+01    5.4540E+01    1.9827E+01    1.6818E+01    1.3695E+01    7.3658E+01    5.0973E+01    1.4951E+01    4.4886E+00    1.6441E+01    1.5718E+01    1.0253E+01   
 6.9116E+01    4.6501E+01    5.4558E+01    1.9945E+01    1.6831E+01    1.3542E+01    7.3696E+01    5.0851E+01    1.4921E+01    4.5090E+00    1.6441E+01    1.5560E+01    1.0253E+01   
 7.0475E+01    4.6491E+01    5.4585E+01    1.9930E+01    1.6798E+01    1.3472E+01    7.3745E+01    5.0835E+01    1.4863E+01    4.4479E+00    1.6522E+01    1.5231E+01    1.0289E+01   
 7.1557E+01    4.6513E+01    5.4604E+01    1.9948E+01    1.6767E+01    1.3323E+01    7.3755E+01    5.0729E+01    1.4835E+01    4.4275E+00    1.6400E+01    1.5523E+01    1.0324E+01   
 7.2644E+01    4.6512E+01    5.4627E+01    1.9944E+01    1.6765E+01    1.3174E+01    7.3755E+01    5.0608E+01    1.4779E+01    4.4479E+00    1.6441E+01    1.5682E+01    1.0289E+01   
 7.3732E+01    4.6512E+01    5.4650E+01    1.9956E+01    1.6734E+01    1.3082E+01    7.3729E+01    5.0570E+01    1.4709E+01    4.4479E+00    1.6420E+01    1.5645E+01    1.0289E+01   
 7.4821E+01    4.6503E+01    5.4647E+01    1.9889E+01    1.6667E+01    1.3007E+01    7.3693E+01    5.0459E+01    1.4626E+01    4.4275E+00    1.6359E+01    1.5682E+01    1.0253E+01   
 7.5909E+01    4.6505E+01    5.4652E+01    1.9835E+01    1.6667E+01    1.2908E+01    7.3715E+01    5.0326E+01    1.4598E+01    4.4071E+00    1.6522E+01    1.5474E+01    1.0359E+01   
 7.6997E+01    4.6521E+01    5.4689E+01    1.9803E+01    1.6647E+01    1.2806E+01    7.3724E+01    5.0184E+01    1.4515E+01    4.4275E+00    1.6420E+01    1.5633E+01    1.0324E+01   
 7.8091E+01    4.6542E+01    5.4689E+01    1.9784E+01    1.6497E+01    1.2692E+01    7.3750E+01    5.0064E+01    1.4428E+01    4.4071E+00    1.6522E+01    1.5633E+01    1.0359E+01   
 7.9180E+01    4.6538E+01    5.4688E+01    1.9826E+01    1.6523E+01    1.2649E+01    7.3758E+01    4.9951E+01    1.4333E+01    4.3868E+00    1.6482E+01    1.5706E+01    1.0253E+01   
 8.0268E+01    4.6531E+01    5.4698E+01    1.9799E+01    1.6492E+01    1.2564E+01    7.3740E+01    4.9836E+01    1.4292E+01    4.3868E+00    1.6522E+01    1.5523E+01    1.0253E+01   
 8.1356E+01    4.6547E+01    5.4724E+01    1.9785E+01    1.6468E+01    1.2493E+01    7.3776E+01    4.9689E+01    1.4206E+01    4.3868E+00    1.6482E+01    1.5389E+01    1.0324E+01   
 8.2444E+01    4.6536E+01    5.4718E+01    1.9823E+01    1.6353E+01    1.2469E+01    7.3818E+01    4.9628E+01    1.4103E+01    4.3664E+00    1.6441E+01    1.5608E+01    1.0289E+01   
 8.3556E+01    4.6544E+01    5.4737E+01    1.9730E+01    1.6340E+01    1.2426E+01    7.3847E+01    4.9498E+01    1.4004E+01    4.3460E+00    1.6441E+01    1.5548E+01    1.0253E+01   
 8.4653E+01    4.6545E+01    5.4715E+01    1.9710E+01    1.6225E+01    1.2469E+01    7.3848E+01    4.9344E+01    1.3955E+01    4.3664E+00    1.6502E+01    1.5145E+01    1.0289E+01   
 8.5758E+01    4.6544E+01    5.4732E+01    1.9702E+01    1.6204E+01    1.2544E+01    7.3897E+01    4.9225E+01    1.3894E+01    4.3460E+00    1.6522E+01    1.5158E+01    1.0289E+01   
 8.6846E+01    4.6539E+01    5.4716E+01    1.9776E+01    1.6108E+01    1.2595E+01    7.3942E+01    4.9171E+01    1.3814E+01    4.3053E+00    1.6522E+01    1.5584E+01    1.0253E+01   
 8.7983E+01    4.6556E+01    5.4730E+01    1.9746E+01    1.6092E+01    1.2745E+01    7.4037E+01    4.9066E+01    1.3744E+01    4.3053E+00    1.6420E+01    1.5121E+01    1.0324E+01   
 8.9063E+01    4.6572E+01    5.4717E+01    1.9755E+01    1.6127E+01    1.2898E+01    7.4091E+01    4.8966E+01    1.3765E+01    4.2645E+00    1.6339E+01    1.5097E+01    1.0289E+01   
 9.0152E+01    4.6573E+01    5.4709E+01    1.9820E+01    1.6083E+01    1.3059E+01    7.4141E+01    4.8916E+01    1.3703E+01    4.2645E+00    1.6339E+01    1.5085E+01    1.0182E+01   
 9.1231E+01    4.6577E+01    5.4699E+01    1.9810E+01    1.6002E+01    1.3150E+01    7.4163E+01    4.8924E+01    1.3675E+01    4.2442E+00    1.6278E+01    1.5036E+01    1.0324E+01   
 9.2311E+01    4.6563E+01    5.4669E+01    1.9798E+01    1.5957E+01    1.3330E+01    7.4165E+01    4.8883E+01    1.3628E+01    4.2442E+00    1.6339E+01    1.5194E+01    1.0324E+01   
 9.3392E+01    4.6549E+01    5.4622E+01    1.9822E+01    1.5915E+01    1.3491E+01    7.4179E+01    4.8872E+01    1.3614E+01    4.2442E+00    1.6298E+01    1.5304E+01    1.0253E+01   
 9.4472E+01    4.6553E+01    5.4582E+01    1.9841E+01    1.6064E+01    1.3689E+01    7.4226E+01    4.8874E+01    1.3583E+01    4.2238E+00    1.6298E+01    1.5279E+01    1.0289E+01   
 9.5552E+01    4.6546E+01    5.4571E+01    1.9854E+01    1.6001E+01    1.3781E+01    7.4262E+01    4.8875E+01    1.3558E+01    4.2442E+00    1.6216E+01    1.5450E+01    1.0324E+01   
 9.6632E+01    4.6553E+01    5.4537E+01    1.9812E+01    1.5864E+01    1.3935E+01    7.4318E+01    4.8896E+01    1.3551E+01    4.2442E+00    1.6339E+01    1.5401E+01    1.0218E+01   
 9.7713E+01    4.6541E+01    5.4494E+01    1.9701E+01    1.5846E+01    1.4127E+01    7.4375E+01    4.8941E+01    1.3564E+01    4.2442E+00    1.6298E+01    1.5243E+01    1.0218E+01   
# Time (s)      T1w (C)       T2w (C)       T1a (C)       T2a (C)       T1r (C)       T2r (C)       T3r (C)       T4r (C)       P1 (bar)      P2 (bar)      Pow (W/100)      Qc (l/min)    
 9.8793E+01    4.6538E+01    5.4459E+01    1.9768E+01    1.5853E+01    1.4198E+01    7.4422E+01    4.8985E+01    1.3576E+01    4.2442E+00    1.6359E+01    1.5219E+01    1.0253E+01   
 9.9872E+01    4.6536E+01    5.4421E+01    1.9771E+01    1.5907E+01    1.4348E+01    7.4463E+01    4.9050E+01    1.3597E+01    4.2238E+00    1.6237E+01    1.5024E+01    1.0253E+01   
 1.0095E+02    4.6546E+01    5.4399E+01    1.9800E+01    1.5976E+01    1.4500E+01    7.4454E+01    4.9148E+01    1.3599E+01    4.2645E+00    1.6339E+01    1.4950E+01    1.0359E+01   
 1.0203E+02    4.6519E+01    5.4353E+01    1.9810E+01    1.6006E+01    1.4627E+01    7.4481E+01    4.9202E+01    1.3601E+01    4.2849E+00    1.6359E+01    1.4999E+01    1.0359E+01   
 1.0311E+02    4.6529E+01    5.4349E+01    1.9847E+01    1.5989E+01    1.4701E+01    7.4528E+01    4.9305E+01    1.3636E+01    4.2442E+00    1.6257E+01    1.4999E+01    1.0253E+01   
 1.0419E+02    4.6541E+01    5.4348E+01    1.9848E+01    1.6055E+01    1.4879E+01    7.4537E+01    4.9437E+01    1.3693E+01    4.2442E+00    1.6135E+01    1.4963E+01    1.0253E+01   
 1.0528E+02    4.6546E+01    5.4344E+01    1.9855E+01    1.5987E+01    1.5020E+01    7.4567E+01    4.9568E+01    1.3734E+01    4.2645E+00    1.6155E+01    1.5121E+01    1.0253E+01   
 1.0636E+02    4.6571E+01    5.4358E+01    1.9827E+01    1.6085E+01    1.5087E+01    7.4543E+01    4.9627E+01    1.3782E+01    4.2645E+00    1.6155E+01    1.5316E+01    1.0253E+01   
 1.0744E+02    4.6559E+01    5.4330E+01    1.9823E+01    1.6098E+01    1.5212E+01    7.4524E+01    4.9752E+01    1.3780E+01    4.2645E+00    1.6155E+01    1.5316E+01    1.0218E+01   
 1.0852E+02    4.6550E+01    5.4320E+01    1.9870E+01    1.6183E+01    1.5317E+01    7.4486E+01    4.9853E+01    1.3765E+01    4.2849E+00    1.6196E+01    1.4987E+01    1.0289E+01   
 1.0962E+02    4.6544E+01    5.4296E+01    1.9872E+01    1.6106E+01    1.5406E+01    7.4432E+01    4.9974E+01    1.3756E+01    4.2849E+00    1.6176E+01    1.5170E+01    1.0253E+01   
 1.1070E+02    4.6547E+01    5.4293E+01    1.9857E+01    1.6102E+01    1.5459E+01    7.4373E+01    4.9997E+01    1.3777E+01    4.3053E+00    1.6155E+01    1.5389E+01    1.0359E+01   
 1.1178E+02    4.6553E+01    5.4313E+01    1.9921E+01    1.6135E+01    1.5555E+01    7.4357E+01    5.0114E+01    1.3772E+01    4.3053E+00    1.6155E+01    1.5109E+01    1.0359E+01   
 1.1286E+02    4.6545E+01    5.4329E+01    1.9915E+01    1.6283E+01    1.5661E+01    7.4317E+01    5.0209E+01    1.3803E+01    4.3053E+00    1.6298E+01    1.5267E+01    1.0324E+01   
 1.1395E+02    4.6552E+01    5.4299E+01    1.9920E+01    1.6127E+01    1.5722E+01    7.4286E+01    5.0247E+01    1.3850E+01    4.3257E+00    1.6257E+01    1.4999E+01    1.0324E+01   
 1.1503E+02    4.6558E+01    5.4320E+01    1.9995E+01    1.6205E+01    1.5841E+01    7.4288E+01    5.0357E+01    1.3933E+01    4.3053E+00    1.6176E+01    1.5474E+01    1.0289E+01   
 1.1612E+02    4.6557E+01    5.4313E+01    1.9967E+01    1.6133E+01    1.5936E+01    7.4291E+01    5.0462E+01    1.3944E+01    4.3053E+00    1.6196E+01    1.5048E+01    1.0289E+01   
 1.1720E+02    4.6542E+01    5.4327E+01    1.9870E+01    1.6242E+01    1.6028E+01    7.4286E+01    5.0536E+01    1.3977E+01    4.3257E+00    1.6278E+01    1.5121E+01    1.0394E+01   
 1.1829E+02    4.6537E+01    5.4291E+01    1.9832E+01    1.6163E+01    1.6066E+01    7.4249E+01    5.0576E+01    1.4005E+01    4.3460E+00    1.6237E+01    1.5011E+01    1.0289E+01   
 1.1937E+02    4.6553E+01    5.4317E+01    1.9854E+01    1.6385E+01    1.6133E+01    7.4213E+01    5.0605E+01    1.4015E+01    4.3460E+00    1.6257E+01    1.5267E+01    1.0289E+01   
 1.2047E+02    4.6554E+01    5.4317E+01    1.9846E+01    1.6376E+01    1.6202E+01    7.4195E+01    5.0638E+01    1.3997E+01    4.3664E+00    1.6318E+01    1.5304E+01    1.0324E+01   
 1.2157E+02    4.6551E+01    5.4326E+01    1.9810E+01    1.6435E+01    1.6303E+01    7.4220E+01    5.0686E+01    1.4033E+01    4.3664E+00    1.6257E+01    1.5231E+01    1.0253E+01   
 1.2265E+02    4.6559E+01    5.4332E+01    1.9782E+01    1.6413E+01    1.6376E+01    7.4191E+01    5.0736E+01    1.4056E+01    4.3868E+00    1.6257E+01    1.5194E+01    1.0324E+01   
 1.2379E+02    4.6567E+01    5.4360E+01    1.9853E+01    1.6381E+01    1.6431E+01    7.4126E+01    5.0780E+01    1.4105E+01    4.3868E+00    1.6196E+01    1.5145E+01    1.0253E+01   
 1.2488E+02    4.6561E+01    5.4350E+01    1.9865E+01    1.6356E+01    1.6477E+01    7.4097E+01    5.0795E+01    1.4111E+01    4.3868E+00    1.6298E+01    1.5401E+01    1.0359E+01   
 1.2599E+02    4.6561E+01    5.4372E+01    1.9817E+01    1.6497E+01    1.6563E+01    7.4042E+01    5.0823E+01    1.4161E+01    4.3664E+00    1.6380E+01    1.5206E+01    1.0324E+01   
 1.2707E+02    4.6566E+01    5.4379E+01    2.0028E+01    1.6501E+01    1.6583E+01    7.4034E+01    5.0841E+01    1.4192E+01    4.4071E+00    1.6237E+01    1.5085E+01    1.0324E+01   
 1.2815E+02    4.6572E+01    5.4397E+01    1.9841E+01    1.6473E+01    1.6666E+01    7.4087E+01    5.0884E+01    1.4253E+01    4.4071E+00    1.6257E+01    1.5121E+01    1.0289E+01   
 1.2923E+02    4.6607E+01    5.4418E+01    2.0020E+01    1.6391E+01    1.6755E+01    7.4102E+01    5.0906E+01    1.4281E+01    4.4071E+00    1.6298E+01    1.5267E+01    1.0324E+01   
 1.3031E+02    4.6593E+01    5.4434E+01    2.0154E+01    1.6463E+01    1.6774E+01    7.4085E+01    5.0909E+01    1.4313E+01    4.4071E+00    1.6257E+01    1.5316E+01    1.0359E+01   
# Time (s)      T1w (C)       T2w (C)       T1a (C)       T2a (C)       T1r (C)       T2r (C)       T3r (C)       T4r (C)       P1 (bar)      P2 (bar)      Pow (W/100)      Qc (l/min)    
 1.3139E+02    4.6603E+01    5.4437E+01    2.0056E+01    1.6501E+01    1.6816E+01    7.4042E+01    5.0930E+01    1.4384E+01    4.3868E+00    1.6298E+01    1.5548E+01    1.0218E+01   
 1.3247E+02    4.6593E+01    5.4444E+01    2.0028E+01    1.6518E+01    1.6859E+01    7.4020E+01    5.0951E+01    1.4388E+01    4.4275E+00    1.6257E+01    1.5085E+01    1.0253E+01   
 1.3356E+02    4.6581E+01    5.4448E+01    2.0057E+01    1.6479E+01    1.6909E+01    7.3995E+01    5.0989E+01    1.4420E+01    4.4275E+00    1.6298E+01    1.5097E+01    1.0324E+01   
 1.3464E+02    4.6589E+01    5.4458E+01    2.0083E+01    1.6474E+01    1.6925E+01    7.3973E+01    5.0981E+01    1.4456E+01    4.4275E+00    1.6196E+01    1.5560E+01    1.0324E+01   
 1.3574E+02    4.6587E+01    5.4471E+01    2.0073E+01    1.6470E+01    1.6967E+01    7.4022E+01    5.1005E+01    1.4518E+01    4.4275E+00    1.6359E+01    1.5121E+01    1.0324E+01   
 1.3682E+02    4.6609E+01    5.4470E+01    2.0039E+01    1.6508E+01    1.7013E+01    7.4034E+01    5.1034E+01    1.4525E+01    4.4275E+00    1.6298E+01    1.5109E+01    1.0218E+01   
 1.3790E+02    4.6603E+01    5.4476E+01    1.9960E+01    1.6565E+01    1.7082E+01    7.4051E+01    5.1063E+01    1.4592E+01    4.4275E+00    1.6278E+01    1.5487E+01    1.0289E+01   
 1.3900E+02    4.6588E+01    5.4469E+01    1.9892E+01    1.6563E+01    1.7096E+01    7.4028E+01    5.1091E+01    1.4635E+01    4.4479E+00    1.6400E+01    1.5121E+01    1.0289E+01   
 1.4008E+02    4.6605E+01    5.4482E+01    1.9844E+01    1.6604E+01    1.7119E+01    7.4026E+01    5.1110E+01    1.4655E+01    4.4886E+00    1.6318E+01    1.5231E+01    1.0218E+01   
 1.4116E+02    4.6614E+01    5.4490E+01    1.9861E+01    1.6519E+01    1.7152E+01    7.4041E+01    5.1149E+01    1.4691E+01    4.4886E+00    1.6339E+01    1.5608E+01    1.0289E+01   
 1.4224E+02    4.6609E+01    5.4495E+01    1.9816E+01    1.6573E+01    1.7169E+01    7.4109E+01    5.1159E+01    1.4741E+01    4.4479E+00    1.6441E+01    1.5596E+01    1.0289E+01   
 1.4332E+02    4.6599E+01    5.4487E+01    1.9780E+01    1.6655E+01    1.7184E+01    7.4138E+01    5.1167E+01    1.4798E+01    4.4886E+00    1.6359E+01    1.5535E+01    1.0359E+01   
 1.4440E+02    4.6617E+01    5.4501E+01    1.9783E+01    1.6663E+01    1.7208E+01    7.4125E+01    5.1201E+01    1.4794E+01    4.4683E+00    1.6420E+01    1.5243E+01    1.0324E+01   
 1.4548E+02    4.6619E+01    5.4522E+01    1.9835E+01    1.6676E+01    1.7213E+01    7.4122E+01    5.1196E+01    1.4816E+01    4.4886E+00    1.6339E+01    1.5121E+01    1.0253E+01   
 1.4656E+02    4.6608E+01    5.4503E+01    1.9841E+01    1.6595E+01    1.7196E+01    7.4129E+01    5.1187E+01    1.4869E+01    4.4479E+00    1.6380E+01    1.5158E+01    1.0289E+01   
 1.4764E+02    4.6603E+01    5.4507E+01    1.9852E+01    1.6584E+01    1.7169E+01    7.4169E+01    5.1195E+01    1.4902E+01    4.4479E+00    1.6380E+01    1.5194E+01    1.0324E+01   
 1.4872E+02    4.6596E+01    5.4528E+01    1.9817E+01    1.6722E+01    1.7130E+01    7.4187E+01    5.1213E+01    1.4923E+01    4.4683E+00    1.6380E+01    1.5328E+01    1.0324E+01   
 1.4980E+02    4.6589E+01    5.4523E+01    1.9811E+01    1.6761E+01    1.7099E+01    7.4195E+01    5.1217E+01    1.4959E+01    4.4683E+00    1.6318E+01    1.5621E+01    1.0289E+01   
 1.5088E+02    4.6611E+01    5.4538E+01    1.9847E+01    1.6730E+01    1.7036E+01    7.4229E+01    5.1243E+01    1.5019E+01    4.4683E+00    1.6359E+01    1.5584E+01    1.0253E+01   
 1.5196E+02    4.6614E+01    5.4546E+01    1.9825E+01    1.6744E+01    1.6922E+01    7.4241E+01    5.1292E+01    1.5053E+01    4.4886E+00    1.6318E+01    1.5584E+01    1.0253E+01   
 1.5304E+02    4.6605E+01    5.4550E+01    1.9824E+01    1.6735E+01    1.6752E+01    7.4231E+01    5.1299E+01    1.5087E+01    4.4886E+00    1.6339E+01    1.5401E+01    1.0182E+01   
 1.5412E+02    4.6617E+01    5.4567E+01    1.9883E+01    1.6736E+01    1.6600E+01    7.4189E+01    5.1302E+01    1.5123E+01    4.4886E+00    1.6359E+01    1.5182E+01    1.0253E+01   
 1.5520E+02    4.6603E+01    5.4557E+01    1.9880E+01    1.6762E+01    1.6282E+01    7.4137E+01    5.1328E+01    1.5127E+01    4.5294E+00    1.6318E+01    1.5657E+01    1.0324E+01   
 1.5629E+02    4.6593E+01    5.4576E+01    1.9912E+01    1.6833E+01    1.5950E+01    7.4087E+01    5.1346E+01    1.5129E+01    4.4886E+00    1.6339E+01    1.5669E+01    1.0289E+01   
 1.5737E+02    4.6619E+01    5.4582E+01    1.9871E+01    1.6865E+01    1.5457E+01    7.4027E+01    5.1337E+01    1.5146E+01    4.4886E+00    1.6339E+01    1.5560E+01    1.0289E+01   
 1.5845E+02    4.6600E+01    5.4588E+01    1.9857E+01    1.6892E+01    1.5183E+01    7.3958E+01    5.1310E+01    1.5160E+01    4.5090E+00    1.6339E+01    1.5584E+01    1.0253E+01   
 1.5954E+02    4.6611E+01    5.4617E+01    1.9971E+01    1.6886E+01    1.4759E+01    7.3918E+01    5.1255E+01    1.5133E+01    4.5090E+00    1.6278E+01    1.5401E+01    1.0218E+01   
 1.6063E+02    4.6617E+01    5.4629E+01    2.0038E+01    1.6847E+01    1.4417E+01    7.3861E+01    5.1221E+01    1.5118E+01    4.5090E+00    1.6278E+01    1.5560E+01    1.0218E+01   
 1.6171E+02    4.6612E+01    5.4646E+01    1.9884E+01    1.6888E+01    1.4287E+01    7.3869E+01    5.1203E+01    1.5080E+01    4.5294E+00    1.6461E+01    1.5353E+01    1.0289E+01   
 1.6280E+02    4.6606E+01    5.4653E+01    1.9848E+01    1.6954E+01    1.4019E+01    7.3873E+01    5.1149E+01    1.5052E+01    4.5090E+00    1.6461E+01    1.5304E+01    1.0253E+01   
# Time (s)      T1w (C)       T2w (C)       T1a (C)       T2a (C)       T1r (C)       T2r (C)       T3r (C)       T4r (C)       P1 (bar)      P2 (bar)      Pow (W/100)      Qc (l/min)    
 1.6394E+02    4.6600E+01    5.4667E+01    1.9851E+01    1.6867E+01    1.3812E+01    7.3854E+01    5.1089E+01    1.5034E+01    4.4886E+00    1.6359E+01    1.5316E+01    1.0253E+01   
 1.6503E+02    4.6616E+01    5.4687E+01    1.9832E+01    1.6887E+01    1.3607E+01    7.3792E+01    5.0967E+01    1.4933E+01    4.4479E+00    1.6441E+01    1.5560E+01    1.0394E+01   
 1.6614E+02    4.6601E+01    5.4717E+01    1.9796E+01    1.6856E+01    1.3505E+01    7.3776E+01    5.0901E+01    1.4873E+01    4.4683E+00    1.6461E+01    1.5292E+01    1.0324E+01   
 1.6722E+02    4.6595E+01    5.4728E+01    1.9797E+01    1.6797E+01    1.3323E+01    7.3737E+01    5.0798E+01    1.4811E+01    4.4479E+00    1.6339E+01    1.5292E+01    1.0359E+01   
 1.6831E+02    4.6607E+01    5.4743E+01    1.9824E+01    1.6786E+01    1.3176E+01    7.3717E+01    5.0692E+01    1.4760E+01    4.4275E+00    1.6441E+01    1.5621E+01    1.0253E+01   
 1.6940E+02    4.6587E+01    5.4747E+01    1.9821E+01    1.6701E+01    1.3031E+01    7.3728E+01    5.0555E+01    1.4697E+01    4.4275E+00    1.6441E+01    1.5267E+01    1.0289E+01   
 1.7048E+02    4.6593E+01    5.4753E+01    1.9823E+01    1.6632E+01    1.2957E+01    7.3707E+01    5.0483E+01    1.4608E+01    4.4275E+00    1.6482E+01    1.5548E+01    1.0218E+01   
 1.7157E+02    4.6588E+01    5.4777E+01    1.9971E+01    1.6559E+01    1.2844E+01    7.3739E+01    5.0331E+01    1.4546E+01    4.4275E+00    1.6584E+01    1.5243E+01    1.0218E+01   
 1.7265E+02    4.6588E+01    5.4770E+01    1.9939E+01    1.6588E+01    1.2717E+01    7.3736E+01    5.0181E+01    1.4495E+01    4.4479E+00    1.6645E+01    1.5255E+01    1.0253E+01   
 1.7373E+02    4.6584E+01    5.4794E+01    1.9891E+01    1.6538E+01    1.2685E+01    7.3787E+01    5.0039E+01    1.4413E+01    4.4071E+00    1.6563E+01    1.5499E+01    1.0289E+01   
 1.7481E+02    4.6578E+01    5.4788E+01    1.9837E+01    1.6547E+01    1.2605E+01    7.3831E+01    4.9937E+01    1.4331E+01    4.4275E+00    1.6441E+01    1.5219E+01    1.0289E+01   
 1.7591E+02    4.6584E+01    5.4796E+01    1.9824E+01    1.6386E+01    1.2508E+01    7.3841E+01    4.9784E+01    1.4304E+01    4.4071E+00    1.6522E+01    1.5292E+01    1.0218E+01   
 1.7699E+02    4.6563E+01    5.4800E+01    1.9764E+01    1.6269E+01    1.2426E+01    7.3868E+01    4.9632E+01    1.4222E+01    4.4071E+00    1.6624E+01    1.5706E+01    1.0253E+01   
 1.7807E+02    4.6563E+01    5.4810E+01    1.9748E+01    1.6303E+01    1.2381E+01    7.3892E+01    4.9537E+01    1.4110E+01    4.3868E+00    1.6624E+01    1.5621E+01    1.0289E+01   
 1.7915E+02    4.6572E+01    5.4798E+01    1.9719E+01    1.6252E+01    1.2346E+01    7.3939E+01    4.9383E+01    1.4004E+01    4.3664E+00    1.6584E+01    1.5474E+01    1.0289E+01   
 1.8023E+02    4.6580E+01    5.4791E+01    1.9762E+01    1.6180E+01    1.2324E+01    7.3978E+01    4.9230E+01    1.3950E+01    4.3664E+00    1.6563E+01    1.5206E+01    1.0289E+01   
 1.8131E+02    4.6571E+01    5.4774E+01    1.9798E+01    1.6215E+01    1.2414E+01    7.4027E+01    4.9097E+01    1.3881E+01    4.3257E+00    1.6543E+01    1.5267E+01    1.0253E+01   
 1.8239E+02    4.6566E+01    5.4783E+01    1.9779E+01    1.6201E+01    1.2444E+01    7.4105E+01    4.9030E+01    1.3799E+01    4.3053E+00    1.6441E+01    1.5219E+01    1.0253E+01   
 1.8348E+02    4.6555E+01    5.4768E+01    1.9787E+01    1.6067E+01    1.2565E+01    7.4169E+01    4.8926E+01    1.3698E+01    4.2849E+00    1.6584E+01    1.5158E+01    1.0324E+01   
 1.8456E+02    4.6559E+01    5.4749E+01    1.9786E+01    1.6021E+01    1.2693E+01    7.4175E+01    4.8825E+01    1.3664E+01    4.2849E+00    1.6563E+01    1.5292E+01    1.0253E+01   
 1.8564E+02    4.6573E+01    5.4753E+01    1.9794E+01    1.5920E+01    1.2764E+01    7.4184E+01    4.8777E+01    1.3608E+01    4.2645E+00    1.6482E+01    1.5608E+01    1.0253E+01   
 1.8673E+02    4.6573E+01    5.4745E+01    1.9832E+01    1.5902E+01    1.2922E+01    7.4212E+01    4.8708E+01    1.3543E+01    4.2645E+00    1.6420E+01    1.5353E+01    1.0289E+01   
 1.8781E+02    4.6585E+01    5.4722E+01    1.9798E+01    1.5806E+01    1.3107E+01    7.4237E+01    4.8689E+01    1.3529E+01    4.2238E+00    1.6380E+01    1.5182E+01    1.0253E+01   
 1.8889E+02    4.6593E+01    5.4693E+01    1.9785E+01    1.5926E+01    1.3300E+01    7.4298E+01    4.8691E+01    1.3516E+01    4.2442E+00    1.6318E+01    1.5024E+01    1.0324E+01   
 1.8997E+02    4.6589E+01    5.4652E+01    1.9828E+01    1.5910E+01    1.3419E+01    7.4351E+01    4.8728E+01    1.3467E+01    4.2442E+00    1.6278E+01    1.5426E+01    1.0253E+01   
 1.9105E+02    4.6599E+01    5.4637E+01    1.9775E+01    1.6013E+01    1.3637E+01    7.4431E+01    4.8776E+01    1.3424E+01    4.2238E+00    1.6359E+01    1.5011E+01    1.0253E+01   
 1.9214E+02    4.6594E+01    5.4583E+01    1.9780E+01    1.5949E+01    1.3796E+01    7.4479E+01    4.8811E+01    1.3434E+01    4.2645E+00    1.6318E+01    1.5024E+01    1.0253E+01   
 1.9324E+02    4.6603E+01    5.4522E+01    1.9831E+01    1.5924E+01    1.3969E+01    7.4528E+01    4.8851E+01    1.3433E+01    4.2442E+00    1.6318E+01    1.5036E+01    1.0218E+01   
 1.9434E+02    4.6592E+01    5.4514E+01    1.9878E+01    1.5949E+01    1.4060E+01    7.4590E+01    4.8872E+01    1.3466E+01    4.2442E+00    1.6380E+01    1.5024E+01    1.0289E+01   
 1.9544E+02    4.6602E+01    5.4482E+01    1.9891E+01    1.6014E+01    1.4236E+01    7.4634E+01    4.8991E+01    1.3536E+01    4.2442E+00    1.6176E+01    1.5450E+01    1.0253E+01   
# Time (s)      T1w (C)       T2w (C)       T1a (C)       T2a (C)       T1r (C)       T2r (C)       T3r (C)       T4r (C)       P1 (bar)      P2 (bar)      Pow (W/100)      Qc (l/min)    
 1.9653E+02    4.6579E+01    5.4455E+01    1.9978E+01    1.6002E+01    1.4427E+01    7.4657E+01    4.9076E+01    1.3560E+01    4.2442E+00    1.6237E+01    1.5024E+01    1.0218E+01   
 1.9768E+02    4.6597E+01    5.4413E+01    1.9775E+01    1.5918E+01    1.4565E+01    7.4690E+01    4.9197E+01    1.3546E+01    4.2442E+00    1.6257E+01    1.4963E+01    1.0253E+01   
 1.9876E+02    4.6583E+01    5.4427E+01    1.9736E+01    1.5990E+01    1.4650E+01    7.4742E+01    4.9279E+01    1.3554E+01    4.2442E+00    1.6216E+01    1.5328E+01    1.0253E+01   
 1.9987E+02    4.6598E+01    5.4414E+01    1.9791E+01    1.6044E+01    1.4796E+01    7.4762E+01    4.9375E+01    1.3566E+01    4.2442E+00    1.6176E+01    1.5474E+01    1.0289E+01   
 2.0095E+02    4.6635E+01    5.4427E+01    1.9783E+01    1.6010E+01    1.4950E+01    7.4746E+01    4.9494E+01    1.3576E+01    4.2645E+00    1.6176E+01    1.5219E+01    1.0182E+01   
 2.0205E+02    4.6636E+01    5.4432E+01    1.9767E+01    1.6018E+01    1.5081E+01    7.4725E+01    4.9632E+01    1.3581E+01    4.2645E+00    1.6278E+01    1.5511E+01    1.0289E+01   
 2.0314E+02    4.6672E+01    5.4444E+01    1.9922E+01    1.6024E+01    1.5150E+01    7.4720E+01    4.9684E+01    1.3625E+01    4.2442E+00    1.6216E+01    1.5426E+01    1.0289E+01   
 2.0422E+02    4.6672E+01    5.4426E+01    2.0000E+01    1.6228E+01    1.5271E+01    7.4725E+01    4.9807E+01    1.3669E+01    4.2645E+00    1.6339E+01    1.5401E+01    1.0289E+01   
 2.0531E+02    4.6694E+01    5.4438E+01    1.9890E+01    1.6201E+01    1.5429E+01    7.4716E+01    4.9955E+01    1.3684E+01    4.2645E+00    1.6176E+01    1.5182E+01    1.0289E+01   
 2.0640E+02    4.6688E+01    5.4442E+01    1.9871E+01    1.6149E+01    1.5469E+01    7.4650E+01    5.0067E+01    1.3727E+01    4.2849E+00    1.6135E+01    1.5011E+01    1.0218E+01   
 2.0749E+02    4.6686E+01    5.4427E+01    1.9851E+01    1.6247E+01    1.5576E+01    7.4590E+01    5.0118E+01    1.3725E+01    4.2849E+00    1.6278E+01    1.4999E+01    1.0218E+01   
 2.0858E+02    4.6686E+01    5.4435E+01    1.9847E+01    1.6260E+01    1.5695E+01    7.4568E+01    5.0249E+01    1.3745E+01    4.2849E+00    1.6176E+01    1.5011E+01    1.0253E+01   
 2.0967E+02    4.6679E+01    5.4454E+01    1.9941E+01    1.6275E+01    1.5799E+01    7.4553E+01    5.0354E+01    1.3754E+01    4.2849E+00    1.6318E+01    1.5097E+01    1.0324E+01   
 2.1075E+02    4.6659E+01    5.4438E+01    1.9857E+01    1.6289E+01    1.5845E+01    7.4553E+01    5.0404E+01    1.3761E+01    4.3053E+00    1.6196E+01    1.5462E+01    1.0253E+01   
 2.1184E+02    4.6640E+01    5.4417E+01    1.9904E+01    1.6279E+01    1.5938E+01    7.4517E+01    5.0525E+01    1.3782E+01    4.3257E+00    1.6176E+01    1.5548E+01    1.0324E+01   
 2.1293E+02    4.6614E+01    5.4420E+01    1.9839E+01    1.6236E+01    1.6046E+01    7.4482E+01    5.0582E+01    1.3810E+01    4.3053E+00    1.6318E+01    1.5560E+01    1.0218E+01   
 2.1402E+02    4.6626E+01    5.4412E+01    1.9797E+01    1.6246E+01    1.6118E+01    7.4432E+01    5.0669E+01    1.3866E+01    4.3460E+00    1.6318E+01    1.5182E+01    1.0289E+01   
 2.1511E+02    4.6635E+01    5.4418E+01    1.9784E+01    1.6309E+01    1.6168E+01    7.4353E+01    5.0686E+01    1.3903E+01    4.3460E+00    1.6196E+01    1.5036E+01    1.0253E+01   
 2.1620E+02    4.6622E+01    5.4443E+01    1.9784E+01    1.6349E+01    1.6252E+01    7.4349E+01    5.0758E+01    1.3962E+01    4.3460E+00    1.6196E+01    1.5072E+01    1.0289E+01   
 2.1729E+02    4.6652E+01    5.4449E+01    1.9797E+01    1.6439E+01    1.6323E+01    7.4315E+01    5.0808E+01    1.3959E+01    4.3664E+00    1.6257E+01    1.5060E+01    1.0289E+01   
 2.1838E+02    4.6645E+01    5.4448E+01    1.9744E+01    1.6406E+01    1.6375E+01    7.4279E+01    5.0867E+01    1.4027E+01    4.3664E+00    1.6237E+01    1.5584E+01    1.0324E+01   
 2.1948E+02    4.6670E+01    5.4502E+01    1.9905E+01    1.6469E+01    1.6430E+01    7.4216E+01    5.0891E+01    1.4043E+01    4.3664E+00    1.6298E+01    1.5279E+01    1.0253E+01   
 2.2058E+02    4.6678E+01    5.4498E+01    1.9933E+01    1.6463E+01    1.6481E+01    7.4199E+01    5.0911E+01    1.4076E+01    4.3868E+00    1.6155E+01    1.5560E+01    1.0289E+01   
 2.2167E+02    4.6685E+01    5.4517E+01    1.9920E+01    1.6490E+01    1.6551E+01    7.4205E+01    5.0942E+01    1.4103E+01    4.3868E+00    1.6196E+01    1.5389E+01    1.0289E+01   
 2.2277E+02    4.6677E+01    5.4519E+01    1.9835E+01    1.6511E+01    1.6574E+01    7.4236E+01    5.0975E+01    1.4110E+01    4.3868E+00    1.6237E+01    1.5072E+01    1.0289E+01   
 2.2387E+02    4.6696E+01    5.4529E+01    1.9868E+01    1.6525E+01    1.6623E+01    7.4217E+01    5.0972E+01    1.4136E+01    4.4071E+00    1.6380E+01    1.5499E+01    1.0289E+01   
 2.2502E+02    4.6684E+01    5.4540E+01    1.9874E+01    1.6497E+01    1.6671E+01    7.4228E+01    5.0969E+01    1.4183E+01    4.3868E+00    1.6278E+01    1.5365E+01    1.0289E+01   
 2.2610E+02    4.6687E+01    5.4545E+01    1.9784E+01    1.6526E+01    1.6729E+01    7.4197E+01    5.0969E+01    1.4196E+01    4.4275E+00    1.6339E+01    1.5133E+01    1.0289E+01   
 2.2720E+02    4.6688E+01    5.4548E+01    1.9770E+01    1.6501E+01    1.6743E+01    7.4154E+01    5.0977E+01    1.4233E+01    4.4275E+00    1.6257E+01    1.5414E+01    1.0218E+01   
 2.2828E+02    4.6691E+01    5.4560E+01    1.9823E+01    1.6579E+01    1.6787E+01    7.4111E+01    5.0975E+01    1.4270E+01    4.4275E+00    1.6237E+01    1.5243E+01    1.0218E+01   
# Time (s)      T1w (C)       T2w (C)       T1a (C)       T2a (C)       T1r (C)       T2r (C)       T3r (C)       T4r (C)       P1 (bar)      P2 (bar)      Pow (W/100)      Qc (l/min)    
 2.2937E+02    4.6709E+01    5.4568E+01    1.9807E+01    1.6544E+01    1.6821E+01    7.4122E+01    5.0991E+01    1.4338E+01    4.4479E+00    1.6298E+01    1.5621E+01    1.0324E+01   
 2.3046E+02    4.6703E+01    5.4580E+01    1.9964E+01    1.6587E+01    1.6857E+01    7.4150E+01    5.0976E+01    1.4355E+01    4.4071E+00    1.6257E+01    1.5523E+01    1.0253E+01   
 2.3154E+02    4.6712E+01    5.4581E+01    1.9880E+01    1.6560E+01    1.6910E+01    7.4225E+01    5.0986E+01    1.4409E+01    4.4479E+00    1.6257E+01    1.5133E+01    1.0218E+01   
 2.3262E+02    4.6703E+01    5.4570E+01    1.9895E+01    1.6568E+01    1.6924E+01    7.4213E+01    5.0993E+01    1.4451E+01    4.4479E+00    1.6278E+01    1.5121E+01    1.0324E+01   
 2.3370E+02    4.6687E+01    5.4581E+01    1.9852E+01    1.6525E+01    1.6981E+01    7.4216E+01    5.1017E+01    1.4475E+01    4.4479E+00    1.6278E+01    1.5109E+01    1.0289E+01   
 2.3478E+02    4.6697E+01    5.4595E+01    1.9793E+01    1.6621E+01    1.7030E+01    7.4199E+01    5.1068E+01    1.4519E+01    4.4479E+00    1.6278E+01    1.5243E+01    1.0253E+01   
 2.3586E+02    4.6695E+01    5.4601E+01    1.9844E+01    1.6603E+01    1.7038E+01    7.4201E+01    5.1061E+01    1.4556E+01    4.4479E+00    1.6278E+01    1.5657E+01    1.0289E+01   
 2.3694E+02    4.6688E+01    5.4610E+01    1.9840E+01    1.6641E+01    1.7063E+01    7.4209E+01    5.1063E+01    1.4604E+01    4.4479E+00    1.6237E+01    1.5548E+01    1.0253E+01   
 2.3802E+02    4.6675E+01    5.4608E+01    1.9922E+01    1.6669E+01    1.7092E+01    7.4179E+01    5.1089E+01    1.4634E+01    4.4683E+00    1.6441E+01    1.5682E+01    1.0253E+01   
 2.3911E+02    4.6655E+01    5.4604E+01    1.9856E+01    1.6622E+01    1.7110E+01    7.4149E+01    5.1096E+01    1.4693E+01    4.4683E+00    1.6318E+01    1.5682E+01    1.0218E+01   
 2.4020E+02    4.6672E+01    5.4607E+01    1.9849E+01    1.6674E+01    1.7097E+01    7.4141E+01    5.1092E+01    1.4725E+01    4.4886E+00    1.6461E+01    1.5694E+01    1.0359E+01   
 2.4129E+02    4.6674E+01    5.4622E+01    1.9839E+01    1.6731E+01    1.7124E+01    7.4131E+01    5.1153E+01    1.4778E+01    4.4886E+00    1.6400E+01    1.5548E+01    1.0359E+01   
 2.4237E+02    4.6685E+01    5.4641E+01    1.9819E+01    1.6762E+01    1.7121E+01    7.4099E+01    5.1169E+01    1.4789E+01    4.4683E+00    1.6522E+01    1.5474E+01    1.0253E+01   
 2.4345E+02    4.6673E+01    5.4651E+01    2.0103E+01    1.6710E+01    1.7116E+01    7.4106E+01    5.1218E+01    1.4835E+01    4.4683E+00    1.6359E+01    1.5206E+01    1.0253E+01   
 2.4453E+02    4.6657E+01    5.4628E+01    2.0094E+01    1.6763E+01    1.7098E+01    7.4165E+01    5.1256E+01    1.4891E+01    4.4683E+00    1.6420E+01    1.5158E+01    1.0324E+01   
 2.4561E+02    4.6632E+01    5.4631E+01    1.9911E+01    1.6775E+01    1.7051E+01    7.4196E+01    5.1247E+01    1.4912E+01    4.4886E+00    1.6380E+01    1.5267E+01    1.0253E+01   
 2.4669E+02    4.6652E+01    5.4611E+01    1.9797E+01    1.6730E+01    1.6989E+01    7.4195E+01    5.1279E+01    1.4940E+01    4.4886E+00    1.6339E+01    1.5170E+01    1.0218E+01   
 2.4777E+02    4.6632E+01    5.4617E+01    1.9781E+01    1.6727E+01    1.6910E+01    7.4160E+01    5.1276E+01    1.4953E+01    4.4886E+00    1.6441E+01    1.5182E+01    1.0253E+01   
 2.4886E+02    4.6660E+01    5.4620E+01    1.9766E+01    1.6798E+01    1.6752E+01    7.4145E+01    5.1284E+01    1.4989E+01    4.4886E+00    1.6339E+01    1.5182E+01    1.0289E+01   
 2.4995E+02    4.6653E+01    5.4606E+01    1.9757E+01    1.6876E+01    1.6496E+01    7.4116E+01    5.1254E+01    1.4996E+01    4.5090E+00    1.6339E+01    1.5231E+01    1.0218E+01   
 2.5103E+02    4.6646E+01    5.4617E+01    1.9716E+01    1.6815E+01    1.6364E+01    7.4090E+01    5.1268E+01    1.5055E+01    4.5090E+00    1.6298E+01    1.5182E+01    1.0289E+01   
 2.5212E+02    4.6647E+01    5.4630E+01    1.9750E+01    1.6898E+01    1.5934E+01    7.4029E+01    5.1308E+01    1.5097E+01    4.4886E+00    1.6339E+01    1.5219E+01    1.0289E+01   
 2.5321E+02    4.6634E+01    5.4627E+01    1.9828E+01    1.6814E+01    1.5350E+01    7.4026E+01    5.1305E+01    1.5093E+01    4.5294E+00    1.6278E+01    1.5535E+01    1.0289E+01   
 2.5430E+02    4.6645E+01    5.4643E+01    1.9811E+01    1.6838E+01    1.4904E+01    7.4006E+01    5.1265E+01    1.5103E+01    4.5090E+00    1.6318E+01    1.5182E+01    1.0253E+01   
 2.5540E+02    4.6652E+01    5.4666E+01    1.9832E+01    1.6840E+01    1.4743E+01    7.4047E+01    5.1291E+01    1.5129E+01    4.5294E+00    1.6380E+01    1.5426E+01    1.0289E+01   
 2.5649E+02    4.6649E+01    5.4664E+01    1.9794E+01    1.6849E+01    1.4414E+01    7.4058E+01    5.1245E+01    1.5086E+01    4.5090E+00    1.6502E+01    1.5730E+01    1.0324E+01   
 2.5759E+02    4.6655E+01    5.4686E+01    1.9794E+01    1.6803E+01    1.4161E+01    7.4048E+01    5.1232E+01    1.5082E+01    4.5090E+00    1.6400E+01    1.5584E+01    1.0289E+01   
 2.5868E+02    4.6660E+01    5.4716E+01    1.9988E+01    1.6893E+01    1.4037E+01    7.4094E+01    5.1175E+01    1.5024E+01    4.4886E+00    1.6522E+01    1.5743E+01    1.0289E+01   
 2.5977E+02    4.6647E+01    5.4695E+01    1.9905E+01    1.6788E+01    1.3815E+01    7.4084E+01    5.1107E+01    1.4963E+01    4.4886E+00    1.6380E+01    1.5267E+01    1.0324E+01   
 2.6088E+02    4.6624E+01    5.4714E+01    1.9812E+01    1.6762E+01    1.3654E+01    7.4052E+01    5.1015E+01    1.4922E+01    4.4886E+00    1.6604E+01    1.5584E+01    1.0253E+01   
# Time (s)      T1w (C)       T2w (C)       T1a (C)       T2a (C)       T1r (C)       T2r (C)       T3r (C)       T4r (C)       P1 (bar)      P2 (bar)      Pow (W/100)      Qc (l/min)    
 2.6197E+02    4.6600E+01    5.4721E+01    1.9771E+01    1.6780E+01    1.3452E+01    7.4020E+01    5.0938E+01    1.4833E+01    4.4683E+00    1.6400E+01    1.5377E+01    1.0289E+01   
 2.6312E+02    4.6601E+01    5.4733E+01    1.9783E+01    1.6701E+01    1.3330E+01    7.4081E+01    5.0844E+01    1.4836E+01    4.4479E+00    1.6563E+01    1.5243E+01    1.0218E+01   
 2.6421E+02    4.6631E+01    5.4779E+01    1.9808E+01    1.6755E+01    1.3263E+01    7.4082E+01    5.0763E+01    1.4738E+01    4.4275E+00    1.6604E+01    1.5414E+01    1.0218E+01   
 2.6529E+02    4.6628E+01    5.4804E+01    1.9827E+01    1.6760E+01    1.3138E+01    7.4095E+01    5.0657E+01    1.4663E+01    4.4275E+00    1.6461E+01    1.5243E+01    1.0253E+01   
 2.6637E+02    4.6638E+01    5.4833E+01    1.9804E+01    1.6716E+01    1.3008E+01    7.4081E+01    5.0527E+01    1.4612E+01    4.4071E+00    1.6543E+01    1.5267E+01    1.0289E+01   
 2.6745E+02    4.6653E+01    5.4838E+01    1.9786E+01    1.6667E+01    1.2924E+01    7.4057E+01    5.0380E+01    1.4540E+01    4.4071E+00    1.6522E+01    1.5243E+01    1.0289E+01   
 2.6854E+02    4.6633E+01    5.4832E+01    1.9737E+01    1.6641E+01    1.2825E+01    7.4019E+01    5.0306E+01    1.4481E+01    4.4071E+00    1.6563E+01    1.5255E+01    1.0359E+01   
 2.6963E+02    4.6600E+01    5.4828E+01    1.9754E+01    1.6602E+01    1.2703E+01    7.4029E+01    5.0165E+01    1.4400E+01    4.4071E+00    1.6461E+01    1.5377E+01    1.0253E+01   
 2.7071E+02    4.6613E+01    5.4830E+01    1.9787E+01    1.6625E+01    1.2609E+01    7.4051E+01    5.0024E+01    1.4362E+01    4.4071E+00    1.6461E+01    1.5219E+01    1.0253E+01   
 2.7179E+02    4.6618E+01    5.4826E+01    1.9800E+01    1.6506E+01    1.2554E+01    7.4093E+01    4.9855E+01    1.4287E+01    4.4071E+00    1.6441E+01    1.5279E+01    1.0359E+01   
 2.7287E+02    4.6627E+01    5.4853E+01    1.9989E+01    1.6455E+01    1.2486E+01    7.4140E+01    4.9768E+01    1.4207E+01    4.4071E+00    1.6441E+01    1.5511E+01    1.0253E+01   
 2.7395E+02    4.6642E+01    5.4862E+01    1.9933E+01    1.6410E+01    1.2415E+01    7.4133E+01    4.9607E+01    1.4159E+01    4.3868E+00    1.6441E+01    1.5633E+01    1.0289E+01   
 2.7503E+02    4.6647E+01    5.4865E+01    1.9900E+01    1.6397E+01    1.2420E+01    7.4160E+01    4.9439E+01    1.4033E+01    4.3664E+00    1.6563E+01    1.5596E+01    1.0289E+01   
 2.7612E+02    4.6649E+01    5.4858E+01    1.9870E+01    1.6391E+01    1.2444E+01    7.4225E+01    4.9390E+01    1.3920E+01    4.3257E+00    1.6461E+01    1.5706E+01    1.0253E+01   
 2.7721E+02    4.6646E+01    5.4874E+01    1.9896E+01    1.6347E+01    1.2531E+01    7.4253E+01    4.9263E+01    1.3865E+01    4.3460E+00    1.6645E+01    1.5682E+01    1.0359E+01   
 2.7830E+02    4.6647E+01    5.4875E+01    1.9903E+01    1.6239E+01    1.2658E+01    7.4334E+01    4.9150E+01    1.3845E+01    4.3460E+00    1.6502E+01    1.5499E+01    1.0289E+01   
 2.7939E+02    4.6626E+01    5.4835E+01    1.9898E+01    1.6218E+01    1.2715E+01    7.4384E+01    4.8999E+01    1.3750E+01    4.2849E+00    1.6604E+01    1.5487E+01    1.0324E+01   
 2.8047E+02    4.6611E+01    5.4826E+01    1.9842E+01    1.6065E+01    1.2853E+01    7.4435E+01    4.8922E+01    1.3660E+01    4.2849E+00    1.6482E+01    1.5608E+01    1.0253E+01   
 2.8156E+02    4.6604E+01    5.4798E+01    1.9812E+01    1.6109E+01    1.2992E+01    7.4452E+01    4.8873E+01    1.3606E+01    4.2849E+00    1.6400E+01    1.5535E+01    1.0289E+01   
 2.8264E+02    4.6606E+01    5.4789E+01    1.9781E+01    1.5999E+01    1.3159E+01    7.4488E+01    4.8801E+01    1.3553E+01    4.2442E+00    1.6400E+01    1.5377E+01    1.0359E+01   
 2.8372E+02    4.6619E+01    5.4776E+01    1.9820E+01    1.6001E+01    1.3261E+01    7.4500E+01    4.8799E+01    1.3483E+01    4.2442E+00    1.6359E+01    1.5085E+01    1.0324E+01   
 2.8480E+02    4.6646E+01    5.4773E+01    1.9823E+01    1.5932E+01    1.3458E+01    7.4496E+01    4.8840E+01    1.3473E+01    4.2238E+00    1.6359E+01    1.5535E+01    1.0289E+01   
 2.8591E+02    4.6639E+01    5.4726E+01    1.9822E+01    1.5979E+01    1.3636E+01    7.4482E+01    4.8832E+01    1.3445E+01    4.2442E+00    1.6339E+01    1.5511E+01    1.0147E+01   
 2.8700E+02    4.6626E+01    5.4690E+01    1.9967E+01    1.6031E+01    1.3726E+01    7.4485E+01    4.8872E+01    1.3411E+01    4.2238E+00    1.6237E+01    1.5085E+01    1.0218E+01   
 2.8809E+02    4.6620E+01    5.4651E+01    1.9954E+01    1.5970E+01    1.3889E+01    7.4483E+01    4.8875E+01    1.3386E+01    4.2442E+00    1.6318E+01    1.5182E+01    1.0324E+01   
 2.8918E+02    4.6637E+01    5.4639E+01    1.9952E+01    1.5996E+01    1.4056E+01    7.4488E+01    4.8920E+01    1.3403E+01    4.2645E+00    1.6420E+01    1.5267E+01    1.0289E+01   
 2.9027E+02    4.6619E+01    5.4602E+01    1.9808E+01    1.6126E+01    1.4243E+01    7.4464E+01    4.9015E+01    1.3426E+01    4.2645E+00    1.6380E+01    1.5523E+01    1.0359E+01   
 2.9137E+02    4.6627E+01    5.4582E+01    1.9768E+01    1.6030E+01    1.4346E+01    7.4460E+01    4.9133E+01    1.3458E+01    4.2238E+00    1.6237E+01    1.5121E+01    1.0289E+01   
 2.9248E+02    4.6623E+01    5.4539E+01    1.9811E+01    1.6025E+01    1.4499E+01    7.4471E+01    4.9171E+01    1.3466E+01    4.2442E+00    1.6318E+01    1.5072E+01    1.0218E+01   
 2.9357E+02    4.6621E+01    5.4527E+01    1.9772E+01    1.6033E+01    1.4684E+01    7.4535E+01    4.9269E+01    1.3518E+01    4.2849E+00    1.6237E+01    1.5474E+01    1.0218E+01   
# Time (s)      T1w (C)       T2w (C)       T1a (C)       T2a (C)       T1r (C)       T2r (C)       T3r (C)       T4r (C)       P1 (bar)      P2 (bar)      Pow (W/100)      Qc (l/min)    
 2.9471E+02    4.6612E+01    5.4489E+01    1.9835E+01    1.5960E+01    1.4809E+01    7.4557E+01    4.9380E+01    1.3535E+01    4.2645E+00    1.6359E+01    1.5340E+01    1.0253E+01   
 2.9581E+02    4.6625E+01    5.4467E+01    1.9822E+01    1.6057E+01    1.4889E+01    7.4612E+01    4.9510E+01    1.3551E+01    4.2645E+00    1.6216E+01    1.5304E+01    1.0218E+01   
 2.9690E+02    4.6614E+01    5.4458E+01    2.0011E+01    1.6063E+01    1.5032E+01    7.4659E+01    4.9588E+01    1.3646E+01    4.2645E+00    1.6278E+01    1.5414E+01    1.0253E+01   
 2.9799E+02    4.6622E+01    5.4442E+01    2.0042E+01    1.6075E+01    1.5193E+01    7.4704E+01    4.9721E+01    1.3672E+01    4.2645E+00    1.6278E+01    1.5011E+01    1.0218E+01   
 2.9908E+02    4.6620E+01    5.4428E+01    2.0257E+01    1.6037E+01    1.5311E+01    7.4691E+01    4.9882E+01    1.3708E+01    4.2645E+00    1.6400E+01    1.5036E+01    1.0218E+01   
 3.0016E+02    4.6598E+01    5.4410E+01    2.0316E+01    1.6073E+01    1.5404E+01    7.4681E+01    5.0022E+01    1.3765E+01    4.2849E+00    1.6196E+01    1.5011E+01    1.0182E+01   
 3.0125E+02    4.6605E+01    5.4404E+01    2.0209E+01    1.6167E+01    1.5515E+01    7.4654E+01    5.0089E+01    1.3770E+01    4.2849E+00    1.6257E+01    1.4987E+01    1.0218E+01   
 3.0233E+02    4.6619E+01    5.4402E+01    2.0016E+01    1.6159E+01    1.5629E+01    7.4666E+01    5.0214E+01    1.3788E+01    4.2849E+00    1.6216E+01    1.5121E+01    1.0253E+01   
 3.0341E+02    4.6628E+01    5.4406E+01    1.9963E+01    1.6319E+01    1.5770E+01    7.4666E+01    5.0369E+01    1.3784E+01    4.3257E+00    1.6339E+01    1.5279E+01    1.0289E+01   
 3.0449E+02    4.6634E+01    5.4396E+01    1.9949E+01    1.6202E+01    1.5820E+01    7.4622E+01    5.0458E+01    1.3803E+01    4.2849E+00    1.6216E+01    1.5243E+01    1.0289E+01   
 3.0558E+02    4.6630E+01    5.4418E+01    1.9900E+01    1.6211E+01    1.5924E+01    7.4602E+01    5.0510E+01    1.3831E+01    4.3257E+00    1.6278E+01    1.5133E+01    1.0182E+01   
 3.0667E+02    4.6618E+01    5.4403E+01    1.9750E+01    1.6155E+01    1.6023E+01    7.4603E+01    5.0629E+01    1.3882E+01    4.3053E+00    1.6400E+01    1.5426E+01    1.0324E+01   
 3.0775E+02    4.6597E+01    5.4401E+01    1.9713E+01    1.6237E+01    1.6079E+01    7.4592E+01    5.0684E+01    1.3894E+01    4.3257E+00    1.6400E+01    1.5414E+01    1.0253E+01   
 3.0883E+02    4.6598E+01    5.4396E+01    1.9811E+01    1.6274E+01    1.6173E+01    7.4566E+01    5.0730E+01    1.3931E+01    4.3460E+00    1.6359E+01    1.5085E+01    1.0253E+01   
 3.0991E+02    4.6591E+01    5.4396E+01    1.9815E+01    1.6222E+01    1.6271E+01    7.4539E+01    5.0779E+01    1.3969E+01    4.3257E+00    1.6237E+01    1.5255E+01    1.0324E+01   
 3.1100E+02    4.6562E+01    5.4400E+01    1.9739E+01    1.6247E+01    1.6354E+01    7.4497E+01    5.0873E+01    1.4004E+01    4.3460E+00    1.6176E+01    1.5048E+01    1.0253E+01   
 3.1208E+02    4.6583E+01    5.4419E+01    1.9674E+01    1.6321E+01    1.6391E+01    7.4463E+01    5.0932E+01    1.4060E+01    4.3664E+00    1.6196E+01    1.5474E+01    1.0289E+01   
 3.1317E+02    4.6577E+01    5.4433E+01    1.9728E+01    1.6343E+01    1.6468E+01    7.4426E+01    5.0963E+01    1.4087E+01    4.3460E+00    1.6257E+01    1.5060E+01    1.0253E+01   
 3.1426E+02    4.6585E+01    5.4453E+01    1.9691E+01    1.6426E+01    1.6546E+01    7.4411E+01    5.1004E+01    1.4147E+01    4.3868E+00    1.6380E+01    1.5060E+01    1.0253E+01   
 3.1534E+02    4.6596E+01    5.4462E+01    1.9801E+01    1.6437E+01    1.6615E+01    7.4371E+01    5.1050E+01    1.4158E+01    4.4071E+00    1.6441E+01    1.5085E+01    1.0218E+01   
 3.1642E+02    4.6583E+01    5.4465E+01    1.9740E+01    1.6376E+01    1.6647E+01    7.4403E+01    5.1066E+01    1.4222E+01    4.3664E+00    1.6420E+01    1.5438E+01    1.0253E+01   
 3.1750E+02    4.6632E+01    5.4474E+01    1.9774E+01    1.6395E+01    1.6713E+01    7.4415E+01    5.1061E+01    1.4263E+01    4.3868E+00    1.6380E+01    1.5621E+01    1.0324E+01   
 3.1858E+02    4.6618E+01    5.4492E+01    1.9777E+01    1.6458E+01    1.6763E+01    7.4379E+01    5.1070E+01    1.4276E+01    4.3868E+00    1.6318E+01    1.5608E+01    1.0324E+01   
 3.1966E+02    4.6631E+01    5.4489E+01    1.9811E+01    1.6455E+01    1.6803E+01    7.4368E+01    5.1098E+01    1.4335E+01    4.4071E+00    1.6339E+01    1.5365E+01    1.0253E+01   
 3.2074E+02    4.6638E+01    5.4502E+01    1.9747E+01    1.6425E+01    1.6858E+01    7.4352E+01    5.1125E+01    1.4398E+01    4.4071E+00    1.6298E+01    1.5487E+01    1.0289E+01   
 3.2183E+02    4.6620E+01    5.4519E+01    1.9745E+01    1.6505E+01    1.6922E+01    7.4333E+01    5.1136E+01    1.4440E+01    4.4275E+00    1.6318E+01    1.5133E+01    1.0289E+01   
 3.2293E+02    4.6612E+01    5.4512E+01    1.9741E+01    1.6472E+01    1.6941E+01    7.4319E+01    5.1127E+01    1.4432E+01    4.4275E+00    1.6420E+01    1.5255E+01    1.0253E+01   
 3.2402E+02    4.6618E+01    5.4527E+01    1.9864E+01    1.6441E+01    1.6959E+01    7.4284E+01    5.1145E+01    1.4481E+01    4.4275E+00    1.6400E+01    1.5414E+01    1.0253E+01   
 3.2513E+02    4.6615E+01    5.4527E+01    1.9723E+01    1.6502E+01    1.6994E+01    7.4256E+01    5.1145E+01    1.4525E+01    4.4479E+00    1.6318E+01    1.5633E+01    1.0289E+01   
 3.2625E+02    4.6609E+01    5.4532E+01    1.9676E+01    1.6537E+01    1.7027E+01    7.4239E+01    5.1152E+01    1.4561E+01    4.4479E+00    1.6339E+01    1.5365E+01    1.0289E+01   
# Time (s)      T1w (C)       T2w (C)       T1a (C)       T2a (C)       T1r (C)       T2r (C)       T3r (C)       T4r (C)       P1 (bar)      P2 (bar)      Pow (W/100)      Qc (l/min)    
 3.2733E+02    4.6600E+01    5.4519E+01    1.9847E+01    1.6450E+01    1.7059E+01    7.4230E+01    5.1122E+01    1.4559E+01    4.4479E+00    1.6420E+01    1.5389E+01    1.0359E+01   
 3.2841E+02    4.6611E+01    5.4545E+01    1.9762E+01    1.6495E+01    1.7060E+01    7.4289E+01    5.1103E+01    1.4583E+01    4.4479E+00    1.6461E+01    1.5645E+01    1.0289E+01   
 3.2950E+02    4.6606E+01    5.4540E+01    1.9693E+01    1.6511E+01    1.7089E+01    7.4279E+01    5.1122E+01    1.4637E+01    4.4275E+00    1.6298E+01    1.5158E+01    1.0253E+01   
 3.3062E+02    4.6610E+01    5.4547E+01    1.9706E+01    1.6555E+01    1.7119E+01    7.4290E+01    5.1132E+01    1.4675E+01    4.4683E+00    1.6420E+01    1.5145E+01    1.0324E+01   
 3.3170E+02    4.6632E+01    5.4575E+01    1.9798E+01    1.6543E+01    1.7140E+01    7.4337E+01    5.1141E+01    1.4682E+01    4.4683E+00    1.6278E+01    1.5182E+01    1.0324E+01   
 3.3279E+02    4.6625E+01    5.4581E+01    1.9916E+01    1.6490E+01    1.7155E+01    7.4338E+01    5.1164E+01    1.4722E+01    4.4886E+00    1.6278E+01    1.5523E+01    1.0253E+01   
 3.3387E+02    4.6631E+01    5.4572E+01    1.9845E+01    1.6585E+01    1.7150E+01    7.4289E+01    5.1169E+01    1.4743E+01    4.4886E+00    1.6339E+01    1.5487E+01    1.0182E+01   
 3.3496E+02    4.6645E+01    5.4589E+01    1.9924E+01    1.6589E+01    1.7151E+01    7.4249E+01    5.1203E+01    1.4751E+01    4.4683E+00    1.6359E+01    1.5621E+01    1.0182E+01   
 3.3604E+02    4.6618E+01    5.4585E+01    1.9762E+01    1.6628E+01    1.7139E+01    7.4234E+01    5.1195E+01    1.4768E+01    4.4886E+00    1.6339E+01    1.5304E+01    1.0182E+01   
 3.3712E+02    4.6611E+01    5.4590E+01    1.9711E+01    1.6636E+01    1.7124E+01    7.4292E+01    5.1204E+01    1.4792E+01    4.4683E+00    1.6359E+01    1.5231E+01    1.0324E+01   
 3.3820E+02    4.6619E+01    5.4603E+01    1.9689E+01    1.6701E+01    1.7088E+01    7.4298E+01    5.1217E+01    1.4831E+01    4.4479E+00    1.6318E+01    1.5158E+01    1.0253E+01   
 3.3928E+02    4.6628E+01    5.4620E+01    1.9692E+01    1.6629E+01    1.7087E+01    7.4303E+01    5.1274E+01    1.4868E+01    4.4479E+00    1.6359E+01    1.5389E+01    1.0253E+01   
 3.4036E+02    4.6622E+01    5.4616E+01    1.9697E+01    1.6665E+01    1.7044E+01    7.4256E+01    5.1267E+01    1.4873E+01    4.4683E+00    1.6461E+01    1.5377E+01    1.0324E+01   
 3.4145E+02    4.6633E+01    5.4616E+01    1.9687E+01    1.6709E+01    1.6935E+01    7.4221E+01    5.1279E+01    1.4888E+01    4.4683E+00    1.6318E+01    1.5231E+01    1.0253E+01   
 3.4254E+02    4.6621E+01    5.4602E+01    1.9845E+01    1.6671E+01    1.6819E+01    7.4207E+01    5.1259E+01    1.4918E+01    4.4886E+00    1.6359E+01    1.5219E+01    1.0253E+01   
