# Run number 08 on Tue May 21 09:54:18 2024
# Time (s)      T1w (C)       T2w (C)       T1a (C)       T2a (C)       T1r (C)       T2r (C)       T3r (C)       T4r (C)       P1 (bar)      P2 (bar)      Pow (W/100)      Qc (l/min)    
 2.9296E-01    4.0964E+01    5.0598E+01    1.9973E+01    1.5911E+01    1.2014E+01    6.7430E+01    4.5994E+01    1.3866E+01    4.3460E+00    1.4789E+01    1.4597E+01    7.2811E+00   
 1.4383E+00    4.0969E+01    5.0593E+01    1.9951E+01    1.5864E+01    1.2011E+01    6.7443E+01    4.5938E+01    1.3813E+01    4.3053E+00    1.4809E+01    1.4353E+01    7.2511E+00   
 2.5344E+00    4.0970E+01    5.0589E+01    1.9805E+01    1.5898E+01    1.2035E+01    6.7464E+01    4.5882E+01    1.3755E+01    4.2849E+00    1.4789E+01    1.4305E+01    7.2811E+00   
 3.6146E+00    4.0991E+01    5.0589E+01    1.9840E+01    1.5794E+01    1.2042E+01    6.7463E+01    4.5776E+01    1.3713E+01    4.3053E+00    1.4932E+01    1.4597E+01    7.2811E+00   
 4.7017E+00    4.0994E+01    5.0589E+01    1.9902E+01    1.5822E+01    1.2120E+01    6.7484E+01    4.5705E+01    1.3698E+01    4.2849E+00    1.4789E+01    1.4695E+01    7.2511E+00   
 5.7898E+00    4.1015E+01    5.0590E+01    2.0128E+01    1.5770E+01    1.2252E+01    6.7495E+01    4.5681E+01    1.3635E+01    4.2849E+00    1.4830E+01    1.4548E+01    7.2811E+00   
 6.8870E+00    4.1006E+01    5.0590E+01    1.9981E+01    1.5722E+01    1.2388E+01    6.7511E+01    4.5630E+01    1.3602E+01    4.2645E+00    1.4911E+01    1.4402E+01    7.2811E+00   
 7.9751E+00    4.1025E+01    5.0589E+01    1.9910E+01    1.5723E+01    1.2469E+01    6.7515E+01    4.5573E+01    1.3596E+01    4.2645E+00    1.4768E+01    1.4232E+01    7.2511E+00   
 9.0623E+00    4.1022E+01    5.0591E+01    1.9830E+01    1.5665E+01    1.2639E+01    6.7536E+01    4.5526E+01    1.3545E+01    4.2442E+00    1.4932E+01    1.4268E+01    7.2511E+00   
 1.0150E+01    4.1044E+01    5.0606E+01    1.9991E+01    1.5643E+01    1.2804E+01    6.7560E+01    4.5508E+01    1.3518E+01    4.2238E+00    1.4870E+01    1.4256E+01    7.3110E+00   
 1.1239E+01    4.1041E+01    5.0591E+01    2.0055E+01    1.5654E+01    1.2911E+01    6.7605E+01    4.5499E+01    1.3518E+01    4.2034E+00    1.4768E+01    1.4329E+01    7.2511E+00   
 1.2352E+01    4.1015E+01    5.0559E+01    1.9855E+01    1.5618E+01    1.3103E+01    6.7665E+01    4.5494E+01    1.3493E+01    4.2238E+00    1.4830E+01    1.4317E+01    7.2209E+00   
 1.3447E+01    4.1008E+01    5.0563E+01    1.9746E+01    1.5516E+01    1.3307E+01    6.7680E+01    4.5487E+01    1.3484E+01    4.2442E+00    1.4891E+01    1.4232E+01    7.3110E+00   
 1.4537E+01    4.1004E+01    5.0536E+01    1.9804E+01    1.5547E+01    1.3469E+01    6.7692E+01    4.5517E+01    1.3456E+01    4.2034E+00    1.4809E+01    1.4414E+01    7.2511E+00   
 1.5640E+01    4.0986E+01    5.0501E+01    1.9820E+01    1.5527E+01    1.3557E+01    6.7721E+01    4.5535E+01    1.3391E+01    4.2034E+00    1.4850E+01    1.4207E+01    7.2511E+00   
 1.6736E+01    4.0997E+01    5.0487E+01    1.9875E+01    1.5489E+01    1.3738E+01    6.7755E+01    4.5569E+01    1.3406E+01    4.2238E+00    1.4768E+01    1.4341E+01    7.2811E+00   
 1.7823E+01    4.0997E+01    5.0482E+01    1.9968E+01    1.5476E+01    1.3918E+01    6.7800E+01    4.5638E+01    1.3401E+01    4.2034E+00    1.4789E+01    1.4512E+01    7.2811E+00   
 1.8912E+01    4.1009E+01    5.0473E+01    2.0037E+01    1.5518E+01    1.4099E+01    6.7806E+01    4.5671E+01    1.3367E+01    4.2238E+00    1.4707E+01    1.4487E+01    7.2209E+00   
 2.0001E+01    4.1012E+01    5.0459E+01    2.0087E+01    1.5509E+01    1.4191E+01    6.7846E+01    4.5743E+01    1.3421E+01    4.2238E+00    1.4728E+01    1.4256E+01    7.2511E+00   
 2.1089E+01    4.1019E+01    5.0454E+01    2.0106E+01    1.5470E+01    1.4345E+01    6.7861E+01    4.5822E+01    1.3426E+01    4.2034E+00    1.4789E+01    1.4317E+01    7.2511E+00   
 2.2184E+01    4.1005E+01    5.0435E+01    1.9883E+01    1.5551E+01    1.4474E+01    6.7890E+01    4.5893E+01    1.3401E+01    4.2238E+00    1.4687E+01    1.4207E+01    7.2811E+00   
 2.3272E+01    4.1016E+01    5.0445E+01    2.0002E+01    1.5475E+01    1.4619E+01    6.7902E+01    4.5923E+01    1.3384E+01    4.2238E+00    1.4728E+01    1.4646E+01    7.2209E+00   
 2.4385E+01    4.1037E+01    5.0425E+01    1.9993E+01    1.5625E+01    1.4689E+01    6.7930E+01    4.5964E+01    1.3393E+01    4.2238E+00    1.4748E+01    1.4378E+01    7.2511E+00   
 2.5481E+01    4.1034E+01    5.0434E+01    2.0062E+01    1.5508E+01    1.4799E+01    6.7922E+01    4.6070E+01    1.3419E+01    4.2034E+00    1.4768E+01    1.4561E+01    7.2811E+00   
 2.6569E+01    4.1052E+01    5.0449E+01    1.9952E+01    1.5524E+01    1.4932E+01    6.7903E+01    4.6128E+01    1.3423E+01    4.2034E+00    1.4789E+01    1.4536E+01    7.2811E+00   
 2.7661E+01    4.1053E+01    5.0446E+01    2.0004E+01    1.5606E+01    1.5039E+01    6.7870E+01    4.6184E+01    1.3438E+01    4.2238E+00    1.4666E+01    1.4232E+01    7.2511E+00   
 2.8737E+01    4.1081E+01    5.0454E+01    2.0024E+01    1.5701E+01    1.5117E+01    6.7835E+01    4.6249E+01    1.3432E+01    4.2238E+00    1.4830E+01    1.4268E+01    7.2511E+00   
 2.9820E+01    4.1104E+01    5.0451E+01    2.0145E+01    1.5658E+01    1.5223E+01    6.7795E+01    4.6299E+01    1.3485E+01    4.2034E+00    1.4728E+01    1.4195E+01    7.2511E+00   
 3.0900E+01    4.1107E+01    5.0457E+01    2.0057E+01    1.5661E+01    1.5306E+01    6.7773E+01    4.6342E+01    1.3465E+01    4.2034E+00    1.4830E+01    1.4244E+01    7.2811E+00   
 3.1993E+01    4.1106E+01    5.0456E+01    2.0058E+01    1.5685E+01    1.5354E+01    6.7744E+01    4.6397E+01    1.3488E+01    4.2442E+00    1.4748E+01    1.4195E+01    7.2811E+00   
# Time (s)      T1w (C)       T2w (C)       T1a (C)       T2a (C)       T1r (C)       T2r (C)       T3r (C)       T4r (C)       P1 (bar)      P2 (bar)      Pow (W/100)      Qc (l/min)    
 3.3082E+01    4.1118E+01    5.0435E+01    2.0061E+01    1.5675E+01    1.5456E+01    6.7722E+01    4.6479E+01    1.3517E+01    4.2442E+00    1.4789E+01    1.4646E+01    7.2511E+00   
 3.4162E+01    4.1122E+01    5.0433E+01    2.0294E+01    1.5688E+01    1.5575E+01    6.7718E+01    4.6549E+01    1.3562E+01    4.2238E+00    1.4728E+01    1.4609E+01    7.1906E+00   
 3.5251E+01    4.1121E+01    5.0444E+01    2.0258E+01    1.5726E+01    1.5663E+01    6.7725E+01    4.6603E+01    1.3621E+01    4.2442E+00    1.4830E+01    1.4658E+01    7.2511E+00   
 3.6340E+01    4.1128E+01    5.0442E+01    2.0292E+01    1.5768E+01    1.5731E+01    6.7760E+01    4.6676E+01    1.3679E+01    4.2645E+00    1.4789E+01    1.4293E+01    7.1906E+00   
 3.7436E+01    4.1120E+01    5.0431E+01    2.0328E+01    1.5793E+01    1.5774E+01    6.7800E+01    4.6740E+01    1.3642E+01    4.2645E+00    1.4707E+01    1.4158E+01    7.2511E+00   
 3.8523E+01    4.1142E+01    5.0440E+01    2.0229E+01    1.5774E+01    1.5862E+01    6.7816E+01    4.6760E+01    1.3655E+01    4.2442E+00    1.4687E+01    1.4597E+01    7.2811E+00   
 3.9609E+01    4.1137E+01    5.0434E+01    2.0099E+01    1.5769E+01    1.5937E+01    6.7897E+01    4.6828E+01    1.3679E+01    4.2442E+00    1.4687E+01    1.4268E+01    7.2209E+00   
 4.0692E+01    4.1160E+01    5.0428E+01    2.0245E+01    1.5771E+01    1.5944E+01    6.7964E+01    4.6832E+01    1.3665E+01    4.2645E+00    1.4707E+01    1.4219E+01    7.2511E+00   
 4.1781E+01    4.1149E+01    5.0431E+01    2.0138E+01    1.5884E+01    1.6013E+01    6.7998E+01    4.6889E+01    1.3693E+01    4.2442E+00    1.4707E+01    1.4195E+01    7.2511E+00   
 4.2868E+01    4.1162E+01    5.0448E+01    2.0242E+01    1.5809E+01    1.6055E+01    6.7978E+01    4.6898E+01    1.3702E+01    4.2849E+00    1.4809E+01    1.4219E+01    7.2511E+00   
 4.3956E+01    4.1163E+01    5.0447E+01    2.0171E+01    1.5805E+01    1.6089E+01    6.8001E+01    4.6946E+01    1.3732E+01    4.2849E+00    1.4728E+01    1.4207E+01    7.2511E+00   
 4.5045E+01    4.1205E+01    5.0445E+01    2.0168E+01    1.5799E+01    1.6153E+01    6.8066E+01    4.6967E+01    1.3762E+01    4.3053E+00    1.4830E+01    1.4280E+01    7.2511E+00   
 4.6133E+01    4.1241E+01    5.0458E+01    2.0222E+01    1.5853E+01    1.6211E+01    6.8073E+01    4.7001E+01    1.3810E+01    4.3053E+00    1.4789E+01    1.4341E+01    7.2511E+00   
 4.7218E+01    4.1258E+01    5.0510E+01    2.0230E+01    1.5899E+01    1.6256E+01    6.8106E+01    4.7020E+01    1.3851E+01    4.3053E+00    1.4687E+01    1.4366E+01    7.2811E+00   
 4.8300E+01    4.1246E+01    5.0503E+01    2.0297E+01    1.5885E+01    1.6287E+01    6.8135E+01    4.7022E+01    1.3901E+01    4.3257E+00    1.4870E+01    1.4622E+01    7.2811E+00   
 4.9388E+01    4.1262E+01    5.0535E+01    2.0327E+01    1.5936E+01    1.6331E+01    6.8116E+01    4.7037E+01    1.3899E+01    4.3053E+00    1.4728E+01    1.4256E+01    7.2811E+00   
 5.0470E+01    4.1270E+01    5.0546E+01    2.0184E+01    1.5993E+01    1.6377E+01    6.8101E+01    4.7059E+01    1.3916E+01    4.3053E+00    1.4728E+01    1.4573E+01    7.2811E+00   
 5.1555E+01    4.1262E+01    5.0568E+01    2.0152E+01    1.6030E+01    1.6427E+01    6.8075E+01    4.7081E+01    1.3974E+01    4.3257E+00    1.4850E+01    1.4475E+01    7.2811E+00   
 5.2643E+01    4.1296E+01    5.0598E+01    2.0203E+01    1.5969E+01    1.6421E+01    6.8046E+01    4.7114E+01    1.3984E+01    4.3257E+00    1.4768E+01    1.4536E+01    7.3110E+00   
 5.3732E+01    4.1284E+01    5.0603E+01    2.0049E+01    1.5984E+01    1.6455E+01    6.8027E+01    4.7151E+01    1.3988E+01    4.3053E+00    1.4768E+01    1.4414E+01    7.2209E+00   
 5.4821E+01    4.1295E+01    5.0622E+01    1.9901E+01    1.5984E+01    1.6436E+01    6.7981E+01    4.7141E+01    1.4006E+01    4.3053E+00    1.4870E+01    1.4463E+01    7.2511E+00   
 5.5910E+01    4.1281E+01    5.0643E+01    1.9835E+01    1.6019E+01    1.6441E+01    6.7984E+01    4.7149E+01    1.3992E+01    4.3257E+00    1.4809E+01    1.4268E+01    7.2811E+00   
 5.6996E+01    4.1288E+01    5.0654E+01    1.9978E+01    1.5947E+01    1.6391E+01    6.7954E+01    4.7148E+01    1.3990E+01    4.2849E+00    1.4748E+01    1.4731E+01    7.2209E+00   
 5.8100E+01    4.1296E+01    5.0655E+01    2.0079E+01    1.5989E+01    1.6376E+01    6.7954E+01    4.7166E+01    1.4027E+01    4.3053E+00    1.4891E+01    1.4293E+01    7.2811E+00   
 5.9205E+01    4.1313E+01    5.0661E+01    2.0260E+01    1.6039E+01    1.6356E+01    6.7938E+01    4.7172E+01    1.4037E+01    4.3053E+00    1.4830E+01    1.4402E+01    7.2811E+00   
 6.0325E+01    4.1292E+01    5.0674E+01    2.0220E+01    1.6055E+01    1.6347E+01    6.7944E+01    4.7189E+01    1.4062E+01    4.3257E+00    1.4768E+01    1.4597E+01    7.2511E+00   
 6.1406E+01    4.1289E+01    5.0672E+01    1.9952E+01    1.6011E+01    1.6296E+01    6.7965E+01    4.7234E+01    1.4056E+01    4.3053E+00    1.4870E+01    1.4646E+01    7.2511E+00   
 6.2495E+01    4.1279E+01    5.0654E+01    1.9981E+01    1.6028E+01    1.6230E+01    6.7965E+01    4.7287E+01    1.4089E+01    4.3257E+00    1.4809E+01    1.4341E+01    7.2811E+00   
 6.3575E+01    4.1282E+01    5.0674E+01    1.9982E+01    1.6063E+01    1.6142E+01    6.8017E+01    4.7287E+01    1.4125E+01    4.3257E+00    1.4891E+01    1.4317E+01    7.2811E+00   
 6.4648E+01    4.1304E+01    5.0668E+01    2.0023E+01    1.6111E+01    1.6085E+01    6.8045E+01    4.7296E+01    1.4149E+01    4.3460E+00    1.4809E+01    1.4597E+01    7.2511E+00   
# Time (s)      T1w (C)       T2w (C)       T1a (C)       T2a (C)       T1r (C)       T2r (C)       T3r (C)       T4r (C)       P1 (bar)      P2 (bar)      Pow (W/100)      Qc (l/min)    
 6.5741E+01    4.1316E+01    5.0696E+01    1.9979E+01    1.6111E+01    1.6005E+01    6.8042E+01    4.7349E+01    1.4180E+01    4.3257E+00    1.4891E+01    1.4475E+01    7.2209E+00   
 6.6829E+01    4.1336E+01    5.0707E+01    1.9857E+01    1.6099E+01    1.5858E+01    6.8020E+01    4.7334E+01    1.4194E+01    4.3664E+00    1.4768E+01    1.4317E+01    7.1906E+00   
 6.7912E+01    4.1329E+01    5.0712E+01    1.9883E+01    1.6180E+01    1.5685E+01    6.8019E+01    4.7368E+01    1.4241E+01    4.3460E+00    1.4911E+01    1.4451E+01    7.3110E+00   
 6.9000E+01    4.1311E+01    5.0717E+01    2.0192E+01    1.6139E+01    1.5568E+01    6.8031E+01    4.7385E+01    1.4246E+01    4.3868E+00    1.4789E+01    1.4756E+01    7.2511E+00   
 7.0087E+01    4.1322E+01    5.0746E+01    2.0240E+01    1.6169E+01    1.5303E+01    6.7984E+01    4.7381E+01    1.4272E+01    4.3664E+00    1.4932E+01    1.4792E+01    7.2811E+00   
 7.1175E+01    4.1307E+01    5.0739E+01    2.0080E+01    1.6129E+01    1.5013E+01    6.7975E+01    4.7388E+01    1.4279E+01    4.3664E+00    1.4870E+01    1.4804E+01    7.2811E+00   
 7.2265E+01    4.1328E+01    5.0759E+01    2.0088E+01    1.6098E+01    1.4783E+01    6.7950E+01    4.7392E+01    1.4311E+01    4.3868E+00    1.4891E+01    1.4756E+01    7.2511E+00   
 7.3353E+01    4.1322E+01    5.0773E+01    1.9986E+01    1.6174E+01    1.4185E+01    6.7934E+01    4.7372E+01    1.4338E+01    4.4071E+00    1.4870E+01    1.4500E+01    7.2811E+00   
 7.4440E+01    4.1330E+01    5.0780E+01    2.0071E+01    1.6155E+01    1.3761E+01    6.7901E+01    4.7357E+01    1.4373E+01    4.4071E+00    1.4932E+01    1.4414E+01    7.2209E+00   
 7.5528E+01    4.1346E+01    5.0811E+01    2.0035E+01    1.6143E+01    1.3480E+01    6.7886E+01    4.7335E+01    1.4377E+01    4.4071E+00    1.4952E+01    1.4427E+01    7.2511E+00   
 7.6617E+01    4.1340E+01    5.0856E+01    1.9999E+01    1.6168E+01    1.3329E+01    6.7902E+01    4.7303E+01    1.4344E+01    4.3868E+00    1.4993E+01    1.4707E+01    7.2511E+00   
 7.7704E+01    4.1358E+01    5.0878E+01    1.9930E+01    1.6203E+01    1.3075E+01    6.7925E+01    4.7220E+01    1.4323E+01    4.4071E+00    1.4972E+01    1.4378E+01    7.2511E+00   
 7.8807E+01    4.1334E+01    5.0871E+01    1.9939E+01    1.6133E+01    1.2856E+01    6.7896E+01    4.7145E+01    1.4276E+01    4.3664E+00    1.4993E+01    1.4353E+01    7.2511E+00   
 7.9895E+01    4.1353E+01    5.0892E+01    1.9927E+01    1.6049E+01    1.2673E+01    6.7889E+01    4.7098E+01    1.4236E+01    4.3460E+00    1.4972E+01    1.4366E+01    7.3110E+00   
 8.0984E+01    4.1339E+01    5.0927E+01    1.9910E+01    1.6153E+01    1.2568E+01    6.7922E+01    4.7000E+01    1.4190E+01    4.3460E+00    1.5095E+01    1.4414E+01    7.2811E+00   
 8.2072E+01    4.1326E+01    5.0948E+01    1.9941E+01    1.6081E+01    1.2421E+01    6.7961E+01    4.6883E+01    1.4178E+01    4.3460E+00    1.4972E+01    1.4707E+01    7.2511E+00   
 8.3159E+01    4.1336E+01    5.0956E+01    1.9965E+01    1.6139E+01    1.2300E+01    6.7964E+01    4.6856E+01    1.4130E+01    4.3257E+00    1.4993E+01    1.4439E+01    7.2811E+00   
 8.4241E+01    4.1338E+01    5.0983E+01    1.9892E+01    1.6021E+01    1.2231E+01    6.7927E+01    4.6765E+01    1.4087E+01    4.3053E+00    1.4993E+01    1.4841E+01    7.2511E+00   
 8.5337E+01    4.1334E+01    5.1003E+01    1.9954E+01    1.6013E+01    1.2158E+01    6.7937E+01    4.6661E+01    1.4047E+01    4.3257E+00    1.5054E+01    1.4475E+01    7.2811E+00   
 8.6420E+01    4.1341E+01    5.1012E+01    2.0115E+01    1.5980E+01    1.2109E+01    6.7956E+01    4.6545E+01    1.3983E+01    4.3053E+00    1.4952E+01    1.4780E+01    7.2511E+00   
 8.7496E+01    4.1342E+01    5.1010E+01    2.0064E+01    1.5853E+01    1.2115E+01    6.8010E+01    4.6493E+01    1.3918E+01    4.2849E+00    1.5013E+01    1.4816E+01    7.3110E+00   
 8.8584E+01    4.1353E+01    5.1012E+01    2.0176E+01    1.5851E+01    1.2143E+01    6.8032E+01    4.6412E+01    1.3892E+01    4.2849E+00    1.4932E+01    1.4792E+01    7.2511E+00   
 8.9673E+01    4.1364E+01    5.1037E+01    1.9983E+01    1.5773E+01    1.2224E+01    6.8020E+01    4.6331E+01    1.3853E+01    4.2645E+00    1.5034E+01    1.4597E+01    7.2811E+00   
 9.0761E+01    4.1367E+01    5.1035E+01    1.9854E+01    1.5799E+01    1.2290E+01    6.8029E+01    4.6270E+01    1.3792E+01    4.2442E+00    1.5013E+01    1.4792E+01    7.2511E+00   
 9.1882E+01    4.1398E+01    5.1066E+01    1.9861E+01    1.5678E+01    1.2399E+01    6.8081E+01    4.6220E+01    1.3744E+01    4.2645E+00    1.5034E+01    1.4341E+01    7.2811E+00   
 9.2977E+01    4.1387E+01    5.1038E+01    1.9871E+01    1.5703E+01    1.2444E+01    6.8114E+01    4.6135E+01    1.3709E+01    4.2442E+00    1.4972E+01    1.4561E+01    7.2511E+00   
 9.4099E+01    4.1404E+01    5.1030E+01    1.9907E+01    1.5602E+01    1.2572E+01    6.8158E+01    4.6021E+01    1.3663E+01    4.2238E+00    1.4972E+01    1.4548E+01    7.2511E+00   
 9.5180E+01    4.1410E+01    5.1035E+01    1.9808E+01    1.5525E+01    1.2692E+01    6.8169E+01    4.5965E+01    1.3589E+01    4.2238E+00    1.4972E+01    1.4366E+01    7.2209E+00   
 9.6260E+01    4.1427E+01    5.1021E+01    1.9796E+01    1.5610E+01    1.2840E+01    6.8232E+01    4.5919E+01    1.3552E+01    4.2442E+00    1.4952E+01    1.4682E+01    7.2209E+00   
 9.7347E+01    4.1457E+01    5.1035E+01    1.9936E+01    1.5578E+01    1.2897E+01    6.8273E+01    4.5888E+01    1.3479E+01    4.2238E+00    1.4993E+01    1.4756E+01    7.2511E+00   
# Time (s)      T1w (C)       T2w (C)       T1a (C)       T2a (C)       T1r (C)       T2r (C)       T3r (C)       T4r (C)       P1 (bar)      P2 (bar)      Pow (W/100)      Qc (l/min)    
 9.8435E+01    4.1450E+01    5.1019E+01    1.9911E+01    1.5612E+01    1.3044E+01    6.8330E+01    4.5863E+01    1.3479E+01    4.2034E+00    1.4993E+01    1.4305E+01    7.2811E+00   
 9.9518E+01    4.1475E+01    5.1012E+01    1.9871E+01    1.5552E+01    1.3214E+01    6.8365E+01    4.5840E+01    1.3422E+01    4.2238E+00    1.4952E+01    1.4293E+01    7.2811E+00   
 1.0059E+02    4.1474E+01    5.0993E+01    1.9902E+01    1.5624E+01    1.3295E+01    6.8390E+01    4.5847E+01    1.3391E+01    4.2238E+00    1.4911E+01    1.4414E+01    7.2511E+00   
 1.0168E+02    4.1462E+01    5.0961E+01    2.0012E+01    1.5544E+01    1.3460E+01    6.8425E+01    4.5849E+01    1.3420E+01    4.1831E+00    1.4911E+01    1.4707E+01    7.2209E+00   
 1.0277E+02    4.1450E+01    5.0963E+01    1.9799E+01    1.5539E+01    1.3609E+01    6.8427E+01    4.5887E+01    1.3377E+01    4.2034E+00    1.4911E+01    1.4707E+01    7.2209E+00   
 1.0386E+02    4.1467E+01    5.0936E+01    1.9907E+01    1.5476E+01    1.3752E+01    6.8447E+01    4.5892E+01    1.3399E+01    4.1831E+00    1.4870E+01    1.4719E+01    7.2811E+00   
 1.0495E+02    4.1477E+01    5.0928E+01    1.9852E+01    1.5561E+01    1.3814E+01    6.8469E+01    4.5936E+01    1.3376E+01    4.2238E+00    1.4891E+01    1.4463E+01    7.2811E+00   
 1.0604E+02    4.1491E+01    5.0913E+01    1.9862E+01    1.5393E+01    1.3960E+01    6.8473E+01    4.6010E+01    1.3370E+01    4.1831E+00    1.4850E+01    1.4353E+01    7.2511E+00   
 1.0712E+02    4.1505E+01    5.0915E+01    1.9944E+01    1.5461E+01    1.4106E+01    6.8476E+01    4.6066E+01    1.3365E+01    4.2034E+00    1.4952E+01    1.4353E+01    7.2511E+00   
 1.0821E+02    4.1506E+01    5.0890E+01    1.9945E+01    1.5476E+01    1.4243E+01    6.8499E+01    4.6111E+01    1.3364E+01    4.1831E+00    1.4830E+01    1.4256E+01    7.2209E+00   
 1.0930E+02    4.1516E+01    5.0886E+01    1.9866E+01    1.5550E+01    1.4328E+01    6.8508E+01    4.6188E+01    1.3376E+01    4.2034E+00    1.5013E+01    1.4256E+01    7.2511E+00   
 1.1039E+02    4.1535E+01    5.0860E+01    1.9855E+01    1.5572E+01    1.4456E+01    6.8528E+01    4.6238E+01    1.3379E+01    4.2238E+00    1.4809E+01    1.4329E+01    7.3110E+00   
 1.1148E+02    4.1557E+01    5.0884E+01    1.9983E+01    1.5714E+01    1.4566E+01    6.8529E+01    4.6314E+01    1.3394E+01    4.2238E+00    1.4932E+01    1.4341E+01    7.2209E+00   
 1.1257E+02    4.1558E+01    5.0868E+01    1.9989E+01    1.5675E+01    1.4677E+01    6.8517E+01    4.6333E+01    1.3397E+01    4.2238E+00    1.4809E+01    1.4548E+01    7.2811E+00   
 1.1365E+02    4.1558E+01    5.0884E+01    1.9912E+01    1.5688E+01    1.4726E+01    6.8527E+01    4.6402E+01    1.3354E+01    4.2238E+00    1.4972E+01    1.4695E+01    7.2811E+00   
 1.1474E+02    4.1578E+01    5.0864E+01    1.9850E+01    1.5732E+01    1.4867E+01    6.8542E+01    4.6502E+01    1.3374E+01    4.2238E+00    1.4809E+01    1.4524E+01    7.2511E+00   
 1.1583E+02    4.1569E+01    5.0858E+01    1.9837E+01    1.5755E+01    1.4969E+01    6.8573E+01    4.6560E+01    1.3414E+01    4.2034E+00    1.4932E+01    1.4256E+01    7.3110E+00   
 1.1692E+02    4.1556E+01    5.0868E+01    1.9832E+01    1.5741E+01    1.5037E+01    6.8574E+01    4.6650E+01    1.3434E+01    4.2034E+00    1.4870E+01    1.4622E+01    7.2511E+00   
 1.1800E+02    4.1580E+01    5.0860E+01    1.9887E+01    1.5720E+01    1.5158E+01    6.8607E+01    4.6739E+01    1.3471E+01    4.2034E+00    1.4932E+01    1.4695E+01    7.2209E+00   
 1.1909E+02    4.1570E+01    5.0858E+01    1.9961E+01    1.5785E+01    1.5247E+01    6.8584E+01    4.6823E+01    1.3454E+01    4.2034E+00    1.4850E+01    1.4682E+01    7.3110E+00   
 1.2018E+02    4.1578E+01    5.0855E+01    1.9988E+01    1.5792E+01    1.5333E+01    6.8594E+01    4.6856E+01    1.3493E+01    4.2238E+00    1.4972E+01    1.4646E+01    7.2811E+00   
 1.2127E+02    4.1571E+01    5.0856E+01    2.0110E+01    1.5771E+01    1.5404E+01    6.8581E+01    4.6924E+01    1.3501E+01    4.2238E+00    1.4891E+01    1.4293E+01    7.2511E+00   
 1.2237E+02    4.1591E+01    5.0864E+01    1.9856E+01    1.5788E+01    1.5500E+01    6.8541E+01    4.7010E+01    1.3522E+01    4.2238E+00    1.4809E+01    1.4622E+01    7.2511E+00   
 1.2346E+02    4.1584E+01    5.0869E+01    2.0025E+01    1.5820E+01    1.5604E+01    6.8525E+01    4.7092E+01    1.3547E+01    4.2442E+00    1.4911E+01    1.4719E+01    7.2511E+00   
 1.2455E+02    4.1594E+01    5.0881E+01    1.9932E+01    1.5786E+01    1.5701E+01    6.8474E+01    4.7111E+01    1.3574E+01    4.2238E+00    1.4932E+01    1.4353E+01    7.2511E+00   
 1.2569E+02    4.1602E+01    5.0881E+01    1.9954E+01    1.5837E+01    1.5739E+01    6.8445E+01    4.7155E+01    1.3619E+01    4.2238E+00    1.4952E+01    1.4268E+01    7.2811E+00   
 1.2678E+02    4.1608E+01    5.0896E+01    1.9985E+01    1.5913E+01    1.5823E+01    6.8418E+01    4.7210E+01    1.3641E+01    4.2442E+00    1.4870E+01    1.4695E+01    7.2811E+00   
 1.2789E+02    4.1622E+01    5.0899E+01    1.9806E+01    1.5907E+01    1.5895E+01    6.8415E+01    4.7261E+01    1.3679E+01    4.2849E+00    1.4850E+01    1.4256E+01    7.2811E+00   
 1.2896E+02    4.1626E+01    5.0905E+01    1.9746E+01    1.5914E+01    1.5981E+01    6.8489E+01    4.7307E+01    1.3741E+01    4.2442E+00    1.4850E+01    1.4280E+01    7.2811E+00   
 1.3004E+02    4.1626E+01    5.0919E+01    1.9836E+01    1.5910E+01    1.6006E+01    6.8521E+01    4.7363E+01    1.3762E+01    4.2849E+00    1.4870E+01    1.4695E+01    7.2511E+00   
# Time (s)      T1w (C)       T2w (C)       T1a (C)       T2a (C)       T1r (C)       T2r (C)       T3r (C)       T4r (C)       P1 (bar)      P2 (bar)      Pow (W/100)      Qc (l/min)    
 1.3111E+02    4.1656E+01    5.0917E+01    1.9933E+01    1.5984E+01    1.6072E+01    6.8537E+01    4.7365E+01    1.3755E+01    4.2442E+00    1.4932E+01    1.4317E+01    7.2511E+00   
 1.3218E+02    4.1654E+01    5.0904E+01    1.9990E+01    1.5892E+01    1.6143E+01    6.8570E+01    4.7376E+01    1.3813E+01    4.2849E+00    1.4850E+01    1.4597E+01    7.2511E+00   
 1.3327E+02    4.1628E+01    5.0912E+01    1.9995E+01    1.5943E+01    1.6187E+01    6.8617E+01    4.7435E+01    1.3869E+01    4.3053E+00    1.4830E+01    1.4402E+01    7.2511E+00   
 1.3435E+02    4.1648E+01    5.0905E+01    2.0158E+01    1.6029E+01    1.6223E+01    6.8667E+01    4.7456E+01    1.3871E+01    4.2849E+00    1.4911E+01    1.4402E+01    7.3110E+00   
 1.3544E+02    4.1664E+01    5.0931E+01    2.0001E+01    1.5942E+01    1.6304E+01    6.8680E+01    4.7506E+01    1.3909E+01    4.2849E+00    1.4911E+01    1.4536E+01    7.3110E+00   
 1.3653E+02    4.1680E+01    5.0948E+01    2.0288E+01    1.5965E+01    1.6364E+01    6.8684E+01    4.7521E+01    1.3942E+01    4.3053E+00    1.4911E+01    1.4768E+01    7.2811E+00   
 1.3762E+02    4.1675E+01    5.0948E+01    2.0280E+01    1.6002E+01    1.6376E+01    6.8695E+01    4.7526E+01    1.3992E+01    4.2849E+00    1.4891E+01    1.4756E+01    7.2811E+00   
 1.3870E+02    4.1697E+01    5.0983E+01    2.0124E+01    1.6068E+01    1.6438E+01    6.8727E+01    4.7569E+01    1.4035E+01    4.3460E+00    1.4870E+01    1.4768E+01    7.2811E+00   
 1.3979E+02    4.1709E+01    5.0981E+01    1.9891E+01    1.6066E+01    1.6484E+01    6.8774E+01    4.7585E+01    1.4031E+01    4.3257E+00    1.5013E+01    1.4646E+01    7.2811E+00   
 1.4088E+02    4.1720E+01    5.1012E+01    1.9936E+01    1.6042E+01    1.6517E+01    6.8837E+01    4.7605E+01    1.4051E+01    4.3257E+00    1.4911E+01    1.4366E+01    7.2511E+00   
 1.4197E+02    4.1729E+01    5.0993E+01    2.0445E+01    1.6026E+01    1.6545E+01    6.8877E+01    4.7601E+01    1.4082E+01    4.3257E+00    1.4993E+01    1.4341E+01    7.2811E+00   
 1.4306E+02    4.1731E+01    5.1028E+01    2.0336E+01    1.6055E+01    1.6562E+01    6.8874E+01    4.7627E+01    1.4064E+01    4.3257E+00    1.4911E+01    1.4317E+01    7.2511E+00   
 1.4415E+02    4.1722E+01    5.1025E+01    2.0322E+01    1.6069E+01    1.6568E+01    6.8881E+01    4.7616E+01    1.4092E+01    4.3257E+00    1.5013E+01    1.4341E+01    7.2511E+00   
 1.4523E+02    4.1730E+01    5.1015E+01    2.0316E+01    1.6037E+01    1.6572E+01    6.8897E+01    4.7627E+01    1.4108E+01    4.3257E+00    1.4911E+01    1.4500E+01    7.2811E+00   
 1.4632E+02    4.1755E+01    5.1053E+01    2.0525E+01    1.6092E+01    1.6580E+01    6.8883E+01    4.7654E+01    1.4117E+01    4.3460E+00    1.4932E+01    1.4512E+01    7.2511E+00   
 1.4741E+02    4.1767E+01    5.1068E+01    2.0852E+01    1.6006E+01    1.6578E+01    6.8879E+01    4.7652E+01    1.4148E+01    4.3460E+00    1.4932E+01    1.4524E+01    7.2811E+00   
 1.4850E+02    4.1786E+01    5.1079E+01    2.0983E+01    1.6138E+01    1.6561E+01    6.8860E+01    4.7675E+01    1.4166E+01    4.3257E+00    1.4911E+01    1.4524E+01    7.2511E+00   
 1.4958E+02    4.1768E+01    5.1115E+01    2.0744E+01    1.6164E+01    1.6539E+01    6.8871E+01    4.7667E+01    1.4204E+01    4.3460E+00    1.5054E+01    1.4402E+01    7.2209E+00   
 1.5066E+02    4.1769E+01    5.1093E+01    2.0528E+01    1.6153E+01    1.6507E+01    6.8891E+01    4.7703E+01    1.4219E+01    4.3257E+00    1.4972E+01    1.4670E+01    7.3110E+00   
 1.5175E+02    4.1751E+01    5.1080E+01    2.0637E+01    1.6183E+01    1.6452E+01    6.8897E+01    4.7726E+01    1.4240E+01    4.3460E+00    1.5054E+01    1.4622E+01    7.1906E+00   
 1.5284E+02    4.1732E+01    5.1086E+01    2.0681E+01    1.6131E+01    1.6352E+01    6.8860E+01    4.7711E+01    1.4301E+01    4.3664E+00    1.4952E+01    1.4731E+01    7.2811E+00   
 1.5392E+02    4.1734E+01    5.1088E+01    2.0485E+01    1.6178E+01    1.6296E+01    6.8852E+01    4.7747E+01    1.4328E+01    4.3664E+00    1.5074E+01    1.4414E+01    7.2811E+00   
 1.5502E+02    4.1745E+01    5.1110E+01    2.0245E+01    1.6174E+01    1.6156E+01    6.8881E+01    4.7699E+01    1.4339E+01    4.3868E+00    1.4932E+01    1.4780E+01    7.2511E+00   
 1.5610E+02    4.1762E+01    5.1109E+01    2.0696E+01    1.6162E+01    1.5980E+01    6.8904E+01    4.7745E+01    1.4382E+01    4.3868E+00    1.4993E+01    1.4402E+01    7.2811E+00   
 1.5719E+02    4.1770E+01    5.1116E+01    2.0737E+01    1.6195E+01    1.5851E+01    6.8887E+01    4.7761E+01    1.4399E+01    4.4071E+00    1.4972E+01    1.4390E+01    7.2811E+00   
 1.5827E+02    4.1790E+01    5.1118E+01    2.0418E+01    1.6233E+01    1.5567E+01    6.8881E+01    4.7771E+01    1.4422E+01    4.4071E+00    1.5115E+01    1.4427E+01    7.3110E+00   
 1.5936E+02    4.1774E+01    5.1130E+01    2.0216E+01    1.6290E+01    1.5173E+01    6.8846E+01    4.7777E+01    1.4490E+01    4.3868E+00    1.4972E+01    1.4877E+01    7.3110E+00   
 1.6046E+02    4.1799E+01    5.1159E+01    2.0174E+01    1.6281E+01    1.4634E+01    6.8766E+01    4.7780E+01    1.4486E+01    4.4479E+00    1.5156E+01    1.4524E+01    7.2511E+00   
 1.6160E+02    4.1821E+01    5.1210E+01    2.0217E+01    1.6293E+01    1.4404E+01    6.8678E+01    4.7748E+01    1.4474E+01    4.4275E+00    1.5156E+01    1.4500E+01    7.3110E+00   
 1.6270E+02    4.1806E+01    5.1224E+01    2.0036E+01    1.6298E+01    1.3965E+01    6.8570E+01    4.7741E+01    1.4558E+01    4.4071E+00    1.5074E+01    1.4804E+01    7.2811E+00   
# Time (s)      T1w (C)       T2w (C)       T1a (C)       T2a (C)       T1r (C)       T2r (C)       T3r (C)       T4r (C)       P1 (bar)      P2 (bar)      Pow (W/100)      Qc (l/min)    
 1.6380E+02    4.1809E+01    5.1247E+01    1.9897E+01    1.6332E+01    1.3597E+01    6.8513E+01    4.7705E+01    1.4553E+01    4.4479E+00    1.5176E+01    1.4609E+01    7.3110E+00   
 1.6487E+02    4.1807E+01    5.1266E+01    1.9871E+01    1.6290E+01    1.3320E+01    6.8443E+01    4.7670E+01    1.4510E+01    4.4071E+00    1.5074E+01    1.4487E+01    7.2811E+00   
 1.6596E+02    4.1786E+01    5.1278E+01    2.0218E+01    1.6248E+01    1.3218E+01    6.8426E+01    4.7622E+01    1.4472E+01    4.4071E+00    1.5074E+01    1.4695E+01    7.2511E+00   
 1.6704E+02    4.1805E+01    5.1318E+01    2.0003E+01    1.6186E+01    1.3014E+01    6.8454E+01    4.7573E+01    1.4419E+01    4.3664E+00    1.5156E+01    1.4890E+01    7.3110E+00   
 1.6811E+02    4.1829E+01    5.1343E+01    2.0076E+01    1.6255E+01    1.2837E+01    6.8477E+01    4.7501E+01    1.4366E+01    4.3664E+00    1.5176E+01    1.4585E+01    7.2209E+00   
 1.6920E+02    4.1836E+01    5.1375E+01    2.0022E+01    1.6121E+01    1.2660E+01    6.8527E+01    4.7469E+01    1.4292E+01    4.3664E+00    1.5054E+01    1.4487E+01    7.2811E+00   
 1.7029E+02    4.1849E+01    5.1418E+01    1.9945E+01    1.6099E+01    1.2584E+01    6.8571E+01    4.7362E+01    1.4235E+01    4.3460E+00    1.5197E+01    1.4524E+01    7.2811E+00   
 1.7138E+02    4.1886E+01    5.1434E+01    1.9970E+01    1.6173E+01    1.2475E+01    6.8636E+01    4.7254E+01    1.4237E+01    4.3257E+00    1.5095E+01    1.4487E+01    7.2209E+00   
 1.7247E+02    4.1873E+01    5.1457E+01    2.0278E+01    1.6109E+01    1.2354E+01    6.8652E+01    4.7171E+01    1.4142E+01    4.3053E+00    1.5217E+01    1.4500E+01    7.3110E+00   
 1.7356E+02    4.1891E+01    5.1484E+01    2.0428E+01    1.6135E+01    1.2303E+01    6.8631E+01    4.7115E+01    1.4104E+01    4.3053E+00    1.5095E+01    1.4597E+01    7.2811E+00   
 1.7465E+02    4.1911E+01    5.1501E+01    2.0384E+01    1.5989E+01    1.2184E+01    6.8599E+01    4.6968E+01    1.4039E+01    4.3053E+00    1.5197E+01    1.4597E+01    7.2811E+00   
 1.7573E+02    4.1908E+01    5.1513E+01    2.0490E+01    1.6072E+01    1.2130E+01    6.8582E+01    4.6859E+01    1.3980E+01    4.3053E+00    1.5115E+01    1.4780E+01    7.2209E+00   
 1.7682E+02    4.1925E+01    5.1532E+01    2.0469E+01    1.6065E+01    1.2092E+01    6.8535E+01    4.6812E+01    1.3961E+01    4.2849E+00    1.5237E+01    1.4926E+01    7.3110E+00   
 1.7791E+02    4.1912E+01    5.1542E+01    2.0540E+01    1.6084E+01    1.2097E+01    6.8516E+01    4.6688E+01    1.3908E+01    4.3053E+00    1.5115E+01    1.4841E+01    7.2511E+00   
 1.7900E+02    4.1917E+01    5.1558E+01    2.0644E+01    1.5948E+01    1.2139E+01    6.8547E+01    4.6607E+01    1.3856E+01    4.2442E+00    1.5156E+01    1.4841E+01    7.2209E+00   
 1.8009E+02    4.1928E+01    5.1554E+01    2.0578E+01    1.5853E+01    1.2208E+01    6.8581E+01    4.6477E+01    1.3786E+01    4.2442E+00    1.5136E+01    1.4707E+01    7.2811E+00   
 1.8117E+02    4.1922E+01    5.1558E+01    2.0589E+01    1.5943E+01    1.2297E+01    6.8644E+01    4.6450E+01    1.3751E+01    4.2442E+00    1.5176E+01    1.4463E+01    7.2511E+00   
 1.8226E+02    4.1922E+01    5.1551E+01    2.0549E+01    1.5806E+01    1.2333E+01    6.8678E+01    4.6341E+01    1.3666E+01    4.2442E+00    1.5156E+01    1.4402E+01    7.2511E+00   
 1.8335E+02    4.1937E+01    5.1547E+01    2.0706E+01    1.5836E+01    1.2473E+01    6.8755E+01    4.6241E+01    1.3684E+01    4.2645E+00    1.5095E+01    1.4439E+01    7.2811E+00   
 1.8444E+02    4.1929E+01    5.1544E+01    2.0611E+01    1.5873E+01    1.2608E+01    6.8787E+01    4.6188E+01    1.3653E+01    4.2442E+00    1.5156E+01    1.4402E+01    7.3110E+00   
 1.8553E+02    4.1949E+01    5.1531E+01    2.0569E+01    1.5805E+01    1.2673E+01    6.8834E+01    4.6194E+01    1.3595E+01    4.2238E+00    1.5115E+01    1.4414E+01    7.2811E+00   
 1.8662E+02    4.1941E+01    5.1521E+01    2.0395E+01    1.5846E+01    1.2850E+01    6.8884E+01    4.6145E+01    1.3566E+01    4.2034E+00    1.5176E+01    1.4427E+01    7.2511E+00   
 1.8769E+02    4.1946E+01    5.1510E+01    2.0050E+01    1.5858E+01    1.3030E+01    6.8890E+01    4.6104E+01    1.3558E+01    4.2238E+00    1.5054E+01    1.4439E+01    7.2511E+00   
 1.8880E+02    4.1975E+01    5.1500E+01    2.0062E+01    1.5851E+01    1.3184E+01    6.8938E+01    4.6067E+01    1.3527E+01    4.2238E+00    1.5156E+01    1.4390E+01    7.2811E+00   
 1.8989E+02    4.1979E+01    5.1482E+01    1.9913E+01    1.5848E+01    1.3301E+01    6.8998E+01    4.6106E+01    1.3544E+01    4.2034E+00    1.5034E+01    1.4378E+01    7.2511E+00   
 1.9097E+02    4.1979E+01    5.1454E+01    1.9805E+01    1.5672E+01    1.3484E+01    6.9031E+01    4.6113E+01    1.3518E+01    4.2238E+00    1.5197E+01    1.4402E+01    7.2209E+00   
 1.9206E+02    4.1975E+01    5.1443E+01    2.0256E+01    1.5645E+01    1.3659E+01    6.9057E+01    4.6159E+01    1.3512E+01    4.2034E+00    1.5034E+01    1.4463E+01    7.2511E+00   
 1.9315E+02    4.1971E+01    5.1410E+01    2.0108E+01    1.5542E+01    1.3837E+01    6.9088E+01    4.6224E+01    1.3533E+01    4.2034E+00    1.4993E+01    1.4658E+01    7.2209E+00   
 1.9425E+02    4.1949E+01    5.1387E+01    2.0099E+01    1.5557E+01    1.3902E+01    6.9100E+01    4.6237E+01    1.3499E+01    4.2034E+00    1.5115E+01    1.4427E+01    7.2811E+00   
 1.9539E+02    4.1940E+01    5.1356E+01    2.0222E+01    1.5476E+01    1.4068E+01    6.9116E+01    4.6291E+01    1.3483E+01    4.2034E+00    1.5054E+01    1.4353E+01    7.2511E+00   
# Time (s)      T1w (C)       T2w (C)       T1a (C)       T2a (C)       T1r (C)       T2r (C)       T3r (C)       T4r (C)       P1 (bar)      P2 (bar)      Pow (W/100)      Qc (l/min)    
 1.9648E+02    4.1936E+01    5.1331E+01    2.0054E+01    1.5507E+01    1.4193E+01    6.9119E+01    4.6344E+01    1.3479E+01    4.2034E+00    1.5095E+01    1.4366E+01    7.2811E+00   
 1.9758E+02    4.1943E+01    5.1313E+01    2.0369E+01    1.5563E+01    1.4343E+01    6.9128E+01    4.6403E+01    1.3476E+01    4.1831E+00    1.5136E+01    1.4463E+01    7.2511E+00   
 1.9866E+02    4.1942E+01    5.1314E+01    2.0380E+01    1.5706E+01    1.4440E+01    6.9125E+01    4.6513E+01    1.3502E+01    4.2034E+00    1.4972E+01    1.4622E+01    7.2811E+00   
 1.9974E+02    4.1943E+01    5.1299E+01    2.0296E+01    1.5602E+01    1.4592E+01    6.9135E+01    4.6617E+01    1.3533E+01    4.2238E+00    1.4952E+01    1.4743E+01    7.2511E+00   
 2.0082E+02    4.1970E+01    5.1314E+01    2.0066E+01    1.5678E+01    1.4730E+01    6.9105E+01    4.6715E+01    1.3552E+01    4.1831E+00    1.5034E+01    1.4366E+01    7.2811E+00   
 2.0190E+02    4.1978E+01    5.1306E+01    1.9944E+01    1.5726E+01    1.4779E+01    6.9058E+01    4.6730E+01    1.3548E+01    4.2034E+00    1.5074E+01    1.4329E+01    7.2511E+00   
 2.0299E+02    4.1987E+01    5.1293E+01    1.9895E+01    1.5750E+01    1.4894E+01    6.8989E+01    4.6804E+01    1.3563E+01    4.2238E+00    1.5013E+01    1.4341E+01    7.2811E+00   
 2.0407E+02    4.1979E+01    5.1283E+01    2.0110E+01    1.5759E+01    1.5010E+01    6.8952E+01    4.6889E+01    1.3556E+01    4.2442E+00    1.5115E+01    1.4414E+01    7.2209E+00   
 2.0516E+02    4.1982E+01    5.1268E+01    2.0168E+01    1.5720E+01    1.5110E+01    6.8938E+01    4.7000E+01    1.3603E+01    4.2238E+00    1.5013E+01    1.4512E+01    7.2811E+00   
 2.0625E+02    4.2019E+01    5.1298E+01    2.0191E+01    1.5774E+01    1.5183E+01    6.8920E+01    4.7030E+01    1.3605E+01    4.2034E+00    1.5074E+01    1.4451E+01    7.2511E+00   
 2.0734E+02    4.2028E+01    5.1309E+01    2.0613E+01    1.5884E+01    1.5299E+01    6.8910E+01    4.7118E+01    1.3604E+01    4.2034E+00    1.4972E+01    1.4548E+01    7.2209E+00   
 2.0843E+02    4.2033E+01    5.1318E+01    2.0584E+01    1.5862E+01    1.5397E+01    6.8901E+01    4.7221E+01    1.3647E+01    4.2442E+00    1.5095E+01    1.4780E+01    7.2811E+00   
 2.0951E+02    4.2037E+01    5.1322E+01    2.0421E+01    1.5862E+01    1.5522E+01    6.8887E+01    4.7244E+01    1.3635E+01    4.2442E+00    1.4932E+01    1.4816E+01    7.2511E+00   
 2.1060E+02    4.2027E+01    5.1319E+01    2.0511E+01    1.5854E+01    1.5538E+01    6.8881E+01    4.7306E+01    1.3650E+01    4.2238E+00    1.5034E+01    1.4756E+01    7.3110E+00   
 2.1169E+02    4.2023E+01    5.1338E+01    2.0587E+01    1.5975E+01    1.5637E+01    6.8906E+01    4.7370E+01    1.3654E+01    4.2442E+00    1.5054E+01    1.4634E+01    7.2811E+00   
 2.1279E+02    4.2047E+01    5.1332E+01    2.0538E+01    1.5932E+01    1.5731E+01    6.8928E+01    4.7437E+01    1.3698E+01    4.2442E+00    1.4993E+01    1.4414E+01    7.2209E+00   
 2.1387E+02    4.2061E+01    5.1352E+01    2.0449E+01    1.6024E+01    1.5813E+01    6.8933E+01    4.7477E+01    1.3748E+01    4.2442E+00    1.5074E+01    1.4366E+01    7.2811E+00   
 2.1496E+02    4.2079E+01    5.1343E+01    2.0473E+01    1.5962E+01    1.5868E+01    6.8953E+01    4.7542E+01    1.3775E+01    4.2645E+00    1.5054E+01    1.4792E+01    7.2511E+00   
 2.1606E+02    4.2076E+01    5.1340E+01    2.0607E+01    1.5959E+01    1.5948E+01    6.8969E+01    4.7569E+01    1.3775E+01    4.2442E+00    1.4972E+01    1.4366E+01    7.2209E+00   
 2.1715E+02    4.2099E+01    5.1347E+01    2.0540E+01    1.5936E+01    1.6000E+01    6.9006E+01    4.7606E+01    1.3822E+01    4.2645E+00    1.5074E+01    1.4573E+01    7.2511E+00   
 2.1823E+02    4.2096E+01    5.1334E+01    2.0573E+01    1.5960E+01    1.6013E+01    6.9021E+01    4.7644E+01    1.3834E+01    4.2645E+00    1.4972E+01    1.4695E+01    7.2811E+00   
 2.1932E+02    4.2099E+01    5.1320E+01    2.0364E+01    1.6040E+01    1.6092E+01    6.9070E+01    4.7671E+01    1.3849E+01    4.2849E+00    1.5013E+01    1.4634E+01    7.2811E+00   
 2.2041E+02    4.2124E+01    5.1359E+01    2.0554E+01    1.6051E+01    1.6136E+01    6.9072E+01    4.7720E+01    1.3847E+01    4.2645E+00    1.5054E+01    1.4743E+01    7.2811E+00   
 2.2150E+02    4.2121E+01    5.1354E+01    2.0371E+01    1.6011E+01    1.6213E+01    6.9173E+01    4.7767E+01    1.3882E+01    4.2849E+00    1.4993E+01    1.4390E+01    7.2811E+00   
 2.2259E+02    4.2158E+01    5.1375E+01    2.0151E+01    1.6137E+01    1.6225E+01    6.9257E+01    4.7769E+01    1.3932E+01    4.3053E+00    1.5176E+01    1.4463E+01    7.2511E+00   
 2.2368E+02    4.2150E+01    5.1386E+01    2.0148E+01    1.6139E+01    1.6297E+01    6.9317E+01    4.7815E+01    1.3962E+01    4.2849E+00    1.4972E+01    1.4414E+01    7.2811E+00   
 2.2477E+02    4.2158E+01    5.1397E+01    2.0007E+01    1.6174E+01    1.6361E+01    6.9360E+01    4.7828E+01    1.3984E+01    4.3257E+00    1.5136E+01    1.4475E+01    7.2811E+00   
 2.2586E+02    4.2180E+01    5.1404E+01    2.0123E+01    1.6119E+01    1.6415E+01    6.9394E+01    4.7840E+01    1.4016E+01    4.3053E+00    1.4993E+01    1.4719E+01    7.2209E+00   
 2.2695E+02    4.2169E+01    5.1418E+01    2.0197E+01    1.6145E+01    1.6438E+01    6.9427E+01    4.7852E+01    1.4043E+01    4.3257E+00    1.5136E+01    1.4768E+01    7.2209E+00   
 2.2803E+02    4.2191E+01    5.1434E+01    2.0246E+01    1.6147E+01    1.6471E+01    6.9468E+01    4.7881E+01    1.4052E+01    4.3460E+00    1.5136E+01    1.4816E+01    7.2511E+00   
# Time (s)      T1w (C)       T2w (C)       T1a (C)       T2a (C)       T1r (C)       T2r (C)       T3r (C)       T4r (C)       P1 (bar)      P2 (bar)      Pow (W/100)      Qc (l/min)    
 2.2917E+02    4.2177E+01    5.1426E+01    2.0056E+01    1.6120E+01    1.6514E+01    6.9491E+01    4.7872E+01    1.4105E+01    4.3257E+00    1.5176E+01    1.4548E+01    7.2511E+00   
 2.3027E+02    4.2201E+01    5.1442E+01    1.9964E+01    1.6133E+01    1.6566E+01    6.9528E+01    4.7920E+01    1.4131E+01    4.3257E+00    1.5115E+01    1.4451E+01    7.2209E+00   
 2.3136E+02    4.2180E+01    5.1429E+01    1.9936E+01    1.6138E+01    1.6580E+01    6.9549E+01    4.7926E+01    1.4172E+01    4.3664E+00    1.5156E+01    1.4427E+01    7.2209E+00   
 2.3244E+02    4.2219E+01    5.1469E+01    1.9945E+01    1.6153E+01    1.6636E+01    6.9557E+01    4.7979E+01    1.4174E+01    4.3460E+00    1.5095E+01    1.4573E+01    7.2811E+00   
 2.3352E+02    4.2213E+01    5.1464E+01    1.9880E+01    1.6172E+01    1.6639E+01    6.9561E+01    4.7996E+01    1.4196E+01    4.3460E+00    1.5095E+01    1.4427E+01    7.2511E+00   
 2.3460E+02    4.2222E+01    5.1502E+01    1.9840E+01    1.6278E+01    1.6676E+01    6.9594E+01    4.8011E+01    1.4241E+01    4.3460E+00    1.5034E+01    1.4853E+01    7.2811E+00   
 2.3568E+02    4.2225E+01    5.1498E+01    1.9845E+01    1.6206E+01    1.6698E+01    6.9587E+01    4.7999E+01    1.4249E+01    4.3664E+00    1.5156E+01    1.4439E+01    7.2511E+00   
 2.3677E+02    4.2231E+01    5.1508E+01    1.9820E+01    1.6252E+01    1.6715E+01    6.9599E+01    4.8031E+01    1.4254E+01    4.3460E+00    1.5115E+01    1.4402E+01    7.2511E+00   
 2.3785E+02    4.2245E+01    5.1525E+01    1.9981E+01    1.6298E+01    1.6721E+01    6.9598E+01    4.8042E+01    1.4295E+01    4.3460E+00    1.5156E+01    1.4427E+01    7.2511E+00   
 2.3894E+02    4.2253E+01    5.1542E+01    2.0096E+01    1.6339E+01    1.6722E+01    6.9628E+01    4.8076E+01    1.4307E+01    4.3664E+00    1.5074E+01    1.4414E+01    7.2511E+00   
 2.4003E+02    4.2248E+01    5.1553E+01    1.9887E+01    1.6336E+01    1.6743E+01    6.9639E+01    4.8072E+01    1.4349E+01    4.3257E+00    1.5156E+01    1.4451E+01    7.2811E+00   
 2.4112E+02    4.2268E+01    5.1576E+01    1.9965E+01    1.6363E+01    1.6741E+01    6.9655E+01    4.8108E+01    1.4366E+01    4.3664E+00    1.5054E+01    1.4487E+01    7.2511E+00   
 2.4221E+02    4.2285E+01    5.1583E+01    1.9957E+01    1.6339E+01    1.6721E+01    6.9695E+01    4.8128E+01    1.4408E+01    4.3460E+00    1.5176E+01    1.4451E+01    7.2811E+00   
 2.4330E+02    4.2299E+01    5.1576E+01    1.9946E+01    1.6409E+01    1.6712E+01    6.9725E+01    4.8151E+01    1.4472E+01    4.3460E+00    1.5034E+01    1.4500E+01    7.2209E+00   
 2.4438E+02    4.2286E+01    5.1575E+01    1.9801E+01    1.6437E+01    1.6621E+01    6.9722E+01    4.8170E+01    1.4473E+01    4.3664E+00    1.5176E+01    1.4731E+01    7.2209E+00   
 2.4547E+02    4.2280E+01    5.1587E+01    1.9999E+01    1.6458E+01    1.6493E+01    6.9735E+01    4.8197E+01    1.4518E+01    4.3868E+00    1.5074E+01    1.4804E+01    7.2811E+00   
 2.4656E+02    4.2300E+01    5.1599E+01    1.9902E+01    1.6377E+01    1.6434E+01    6.9719E+01    4.8207E+01    1.4538E+01    4.3868E+00    1.5095E+01    1.4682E+01    7.2811E+00   
 2.4765E+02    4.2291E+01    5.1604E+01    2.0228E+01    1.6452E+01    1.6254E+01    6.9716E+01    4.8210E+01    1.4582E+01    4.4275E+00    1.5197E+01    1.4768E+01    7.2511E+00   
 2.4874E+02    4.2271E+01    5.1600E+01    2.0161E+01    1.6419E+01    1.6018E+01    6.9716E+01    4.8236E+01    1.4607E+01    4.4275E+00    1.5156E+01    1.4963E+01    7.2511E+00   
 2.4982E+02    4.2249E+01    5.1601E+01    2.0261E+01    1.6432E+01    1.5747E+01    6.9667E+01    4.8250E+01    1.4616E+01    4.4275E+00    1.5197E+01    1.4987E+01    7.2511E+00   
 2.5091E+02    4.2256E+01    5.1607E+01    2.0079E+01    1.6418E+01    1.5602E+01    6.9611E+01    4.8259E+01    1.4669E+01    4.3868E+00    1.5176E+01    1.4914E+01    7.2811E+00   
 2.5200E+02    4.2239E+01    5.1634E+01    1.9923E+01    1.6454E+01    1.5115E+01    6.9562E+01    4.8259E+01    1.4706E+01    4.4275E+00    1.5258E+01    1.4975E+01    7.2811E+00   
 2.5309E+02    4.2241E+01    5.1653E+01    1.9904E+01    1.6411E+01    1.4545E+01    6.9559E+01    4.8266E+01    1.4705E+01    4.4071E+00    1.5176E+01    1.5011E+01    7.2811E+00   
 2.5418E+02    4.2234E+01    5.1665E+01    1.9797E+01    1.6353E+01    1.4124E+01    6.9480E+01    4.8258E+01    1.4696E+01    4.4275E+00    1.5339E+01    1.5036E+01    7.2511E+00   
 2.5526E+02    4.2236E+01    5.1684E+01    1.9858E+01    1.6413E+01    1.3963E+01    6.9446E+01    4.8231E+01    1.4692E+01    4.4275E+00    1.5176E+01    1.5036E+01    7.2209E+00   
 2.5635E+02    4.2212E+01    5.1697E+01    1.9859E+01    1.6361E+01    1.3695E+01    6.9432E+01    4.8197E+01    1.4704E+01    4.4071E+00    1.5299E+01    1.5072E+01    7.2511E+00   
 2.5744E+02    4.2238E+01    5.1723E+01    1.9912E+01    1.6371E+01    1.3436E+01    6.9406E+01    4.8120E+01    1.4666E+01    4.4071E+00    1.5197E+01    1.4622E+01    7.2511E+00   
 2.5853E+02    4.2249E+01    5.1742E+01    1.9915E+01    1.6352E+01    1.3369E+01    6.9392E+01    4.8098E+01    1.4633E+01    4.4071E+00    1.5319E+01    1.4634E+01    7.2209E+00   
 2.5962E+02    4.2257E+01    5.1781E+01    2.0043E+01    1.6304E+01    1.3164E+01    6.9332E+01    4.7979E+01    1.4557E+01    4.3868E+00    1.5319E+01    1.4585E+01    7.2511E+00   
 2.6071E+02    4.2272E+01    5.1814E+01    1.9983E+01    1.6372E+01    1.2973E+01    6.9292E+01    4.7863E+01    1.4498E+01    4.3868E+00    1.5319E+01    1.4573E+01    7.2209E+00   
# Time (s)      T1w (C)       T2w (C)       T1a (C)       T2a (C)       T1r (C)       T2r (C)       T3r (C)       T4r (C)       P1 (bar)      P2 (bar)      Pow (W/100)      Qc (l/min)    
 2.6180E+02    4.2264E+01    5.1833E+01    1.9972E+01    1.6302E+01    1.2793E+01    6.9261E+01    4.7746E+01    1.4413E+01    4.4071E+00    1.5380E+01    1.4597E+01    7.2209E+00   
 2.6289E+02    4.2280E+01    5.1858E+01    2.0003E+01    1.6274E+01    1.2733E+01    6.9249E+01    4.7674E+01    1.4356E+01    4.3664E+00    1.5319E+01    1.4646E+01    7.2209E+00   
 2.6397E+02    4.2263E+01    5.1854E+01    2.0010E+01    1.6212E+01    1.2587E+01    6.9214E+01    4.7547E+01    1.4281E+01    4.3664E+00    1.5319E+01    1.5024E+01    7.2511E+00   
 2.6512E+02    4.2283E+01    5.1901E+01    1.9891E+01    1.6195E+01    1.2470E+01    6.9180E+01    4.7412E+01    1.4217E+01    4.3460E+00    1.5339E+01    1.4597E+01    7.1602E+00   
 2.6620E+02    4.2281E+01    5.1913E+01    1.9784E+01    1.6175E+01    1.2373E+01    6.9210E+01    4.7316E+01    1.4183E+01    4.3460E+00    1.5380E+01    1.5060E+01    7.1906E+00   
 2.6730E+02    4.2300E+01    5.1921E+01    1.9779E+01    1.6157E+01    1.2333E+01    6.9248E+01    4.7245E+01    1.4086E+01    4.3257E+00    1.5278E+01    1.4999E+01    7.2209E+00   
 2.6838E+02    4.2301E+01    5.1922E+01    1.9730E+01    1.6090E+01    1.2285E+01    6.9299E+01    4.7136E+01    1.4022E+01    4.2849E+00    1.5278E+01    1.4743E+01    7.2209E+00   
 2.6947E+02    4.2300E+01    5.1921E+01    1.9688E+01    1.5942E+01    1.2292E+01    6.9340E+01    4.7047E+01    1.3971E+01    4.3257E+00    1.5299E+01    1.4938E+01    7.1906E+00   
 2.7054E+02    4.2304E+01    5.1927E+01    1.9634E+01    1.6041E+01    1.2285E+01    6.9371E+01    4.6949E+01    1.3884E+01    4.2849E+00    1.5258E+01    1.4975E+01    7.2209E+00   
 2.7162E+02    4.2304E+01    5.1915E+01    1.9591E+01    1.5968E+01    1.2301E+01    6.9442E+01    4.6890E+01    1.3804E+01    4.2645E+00    1.5319E+01    1.4950E+01    7.2511E+00   
 2.7271E+02    4.2319E+01    5.1916E+01    1.9711E+01    1.5951E+01    1.2333E+01    6.9488E+01    4.6790E+01    1.3745E+01    4.2849E+00    1.5237E+01    1.4914E+01    7.2511E+00   
 2.7379E+02    4.2327E+01    5.1919E+01    1.9925E+01    1.5915E+01    1.2424E+01    6.9524E+01    4.6717E+01    1.3724E+01    4.2645E+00    1.5319E+01    1.4975E+01    7.2811E+00   
 2.7488E+02    4.2366E+01    5.1924E+01    2.0009E+01    1.5968E+01    1.2480E+01    6.9542E+01    4.6680E+01    1.3699E+01    4.2849E+00    1.5278E+01    1.4682E+01    7.2511E+00   
 2.7598E+02    4.2352E+01    5.1914E+01    2.0101E+01    1.5813E+01    1.2627E+01    6.9575E+01    4.6609E+01    1.3647E+01    4.2645E+00    1.5237E+01    1.4536E+01    7.2511E+00   
 2.7707E+02    4.2377E+01    5.1926E+01    2.0087E+01    1.5795E+01    1.2770E+01    6.9580E+01    4.6549E+01    1.3627E+01    4.2442E+00    1.5339E+01    1.4512E+01    7.2511E+00   
 2.7815E+02    4.2393E+01    5.1930E+01    2.0133E+01    1.5791E+01    1.2945E+01    6.9590E+01    4.6511E+01    1.3580E+01    4.2238E+00    1.5278E+01    1.4500E+01    7.2511E+00   
 2.7925E+02    4.2383E+01    5.1906E+01    1.9992E+01    1.5777E+01    1.3019E+01    6.9561E+01    4.6495E+01    1.3502E+01    4.2442E+00    1.5258E+01    1.4487E+01    7.2209E+00   
 2.8034E+02    4.2376E+01    5.1897E+01    1.9855E+01    1.5708E+01    1.3169E+01    6.9551E+01    4.6452E+01    1.3485E+01    4.2238E+00    1.5278E+01    1.4585E+01    7.2811E+00   
 2.8143E+02    4.2388E+01    5.1884E+01    1.9821E+01    1.5807E+01    1.3388E+01    6.9571E+01    4.6471E+01    1.3483E+01    4.2034E+00    1.5217E+01    1.4609E+01    7.2811E+00   
 2.8252E+02    4.2366E+01    5.1860E+01    1.9778E+01    1.5729E+01    1.3519E+01    6.9559E+01    4.6473E+01    1.3429E+01    4.2238E+00    1.5258E+01    1.4512E+01    7.2511E+00   
 2.8360E+02    4.2366E+01    5.1839E+01    1.9729E+01    1.5700E+01    1.3583E+01    6.9579E+01    4.6477E+01    1.3445E+01    4.2034E+00    1.5299E+01    1.4548E+01    7.2511E+00   
 2.8469E+02    4.2394E+01    5.1857E+01    1.9774E+01    1.5813E+01    1.3772E+01    6.9614E+01    4.6526E+01    1.3457E+01    4.2034E+00    1.5176E+01    1.4792E+01    7.2511E+00   
 2.8578E+02    4.2384E+01    5.1815E+01    1.9692E+01    1.5673E+01    1.3913E+01    6.9619E+01    4.6563E+01    1.3398E+01    4.2034E+00    1.5299E+01    1.4816E+01    7.2511E+00   
 2.8687E+02    4.2386E+01    5.1795E+01    1.9640E+01    1.5694E+01    1.4086E+01    6.9670E+01    4.6625E+01    1.3409E+01    4.2238E+00    1.5197E+01    1.4719E+01    7.2511E+00   
 2.8796E+02    4.2364E+01    5.1768E+01    1.9644E+01    1.5665E+01    1.4169E+01    6.9691E+01    4.6666E+01    1.3427E+01    4.2238E+00    1.5278E+01    1.4780E+01    7.2811E+00   
 2.8905E+02    4.2374E+01    5.1748E+01    1.9687E+01    1.5706E+01    1.4329E+01    6.9712E+01    4.6756E+01    1.3436E+01    4.2034E+00    1.5136E+01    1.4451E+01    7.2209E+00   
 2.9014E+02    4.2369E+01    5.1730E+01    1.9663E+01    1.5690E+01    1.4493E+01    6.9710E+01    4.6876E+01    1.3432E+01    4.1831E+00    1.5278E+01    1.4902E+01    7.2811E+00   
 2.9122E+02    4.2369E+01    5.1725E+01    1.9694E+01    1.5752E+01    1.4551E+01    6.9670E+01    4.6940E+01    1.3471E+01    4.2442E+00    1.5217E+01    1.4463E+01    7.2209E+00   
 2.9232E+02    4.2383E+01    5.1744E+01    1.9725E+01    1.5759E+01    1.4695E+01    6.9636E+01    4.7001E+01    1.3490E+01    4.2034E+00    1.5217E+01    1.4463E+01    7.2511E+00   
 2.9340E+02    4.2423E+01    5.1743E+01    1.9804E+01    1.5859E+01    1.4812E+01    6.9628E+01    4.7106E+01    1.3514E+01    4.2238E+00    1.5156E+01    1.4682E+01    7.2511E+00   
# Time (s)      T1w (C)       T2w (C)       T1a (C)       T2a (C)       T1r (C)       T2r (C)       T3r (C)       T4r (C)       P1 (bar)      P2 (bar)      Pow (W/100)      Qc (l/min)    
 2.9449E+02    4.2445E+01    5.1750E+01    1.9830E+01    1.5824E+01    1.4932E+01    6.9585E+01    4.7209E+01    1.3523E+01    4.2238E+00    1.5217E+01    1.4768E+01    7.2209E+00   
 2.9558E+02    4.2435E+01    5.1760E+01    1.9830E+01    1.5818E+01    1.5004E+01    6.9567E+01    4.7241E+01    1.3529E+01    4.2238E+00    1.5258E+01    1.4548E+01    7.2811E+00   
 2.9667E+02    4.2433E+01    5.1749E+01    1.9755E+01    1.5826E+01    1.5134E+01    6.9537E+01    4.7343E+01    1.3555E+01    4.2238E+00    1.5176E+01    1.4890E+01    7.2811E+00   
 2.9776E+02    4.2425E+01    5.1730E+01    1.9826E+01    1.5802E+01    1.5218E+01    6.9518E+01    4.7413E+01    1.3545E+01    4.2442E+00    1.5237E+01    1.4743E+01    7.2511E+00   
 2.9889E+02    4.2393E+01    5.1715E+01    1.9766E+01    1.5898E+01    1.5342E+01    6.9482E+01    4.7507E+01    1.3569E+01    4.2238E+00    1.5197E+01    1.4597E+01    7.2511E+00   
 2.9998E+02    4.2409E+01    5.1722E+01    1.9794E+01    1.5898E+01    1.5396E+01    6.9517E+01    4.7557E+01    1.3602E+01    4.2442E+00    1.5136E+01    1.4414E+01    7.2811E+00   
 3.0108E+02    4.2438E+01    5.1716E+01    1.9791E+01    1.6021E+01    1.5482E+01    6.9609E+01    4.7650E+01    1.3584E+01    4.2442E+00    1.5095E+01    1.4414E+01    7.2811E+00   
 3.0217E+02    4.2440E+01    5.1716E+01    1.9835E+01    1.5922E+01    1.5589E+01    6.9649E+01    4.7698E+01    1.3586E+01    4.2238E+00    1.5197E+01    1.4427E+01    7.2511E+00   
 3.0325E+02    4.2466E+01    5.1748E+01    1.9926E+01    1.6028E+01    1.5671E+01    6.9716E+01    4.7762E+01    1.3646E+01    4.2442E+00    1.5115E+01    1.4573E+01    7.2511E+00   
 3.0435E+02    4.2460E+01    5.1709E+01    1.9924E+01    1.5933E+01    1.5717E+01    6.9809E+01    4.7803E+01    1.3668E+01    4.2645E+00    1.5095E+01    1.4524E+01    7.2511E+00   
 3.0544E+02    4.2477E+01    5.1715E+01    1.9917E+01    1.6015E+01    1.5831E+01    6.9884E+01    4.7890E+01    1.3699E+01    4.2645E+00    1.5197E+01    1.4829E+01    7.2511E+00   
 3.0653E+02    4.2475E+01    5.1705E+01    1.9926E+01    1.6000E+01    1.5932E+01    6.9911E+01    4.7966E+01    1.3721E+01    4.2442E+00    1.5095E+01    1.4475E+01    7.3110E+00   
 3.0764E+02    4.2468E+01    5.1692E+01    1.9979E+01    1.5963E+01    1.5994E+01    6.9968E+01    4.8038E+01    1.3759E+01    4.2849E+00    1.5176E+01    1.4853E+01    7.2811E+00   
 3.0872E+02    4.2480E+01    5.1686E+01    2.0262E+01    1.6115E+01    1.6025E+01    6.9984E+01    4.8039E+01    1.3783E+01    4.2645E+00    1.5176E+01    1.4829E+01    7.2811E+00   
 3.0980E+02    4.2473E+01    5.1693E+01    2.0140E+01    1.6033E+01    1.6095E+01    7.0000E+01    4.8092E+01    1.3814E+01    4.2849E+00    1.5156E+01    1.4634E+01    7.2811E+00   
 3.1088E+02    4.2481E+01    5.1684E+01    2.0148E+01    1.6037E+01    1.6156E+01    7.0019E+01    4.8071E+01    1.3795E+01    4.3053E+00    1.5217E+01    1.4877E+01    7.1906E+00   
 3.1195E+02    4.2497E+01    5.1723E+01    2.0416E+01    1.6040E+01    1.6216E+01    7.0048E+01    4.8131E+01    1.3866E+01    4.3257E+00    1.5197E+01    1.4890E+01    7.2511E+00   
 3.1303E+02    4.2522E+01    5.1725E+01    2.0031E+01    1.6078E+01    1.6238E+01    7.0008E+01    4.8159E+01    1.3867E+01    4.2849E+00    1.5156E+01    1.4902E+01    7.1906E+00   
 3.1412E+02    4.2488E+01    5.1707E+01    1.9790E+01    1.6096E+01    1.6291E+01    7.0026E+01    4.8195E+01    1.3885E+01    4.3257E+00    1.5176E+01    1.4877E+01    7.2511E+00   
 3.1521E+02    4.2474E+01    5.1689E+01    1.9716E+01    1.5994E+01    1.6347E+01    7.0048E+01    4.8189E+01    1.3882E+01    4.3460E+00    1.5237E+01    1.4926E+01    7.2811E+00   
 3.1630E+02    4.2501E+01    5.1722E+01    1.9956E+01    1.6110E+01    1.6390E+01    7.0081E+01    4.8203E+01    1.3928E+01    4.3053E+00    1.5197E+01    1.4829E+01    7.2209E+00   
 3.1738E+02    4.2487E+01    5.1731E+01    1.9728E+01    1.6133E+01    1.6447E+01    7.0133E+01    4.8222E+01    1.3990E+01    4.3460E+00    1.5299E+01    1.4792E+01    7.2209E+00   
 3.1847E+02    4.2521E+01    5.1758E+01    1.9606E+01    1.6075E+01    1.6493E+01    7.0144E+01    4.8225E+01    1.3990E+01    4.3257E+00    1.5136E+01    1.4877E+01    7.2511E+00   
 3.1956E+02    4.2525E+01    5.1766E+01    1.9544E+01    1.6084E+01    1.6522E+01    7.0175E+01    4.8242E+01    1.4027E+01    4.3257E+00    1.5319E+01    1.4877E+01    7.2209E+00   
 3.2065E+02    4.2517E+01    5.1759E+01    1.9666E+01    1.6084E+01    1.6529E+01    7.0176E+01    4.8252E+01    1.4014E+01    4.3257E+00    1.5197E+01    1.4634E+01    7.2511E+00   
 3.2174E+02    4.2529E+01    5.1797E+01    1.9603E+01    1.6154E+01    1.6538E+01    7.0165E+01    4.8267E+01    1.4028E+01    4.3257E+00    1.5217E+01    1.4475E+01    7.2209E+00   
 3.2283E+02    4.2524E+01    5.1793E+01    1.9694E+01    1.6175E+01    1.6562E+01    7.0169E+01    4.8300E+01    1.4037E+01    4.3460E+00    1.5319E+01    1.4524E+01    7.1906E+00   
 3.2392E+02    4.2511E+01    5.1807E+01    1.9643E+01    1.6137E+01    1.6559E+01    7.0144E+01    4.8304E+01    1.4076E+01    4.3664E+00    1.5197E+01    1.4500E+01    7.2811E+00   
 3.2501E+02    4.2536E+01    5.1824E+01    1.9640E+01    1.6185E+01    1.6537E+01    7.0131E+01    4.8318E+01    1.4077E+01    4.3664E+00    1.5319E+01    1.4500E+01    7.2811E+00   
 3.2610E+02    4.2526E+01    5.1836E+01    1.9610E+01    1.6168E+01    1.6534E+01    7.0122E+01    4.8346E+01    1.4085E+01    4.3460E+00    1.5156E+01    1.4512E+01    7.2209E+00   
# Time (s)      T1w (C)       T2w (C)       T1a (C)       T2a (C)       T1r (C)       T2r (C)       T3r (C)       T4r (C)       P1 (bar)      P2 (bar)      Pow (W/100)      Qc (l/min)    
 3.2719E+02    4.2526E+01    5.1832E+01    1.9616E+01    1.6196E+01    1.6496E+01    7.0098E+01    4.8309E+01    1.4091E+01    4.3868E+00    1.5278E+01    1.4500E+01    7.2511E+00   
 3.2827E+02    4.2545E+01    5.1844E+01    1.9731E+01    1.6263E+01    1.6491E+01    7.0067E+01    4.8331E+01    1.4140E+01    4.3664E+00    1.5237E+01    1.4500E+01    7.2209E+00   
 3.2936E+02    4.2552E+01    5.1856E+01    1.9703E+01    1.6305E+01    1.6442E+01    7.0073E+01    4.8335E+01    1.4174E+01    4.3460E+00    1.5278E+01    1.4536E+01    7.2511E+00   
 3.3045E+02    4.2553E+01    5.1878E+01    1.9635E+01    1.6232E+01    1.6409E+01    7.0063E+01    4.8336E+01    1.4206E+01    4.3460E+00    1.5237E+01    1.4548E+01    7.2511E+00   
 3.3154E+02    4.2573E+01    5.1865E+01    1.9601E+01    1.6299E+01    1.6369E+01    7.0069E+01    4.8375E+01    1.4249E+01    4.3460E+00    1.5278E+01    1.4536E+01    7.2209E+00   
 3.3263E+02    4.2567E+01    5.1873E+01    1.9623E+01    1.6383E+01    1.6323E+01    7.0031E+01    4.8384E+01    1.4250E+01    4.3664E+00    1.5319E+01    1.4561E+01    7.2811E+00   
 3.3371E+02    4.2564E+01    5.1893E+01    1.9690E+01    1.6325E+01    1.6227E+01    7.0003E+01    4.8397E+01    1.4289E+01    4.3460E+00    1.5258E+01    1.4609E+01    7.3110E+00   
 3.3481E+02    4.2570E+01    5.1922E+01    1.9620E+01    1.6296E+01    1.6044E+01    6.9971E+01    4.8396E+01    1.4314E+01    4.4071E+00    1.5339E+01    1.4634E+01    7.2511E+00   
 3.3590E+02    4.2563E+01    5.1934E+01    1.9568E+01    1.6364E+01    1.5942E+01    6.9954E+01    4.8398E+01    1.4352E+01    4.3868E+00    1.5258E+01    1.4719E+01    7.2811E+00   
 3.3699E+02    4.2570E+01    5.1936E+01    1.9590E+01    1.6324E+01    1.5659E+01    6.9916E+01    4.8413E+01    1.4408E+01    4.4071E+00    1.5380E+01    1.4707E+01    7.2209E+00   
 3.3807E+02    4.2578E+01    5.1962E+01    1.9934E+01    1.6352E+01    1.5301E+01    6.9887E+01    4.8424E+01    1.4436E+01    4.4071E+00    1.5441E+01    1.4609E+01    7.2811E+00   
 3.3917E+02    4.2569E+01    5.1976E+01    1.9810E+01    1.6351E+01    1.4788E+01    6.9794E+01    4.8438E+01    1.4440E+01    4.4071E+00    1.5360E+01    1.4938E+01    7.2511E+00   
 3.4026E+02    4.2574E+01    5.1973E+01    1.9704E+01    1.6400E+01    1.4523E+01    6.9743E+01    4.8480E+01    1.4466E+01    4.4071E+00    1.5299E+01    1.4902E+01    7.1906E+00   
 3.4137E+02    4.2567E+01    5.1984E+01    1.9949E+01    1.6312E+01    1.4078E+01    6.9674E+01    4.8472E+01    1.4478E+01    4.4275E+00    1.5421E+01    1.4865E+01    7.2811E+00   
 3.4248E+02    4.2578E+01    5.2011E+01    1.9750E+01    1.6315E+01    1.3752E+01    6.9655E+01    4.8448E+01    1.4474E+01    4.4479E+00    1.5441E+01    1.5109E+01    7.2511E+00   
 3.4358E+02    4.2558E+01    5.2028E+01    1.9731E+01    1.6293E+01    1.3500E+01    6.9657E+01    4.8399E+01    1.4476E+01    4.4479E+00    1.5380E+01    1.4987E+01    7.1906E+00   
 3.4467E+02    4.2567E+01    5.2032E+01    1.9696E+01    1.6255E+01    1.3400E+01    6.9684E+01    4.8380E+01    1.4421E+01    4.4275E+00    1.5380E+01    1.4682E+01    7.2209E+00   
 3.4574E+02    4.2566E+01    5.2081E+01    1.9628E+01    1.6283E+01    1.3217E+01    6.9703E+01    4.8350E+01    1.4413E+01    4.4071E+00    1.5339E+01    1.5060E+01    7.1906E+00   
 3.4682E+02    4.2571E+01    5.2114E+01    1.9535E+01    1.6309E+01    1.2999E+01    6.9691E+01    4.8283E+01    1.4386E+01    4.4275E+00    1.5401E+01    1.4743E+01    7.2811E+00   
 3.4790E+02    4.2616E+01    5.2144E+01    1.9577E+01    1.6264E+01    1.2875E+01    6.9681E+01    4.8183E+01    1.4323E+01    4.4071E+00    1.5523E+01    1.4646E+01    7.2209E+00   
 3.4896E+02    4.2629E+01    5.2171E+01    1.9779E+01    1.6241E+01    1.2734E+01    6.9721E+01    4.8122E+01    1.4264E+01    4.3868E+00    1.5380E+01    1.4646E+01    7.2811E+00   
 3.5005E+02    4.2609E+01    5.2195E+01    1.9923E+01    1.6190E+01    1.2610E+01    6.9751E+01    4.8029E+01    1.4201E+01    4.3664E+00    1.5503E+01    1.4731E+01    7.2511E+00   
 3.5114E+02    4.2623E+01    5.2219E+01    1.9717E+01    1.6136E+01    1.2506E+01    6.9808E+01    4.7971E+01    1.4198E+01    4.3460E+00    1.5380E+01    1.4719E+01    7.2811E+00   
 3.5223E+02    4.2616E+01    5.2215E+01    1.9670E+01    1.6135E+01    1.2479E+01    6.9824E+01    4.7939E+01    1.4141E+01    4.3257E+00    1.5503E+01    1.4622E+01    7.2511E+00   
 3.5332E+02    4.2602E+01    5.2225E+01    1.9762E+01    1.6044E+01    1.2379E+01    6.9814E+01    4.7836E+01    1.4093E+01    4.3257E+00    1.5360E+01    1.4622E+01    7.2811E+00   
 3.5440E+02    4.2566E+01    5.2198E+01    1.9741E+01    1.5973E+01    1.2295E+01    6.9776E+01    4.7721E+01    1.4030E+01    4.3460E+00    1.5482E+01    1.4695E+01    7.2511E+00   
 3.5549E+02    4.2555E+01    5.2188E+01    1.9769E+01    1.5894E+01    1.2205E+01    6.9763E+01    4.7619E+01    1.3985E+01    4.3257E+00    1.5360E+01    1.4670E+01    7.2209E+00   
 3.5658E+02    4.2558E+01    5.2183E+01    1.9709E+01    1.5917E+01    1.2204E+01    6.9726E+01    4.7583E+01    1.3947E+01    4.3053E+00    1.5441E+01    1.4622E+01    7.2511E+00   
 3.5767E+02    4.2562E+01    5.2191E+01    1.9571E+01    1.5759E+01    1.2168E+01    6.9725E+01    4.7519E+01    1.3928E+01    4.2849E+00    1.5380E+01    1.4609E+01    7.2511E+00   
 3.5876E+02    4.2584E+01    5.2210E+01    1.9559E+01    1.5834E+01    1.2145E+01    6.9689E+01    4.7430E+01    1.3874E+01    4.2849E+00    1.5421E+01    1.4622E+01    7.2811E+00   
# Time (s)      T1w (C)       T2w (C)       T1a (C)       T2a (C)       T1r (C)       T2r (C)       T3r (C)       T4r (C)       P1 (bar)      P2 (bar)      Pow (W/100)      Qc (l/min)    
 3.5985E+02    4.2617E+01    5.2238E+01    1.9506E+01    1.5774E+01    1.2161E+01    6.9648E+01    4.7320E+01    1.3820E+01    4.2849E+00    1.5462E+01    1.4634E+01    7.2511E+00   
 3.6093E+02    4.2637E+01    5.2243E+01    1.9554E+01    1.5805E+01    1.2231E+01    6.9620E+01    4.7272E+01    1.3729E+01    4.2849E+00    1.5380E+01    1.4597E+01    7.2511E+00   
 3.6202E+02    4.2639E+01    5.2271E+01    1.9595E+01    1.5763E+01    1.2326E+01    6.9598E+01    4.7188E+01    1.3668E+01    4.2645E+00    1.5523E+01    1.4585E+01    7.2511E+00   
 3.6311E+02    4.2665E+01    5.2277E+01    1.9585E+01    1.5735E+01    1.2484E+01    6.9677E+01    4.7152E+01    1.3672E+01    4.2849E+00    1.5421E+01    1.4609E+01    7.2209E+00   
 3.6421E+02    4.2661E+01    5.2278E+01    1.9587E+01    1.5812E+01    1.2547E+01    6.9753E+01    4.7070E+01    1.3646E+01    4.2442E+00    1.5380E+01    1.4585E+01    7.3110E+00   
 3.6530E+02    4.2658E+01    5.2269E+01    1.9577E+01    1.5768E+01    1.2708E+01    6.9816E+01    4.7023E+01    1.3604E+01    4.2849E+00    1.5482E+01    1.4682E+01    7.2511E+00   
 3.6638E+02    4.2665E+01    5.2256E+01    1.9609E+01    1.5769E+01    1.2872E+01    6.9856E+01    4.6989E+01    1.3575E+01    4.2645E+00    1.5380E+01    1.4634E+01    7.2511E+00   
 3.6747E+02    4.2684E+01    5.2253E+01    1.9618E+01    1.5720E+01    1.3051E+01    6.9932E+01    4.6972E+01    1.3515E+01    4.2645E+00    1.5543E+01    1.4561E+01    7.1906E+00   
 3.6856E+02    4.2676E+01    5.2256E+01    1.9683E+01    1.5673E+01    1.3141E+01    6.9984E+01    4.6965E+01    1.3449E+01    4.2238E+00    1.5360E+01    1.4536E+01    7.2511E+00   
 3.6965E+02    4.2669E+01    5.2247E+01    1.9647E+01    1.5646E+01    1.3307E+01    7.0041E+01    4.6957E+01    1.3440E+01    4.2238E+00    1.5503E+01    1.4561E+01    7.2511E+00   
 3.7073E+02    4.2666E+01    5.2200E+01    1.9542E+01    1.5658E+01    1.3476E+01    7.0062E+01    4.6972E+01    1.3435E+01    4.2238E+00    1.5319E+01    1.4743E+01    7.2511E+00   
 3.7183E+02    4.2665E+01    5.2192E+01    1.9611E+01    1.5623E+01    1.3626E+01    7.0107E+01    4.6985E+01    1.3395E+01    4.2238E+00    1.5380E+01    1.4938E+01    7.2511E+00   
 3.7292E+02    4.2662E+01    5.2170E+01    1.9592E+01    1.5622E+01    1.3708E+01    7.0157E+01    4.7006E+01    1.3370E+01    4.2442E+00    1.5482E+01    1.4987E+01    7.2811E+00   
 3.7401E+02    4.2672E+01    5.2156E+01    1.9632E+01    1.5580E+01    1.3872E+01    7.0198E+01    4.7059E+01    1.3382E+01    4.2442E+00    1.5441E+01    1.4914E+01    7.3110E+00   
 3.7509E+02    4.2682E+01    5.2150E+01    1.9608E+01    1.5612E+01    1.3990E+01    7.0200E+01    4.7074E+01    1.3373E+01    4.2238E+00    1.5237E+01    1.4841E+01    7.2209E+00   
 3.7617E+02    4.2673E+01    5.2134E+01    1.9528E+01    1.5630E+01    1.4078E+01    7.0231E+01    4.7184E+01    1.3390E+01    4.2034E+00    1.5258E+01    1.4524E+01    7.2209E+00   
 3.7726E+02    4.2665E+01    5.2104E+01    1.9533E+01    1.5700E+01    1.4217E+01    7.0245E+01    4.7190E+01    1.3367E+01    4.2442E+00    1.5339E+01    1.4524E+01    7.2511E+00   
 3.7835E+02    4.2677E+01    5.2097E+01    1.9540E+01    1.5666E+01    1.4342E+01    7.0230E+01    4.7273E+01    1.3361E+01    4.2238E+00    1.5401E+01    1.4585E+01    7.2811E+00   
 3.7947E+02    4.2664E+01    5.2083E+01    1.9482E+01    1.5729E+01    1.4453E+01    7.0228E+01    4.7324E+01    1.3361E+01    4.2238E+00    1.5360E+01    1.4500E+01    7.2511E+00   
 3.8057E+02    4.2652E+01    5.2052E+01    1.9469E+01    1.5683E+01    1.4527E+01    7.0195E+01    4.7401E+01    1.3354E+01    4.2442E+00    1.5299E+01    1.4902E+01    7.2511E+00   
 3.8168E+02    4.2660E+01    5.2054E+01    1.9529E+01    1.5646E+01    1.4631E+01    7.0155E+01    4.7428E+01    1.3354E+01    4.2645E+00    1.5319E+01    1.4865E+01    7.2209E+00   
 3.8276E+02    4.2663E+01    5.2044E+01    1.9685E+01    1.5684E+01    1.4719E+01    7.0119E+01    4.7503E+01    1.3362E+01    4.2442E+00    1.5360E+01    1.4548E+01    7.2811E+00   
 3.8385E+02    4.2673E+01    5.2052E+01    1.9648E+01    1.5727E+01    1.4823E+01    7.0074E+01    4.7562E+01    1.3360E+01    4.2238E+00    1.5360E+01    1.4890E+01    7.2511E+00   
 3.8493E+02    4.2642E+01    5.2030E+01    1.9612E+01    1.5794E+01    1.4873E+01    7.0048E+01    4.7570E+01    1.3359E+01    4.2238E+00    1.5421E+01    1.4658E+01    7.2209E+00   
 3.8602E+02    4.2659E+01    5.2022E+01    1.9546E+01    1.5750E+01    1.4979E+01    7.0073E+01    4.7660E+01    1.3398E+01    4.2442E+00    1.5237E+01    1.4926E+01    7.2511E+00   
 3.8711E+02    4.2678E+01    5.2040E+01    1.9526E+01    1.5722E+01    1.5108E+01    7.0107E+01    4.7775E+01    1.3449E+01    4.2238E+00    1.5401E+01    1.4963E+01    7.2511E+00   
 3.8820E+02    4.2712E+01    5.2039E+01    1.9599E+01    1.5796E+01    1.5213E+01    7.0148E+01    4.7828E+01    1.3475E+01    4.2442E+00    1.5380E+01    1.4670E+01    7.2511E+00   
 3.8930E+02    4.2732E+01    5.2061E+01    1.9568E+01    1.5858E+01    1.5266E+01    7.0172E+01    4.7906E+01    1.3516E+01    4.2645E+00    1.5237E+01    1.4743E+01    7.2209E+00   
 3.9039E+02    4.2735E+01    5.2058E+01    1.9471E+01    1.5884E+01    1.5337E+01    7.0144E+01    4.7954E+01    1.3496E+01    4.2645E+00    1.5360E+01    1.4950E+01    7.2811E+00   
 3.9147E+02    4.2730E+01    5.2054E+01    1.9484E+01    1.5882E+01    1.5404E+01    7.0119E+01    4.8022E+01    1.3509E+01    4.2238E+00    1.5299E+01    1.4938E+01    7.2209E+00   
# Time (s)      T1w (C)       T2w (C)       T1a (C)       T2a (C)       T1r (C)       T2r (C)       T3r (C)       T4r (C)       P1 (bar)      P2 (bar)      Pow (W/100)      Qc (l/min)    
 3.9256E+02    4.2736E+01    5.2061E+01    1.9532E+01    1.5857E+01    1.5449E+01    7.0117E+01    4.8058E+01    1.3526E+01    4.2645E+00    1.5319E+01    1.4938E+01    7.2811E+00   
 3.9365E+02    4.2728E+01    5.2054E+01    1.9896E+01    1.5848E+01    1.5553E+01    7.0170E+01    4.8110E+01    1.3582E+01    4.2849E+00    1.5360E+01    1.4950E+01    7.2209E+00   
 3.9474E+02    4.2743E+01    5.2069E+01    1.9732E+01    1.5888E+01    1.5676E+01    7.0242E+01    4.8195E+01    1.3617E+01    4.2849E+00    1.5217E+01    1.4768E+01    7.2811E+00   
 3.9583E+02    4.2739E+01    5.2053E+01    1.9561E+01    1.6068E+01    1.5750E+01    7.0335E+01    4.8271E+01    1.3627E+01    4.2645E+00    1.5421E+01    1.4670E+01    7.2209E+00   
 3.9692E+02    4.2759E+01    5.2064E+01    1.9587E+01    1.5990E+01    1.5783E+01    7.0412E+01    4.8300E+01    1.3649E+01    4.2645E+00    1.5217E+01    1.4731E+01    7.2511E+00   
 3.9800E+02    4.2761E+01    5.2069E+01    1.9668E+01    1.5898E+01    1.5862E+01    7.0491E+01    4.8326E+01    1.3683E+01    4.2645E+00    1.5380E+01    1.4622E+01    7.2511E+00   
 3.9909E+02    4.2767E+01    5.2048E+01    1.9749E+01    1.5881E+01    1.5908E+01    7.0523E+01    4.8364E+01    1.3701E+01    4.2849E+00    1.5319E+01    1.4500E+01    7.3110E+00   
 4.0018E+02    4.2777E+01    5.2051E+01    2.0001E+01    1.5922E+01    1.5987E+01    7.0581E+01    4.8404E+01    1.3718E+01    4.3053E+00    1.5258E+01    1.4500E+01    7.2511E+00   
 4.0127E+02    4.2768E+01    5.2060E+01    2.0063E+01    1.5943E+01    1.6009E+01    7.0617E+01    4.8426E+01    1.3753E+01    4.3257E+00    1.5360E+01    1.4487E+01    7.1906E+00   
 4.0235E+02    4.2768E+01    5.2059E+01    2.0182E+01    1.6010E+01    1.6066E+01    7.0655E+01    4.8472E+01    1.3780E+01    4.2849E+00    1.5258E+01    1.4500E+01    7.2209E+00   
 4.0344E+02    4.2796E+01    5.2080E+01    2.0038E+01    1.6122E+01    1.6118E+01    7.0659E+01    4.8500E+01    1.3798E+01    4.3053E+00    1.5299E+01    1.4902E+01    7.2811E+00   
 4.0454E+02    4.2775E+01    5.2077E+01    1.9879E+01    1.6101E+01    1.6164E+01    7.0678E+01    4.8544E+01    1.3812E+01    4.3053E+00    1.5319E+01    1.4792E+01    7.2511E+00   
 4.0563E+02    4.2784E+01    5.2089E+01    1.9729E+01    1.6109E+01    1.6192E+01    7.0714E+01    4.8574E+01    1.3846E+01    4.3257E+00    1.5278E+01    1.4853E+01    7.3110E+00   
 4.0671E+02    4.2767E+01    5.2080E+01    1.9606E+01    1.6105E+01    1.6243E+01    7.0726E+01    4.8598E+01    1.3874E+01    4.3460E+00    1.5401E+01    1.4768E+01    7.2511E+00   
 4.0780E+02    4.2756E+01    5.2081E+01    1.9637E+01    1.6106E+01    1.6281E+01    7.0731E+01    4.8627E+01    1.3885E+01    4.3257E+00    1.5319E+01    1.4536E+01    7.2511E+00   
 4.0889E+02    4.2774E+01    5.2095E+01    1.9661E+01    1.6061E+01    1.6277E+01    7.0721E+01    4.8618E+01    1.3899E+01    4.3257E+00    1.5401E+01    1.4548E+01    7.2511E+00   
 4.0998E+02    4.2792E+01    5.2115E+01    1.9664E+01    1.6084E+01    1.6277E+01    7.0732E+01    4.8626E+01    1.3923E+01    4.3460E+00    1.5319E+01    1.4670E+01    7.2811E+00   
 4.1110E+02    4.2818E+01    5.2150E+01    1.9731E+01    1.6181E+01    1.6320E+01    7.0734E+01    4.8630E+01    1.3979E+01    4.3460E+00    1.5401E+01    1.4548E+01    7.2811E+00   
 4.1219E+02    4.2840E+01    5.2178E+01    1.9606E+01    1.6138E+01    1.6335E+01    7.0754E+01    4.8655E+01    1.4006E+01    4.3053E+00    1.5258E+01    1.4622E+01    7.3110E+00   
 4.1332E+02    4.2839E+01    5.2174E+01    1.9701E+01    1.6166E+01    1.6342E+01    7.0775E+01    4.8662E+01    1.4044E+01    4.3664E+00    1.5380E+01    1.4561E+01    7.2209E+00   
 4.1441E+02    4.2834E+01    5.2187E+01    2.0001E+01    1.6163E+01    1.6353E+01    7.0793E+01    4.8666E+01    1.4060E+01    4.3460E+00    1.5441E+01    1.4634E+01    7.2811E+00   
 4.1550E+02    4.2833E+01    5.2189E+01    2.0006E+01    1.6130E+01    1.6340E+01    7.0782E+01    4.8663E+01    1.4087E+01    4.3460E+00    1.5380E+01    1.4768E+01    7.2209E+00   
 4.1658E+02    4.2842E+01    5.2177E+01    2.0005E+01    1.6257E+01    1.6341E+01    7.0765E+01    4.8720E+01    1.4101E+01    4.3664E+00    1.5380E+01    1.5011E+01    7.2209E+00   
 4.1766E+02    4.2852E+01    5.2194E+01    1.9884E+01    1.6289E+01    1.6355E+01    7.0770E+01    4.8721E+01    1.4161E+01    4.3664E+00    1.5401E+01    1.4816E+01    7.2209E+00   
 4.1873E+02    4.2855E+01    5.2208E+01    1.9736E+01    1.6314E+01    1.6363E+01    7.0778E+01    4.8728E+01    1.4210E+01    4.3664E+00    1.5319E+01    1.4719E+01    7.2209E+00   
 4.1981E+02    4.2857E+01    5.2230E+01    1.9720E+01    1.6312E+01    1.6351E+01    7.0755E+01    4.8753E+01    1.4225E+01    4.3868E+00    1.5462E+01    1.4853E+01    7.2811E+00   
 4.2090E+02    4.2872E+01    5.2237E+01    1.9755E+01    1.6272E+01    1.6330E+01    7.0730E+01    4.8783E+01    1.4252E+01    4.3460E+00    1.5339E+01    1.4756E+01    7.2511E+00   
 4.2199E+02    4.2896E+01    5.2251E+01    1.9756E+01    1.6273E+01    1.6281E+01    7.0708E+01    4.8785E+01    1.4291E+01    4.3664E+00    1.5462E+01    1.4622E+01    7.1906E+00   
 4.2308E+02    4.2904E+01    5.2279E+01    1.9746E+01    1.6353E+01    1.6219E+01    7.0703E+01    4.8788E+01    1.4325E+01    4.3868E+00    1.5319E+01    1.4609E+01    7.2511E+00   
 4.2417E+02    4.2916E+01    5.2289E+01    1.9759E+01    1.6345E+01    1.6081E+01    7.0708E+01    4.8814E+01    1.4341E+01    4.3868E+00    1.5421E+01    1.4658E+01    7.2511E+00   
