# Run number 02 on Tue May 21 09:13:58 2024
# Time (s)      T1w (C)       T2w (C)       T1a (C)       T2a (C)       T1r (C)       T2r (C)       T3r (C)       T4r (C)       P1 (bar)      P2 (bar)      Pow (W/100)      Qc (l/min)    
 3.1873E-01    2.2500E+01    2.0966E+01    1.9215E+01    1.7521E+01    1.9697E+01    3.1798E+01    2.7629E+01    1.5978E+01    5.3548E+00    5.4786E+00    7.4017E+00    7.1906E+00   
 1.4640E+00    2.2506E+01    2.1100E+01    1.9237E+01    1.7502E+01    1.9730E+01    3.1761E+01    2.7597E+01    1.6044E+01    5.3548E+00    5.4990E+00    7.3895E+00    7.1906E+00   
 2.5581E+00    2.2496E+01    2.1187E+01    1.9195E+01    1.7447E+01    1.9764E+01    3.1684E+01    2.7574E+01    1.6097E+01    5.3548E+00    5.4990E+00    7.4506E+00    7.1296E+00   
 3.6443E+00    2.2496E+01    2.1271E+01    1.9172E+01    1.7432E+01    1.9774E+01    3.1619E+01    2.7509E+01    1.6129E+01    5.3548E+00    5.5194E+00    7.3284E+00    7.1296E+00   
 4.7213E+00    2.2500E+01    2.1314E+01    1.9129E+01    1.7451E+01    1.9824E+01    3.1579E+01    2.7485E+01    1.6142E+01    5.3548E+00    5.4990E+00    7.3651E+00    7.1906E+00   
 5.8115E+00    2.2497E+01    2.1397E+01    1.9117E+01    1.7443E+01    1.9843E+01    3.1524E+01    2.7463E+01    1.6206E+01    5.3548E+00    5.5398E+00    7.4261E+00    7.1602E+00   
 6.8948E+00    2.2521E+01    2.1459E+01    1.9121E+01    1.7444E+01    1.9892E+01    3.1479E+01    2.7374E+01    1.6252E+01    5.3548E+00    5.4990E+00    7.3529E+00    7.0990E+00   
 7.9909E+00    2.2497E+01    2.1485E+01    1.9119E+01    1.7493E+01    1.9920E+01    3.1448E+01    2.7347E+01    1.6274E+01    5.3752E+00    5.5398E+00    7.3773E+00    7.1296E+00   
 9.0818E+00    2.2505E+01    2.1539E+01    1.9078E+01    1.7594E+01    1.9947E+01    3.1401E+01    2.7345E+01    1.6304E+01    5.3548E+00    5.4990E+00    7.3773E+00    7.1906E+00   
 1.0176E+01    2.2513E+01    2.1557E+01    1.9068E+01    1.7650E+01    1.9957E+01    3.1357E+01    2.7324E+01    1.6361E+01    5.3752E+00    5.5194E+00    7.4506E+00    7.1602E+00   
 1.1271E+01    2.2486E+01    2.1593E+01    1.9103E+01    1.7623E+01    1.9987E+01    3.1336E+01    2.7307E+01    1.6409E+01    5.3752E+00    5.5602E+00    7.3162E+00    7.1602E+00   
 1.2367E+01    2.2490E+01    2.1622E+01    1.9033E+01    1.7624E+01    2.0023E+01    3.1311E+01    2.7269E+01    1.6431E+01    5.3752E+00    5.5602E+00    7.4506E+00    7.1602E+00   
 1.3457E+01    2.2493E+01    2.1654E+01    1.9063E+01    1.7622E+01    2.0056E+01    3.1273E+01    2.7235E+01    1.6484E+01    5.3548E+00    5.5398E+00    7.3529E+00    7.1296E+00   
 1.4561E+01    2.2491E+01    2.1666E+01    1.9126E+01    1.7600E+01    2.0060E+01    3.1209E+01    2.7195E+01    1.6504E+01    5.3752E+00    5.5602E+00    7.3529E+00    7.1906E+00   
 1.5656E+01    2.2519E+01    2.1704E+01    1.9117E+01    1.7609E+01    2.0109E+01    3.1201E+01    2.7167E+01    1.6544E+01    5.3956E+00    5.5398E+00    7.4506E+00    7.1296E+00   
 1.6752E+01    2.2483E+01    2.1711E+01    1.9083E+01    1.7596E+01    2.0123E+01    3.1157E+01    2.7144E+01    1.6552E+01    5.3752E+00    5.5194E+00    7.3284E+00    7.1602E+00   
 1.7849E+01    2.2486E+01    2.1744E+01    1.9108E+01    1.7589E+01    2.0109E+01    3.1094E+01    2.7104E+01    1.6554E+01    5.3956E+00    5.5602E+00    7.4506E+00    7.1296E+00   
 1.8945E+01    2.2468E+01    2.1752E+01    1.9106E+01    1.7674E+01    2.0149E+01    3.1080E+01    2.7089E+01    1.6625E+01    5.3752E+00    5.5602E+00    7.4017E+00    7.1296E+00   
 2.0040E+01    2.2477E+01    2.1748E+01    1.9110E+01    1.7704E+01    2.0154E+01    3.1042E+01    2.7050E+01    1.6628E+01    5.3956E+00    5.5602E+00    7.3162E+00    7.1906E+00   
 2.1134E+01    2.2439E+01    2.1763E+01    1.9012E+01    1.7739E+01    2.0198E+01    3.1017E+01    2.7016E+01    1.6664E+01    5.4160E+00    5.5398E+00    7.4384E+00    7.1602E+00   
 2.2211E+01    2.2424E+01    2.1780E+01    1.9110E+01    1.7883E+01    2.0224E+01    3.0995E+01    2.7001E+01    1.6698E+01    5.3956E+00    5.5602E+00    7.4506E+00    7.1602E+00   
 2.3306E+01    2.2444E+01    2.1804E+01    1.9258E+01    1.7849E+01    2.0234E+01    3.0949E+01    2.6979E+01    1.6715E+01    5.4160E+00    5.5806E+00    7.3406E+00    7.1296E+00   
 2.4401E+01    2.2428E+01    2.1804E+01    1.9283E+01    1.7799E+01    2.0258E+01    3.0930E+01    2.6963E+01    1.6719E+01    5.3752E+00    5.5602E+00    7.4750E+00    7.1906E+00   
 2.5497E+01    2.2417E+01    2.1806E+01    1.9348E+01    1.7821E+01    2.0280E+01    3.0897E+01    2.6940E+01    1.6769E+01    5.4160E+00    5.5806E+00    7.4261E+00    7.1602E+00   
 2.6635E+01    2.2418E+01    2.1797E+01    1.9372E+01    1.7822E+01    2.0279E+01    3.0859E+01    2.6885E+01    1.6781E+01    5.4160E+00    5.5398E+00    7.4750E+00    7.1602E+00   
 2.7722E+01    2.2396E+01    2.1795E+01    1.9404E+01    1.7807E+01    2.0328E+01    3.0825E+01    2.6884E+01    1.6807E+01    5.3752E+00    5.5602E+00    7.4017E+00    7.1296E+00   
 2.8826E+01    2.2404E+01    2.1796E+01    1.9472E+01    1.7803E+01    2.0343E+01    3.0827E+01    2.6858E+01    1.6857E+01    5.4363E+00    5.5398E+00    7.4384E+00    7.1906E+00   
 2.9901E+01    2.2399E+01    2.1819E+01    1.9409E+01    1.7832E+01    2.0345E+01    3.0774E+01    2.6838E+01    1.6854E+01    5.4160E+00    5.5806E+00    7.4384E+00    7.1296E+00   
 3.0986E+01    2.2373E+01    2.1823E+01    1.9353E+01    1.7873E+01    2.0373E+01    3.0760E+01    2.6817E+01    1.6895E+01    5.4363E+00    5.5602E+00    7.4750E+00    7.1602E+00   
 3.2077E+01    2.2350E+01    2.1815E+01    1.9266E+01    1.7985E+01    2.0388E+01    3.0720E+01    2.6807E+01    1.6910E+01    5.3956E+00    5.5806E+00    7.3651E+00    7.0990E+00   
# Time (s)      T1w (C)       T2w (C)       T1a (C)       T2a (C)       T1r (C)       T2r (C)       T3r (C)       T4r (C)       P1 (bar)      P2 (bar)      Pow (W/100)      Qc (l/min)    
 3.3165E+01    2.2349E+01    2.1830E+01    1.9205E+01    1.8070E+01    2.0402E+01    3.0727E+01    2.6771E+01    1.6946E+01    5.4363E+00    5.5602E+00    7.3651E+00    7.1296E+00   
 3.4258E+01    2.2374E+01    2.1841E+01    1.9244E+01    1.8149E+01    2.0436E+01    3.0695E+01    2.6741E+01    1.6962E+01    5.4160E+00    5.5806E+00    7.4872E+00    7.1906E+00   
 3.5354E+01    2.2353E+01    2.1857E+01    1.9227E+01    1.8149E+01    2.0459E+01    3.0670E+01    2.6704E+01    1.6999E+01    5.4160E+00    5.6010E+00    7.4872E+00    7.1296E+00   
 3.6453E+01    2.2341E+01    2.1855E+01    1.9252E+01    1.8146E+01    2.0489E+01    3.0648E+01    2.6728E+01    1.7027E+01    5.3956E+00    5.5602E+00    7.3773E+00    7.1602E+00   
 3.7541E+01    2.2330E+01    2.1854E+01    1.9265E+01    1.8170E+01    2.0498E+01    3.0633E+01    2.6684E+01    1.7040E+01    5.4160E+00    5.5806E+00    7.3529E+00    7.1602E+00   
 3.8635E+01    2.2309E+01    2.1836E+01    1.9230E+01    1.8115E+01    2.0499E+01    3.0598E+01    2.6654E+01    1.7043E+01    5.4160E+00    5.6010E+00    7.3651E+00    7.0990E+00   
 3.9724E+01    2.2301E+01    2.1845E+01    1.9183E+01    1.8177E+01    2.0523E+01    3.0570E+01    2.6642E+01    1.7069E+01    5.4160E+00    5.5602E+00    7.3529E+00    7.1296E+00   
 4.0814E+01    2.2295E+01    2.1833E+01    1.9034E+01    1.8202E+01    2.0517E+01    3.0521E+01    2.6615E+01    1.7081E+01    5.4363E+00    5.5806E+00    7.4750E+00    7.1296E+00   
 4.1902E+01    2.2276E+01    2.1839E+01    1.9034E+01    1.8173E+01    2.0533E+01    3.0504E+01    2.6581E+01    1.7075E+01    5.4567E+00    5.5806E+00    7.3651E+00    7.1602E+00   
 4.2989E+01    2.2292E+01    2.1843E+01    1.9010E+01    1.8160E+01    2.0539E+01    3.0477E+01    2.6557E+01    1.7116E+01    5.4363E+00    5.6010E+00    7.3773E+00    7.1296E+00   
 4.4083E+01    2.2321E+01    2.1847E+01    1.9011E+01    1.8147E+01    2.0568E+01    3.0458E+01    2.6561E+01    1.7143E+01    5.4363E+00    5.5806E+00    7.4261E+00    7.1602E+00   
 4.5174E+01    2.2294E+01    2.1858E+01    1.8966E+01    1.8137E+01    2.0588E+01    3.0434E+01    2.6505E+01    1.7146E+01    5.4567E+00    5.5806E+00    7.3406E+00    7.1296E+00   
 4.6262E+01    2.2320E+01    2.1860E+01    1.9168E+01    1.8151E+01    2.0580E+01    3.0396E+01    2.6499E+01    1.7163E+01    5.4567E+00    5.5806E+00    7.4017E+00    7.1296E+00   
 4.7341E+01    2.2309E+01    2.1889E+01    1.9238E+01    1.8220E+01    2.0598E+01    3.0366E+01    2.6456E+01    1.7170E+01    5.4363E+00    5.6010E+00    7.4750E+00    7.1296E+00   
 4.8430E+01    2.2308E+01    2.1874E+01    1.9153E+01    1.8129E+01    2.0593E+01    3.0339E+01    2.6418E+01    1.7163E+01    5.4567E+00    5.5806E+00    7.4628E+00    7.1296E+00   
 4.9525E+01    2.2299E+01    2.1873E+01    1.9022E+01    1.8084E+01    2.0584E+01    3.0317E+01    2.6392E+01    1.7192E+01    5.4567E+00    5.5806E+00    7.3773E+00    7.1602E+00   
 5.0621E+01    2.2284E+01    2.1877E+01    1.9015E+01    1.8101E+01    2.0625E+01    3.0286E+01    2.6386E+01    1.7191E+01    5.4567E+00    5.6010E+00    7.4750E+00    7.1296E+00   
 5.1716E+01    2.2280E+01    2.1882E+01    1.9018E+01    1.8136E+01    2.0604E+01    3.0238E+01    2.6303E+01    1.7200E+01    5.4160E+00    5.6010E+00    7.3529E+00    7.0990E+00   
 5.2812E+01    2.2262E+01    2.1852E+01    1.9082E+01    1.8142E+01    2.0631E+01    3.0230E+01    2.6325E+01    1.7222E+01    5.4363E+00    5.6418E+00    7.4750E+00    7.1602E+00   
 5.3949E+01    2.2257E+01    2.1873E+01    1.9094E+01    1.8168E+01    2.0639E+01    3.0194E+01    2.6290E+01    1.7232E+01    5.4771E+00    5.6010E+00    7.3529E+00    7.1602E+00   
 5.5046E+01    2.2232E+01    2.1883E+01    1.9147E+01    1.8186E+01    2.0623E+01    3.0163E+01    2.6265E+01    1.7237E+01    5.4567E+00    5.6010E+00    7.4750E+00    7.1906E+00   
 5.6142E+01    2.2226E+01    2.1878E+01    1.9174E+01    1.8184E+01    2.0639E+01    3.0129E+01    2.6237E+01    1.7246E+01    5.4771E+00    5.6418E+00    7.4384E+00    7.1296E+00   
 5.7223E+01    2.2229E+01    2.1881E+01    1.9230E+01    1.8173E+01    2.0632E+01    3.0108E+01    2.6229E+01    1.7263E+01    5.4363E+00    5.6214E+00    7.4261E+00    7.1602E+00   
 5.8311E+01    2.2216E+01    2.1880E+01    1.9284E+01    1.8195E+01    2.0653E+01    3.0081E+01    2.6183E+01    1.7278E+01    5.4363E+00    5.6214E+00    7.3529E+00    7.1602E+00   
 5.9400E+01    2.2229E+01    2.1878E+01    1.9325E+01    1.8211E+01    2.0649E+01    3.0034E+01    2.6154E+01    1.7281E+01    5.4567E+00    5.6214E+00    7.4139E+00    7.1906E+00   
 6.0488E+01    2.2201E+01    2.1877E+01    1.9267E+01    1.8153E+01    2.0652E+01    2.9998E+01    2.6116E+01    1.7277E+01    5.4771E+00    5.6010E+00    7.4139E+00    7.1602E+00   
 6.1575E+01    2.2204E+01    2.1853E+01    1.9383E+01    1.8109E+01    2.0650E+01    2.9973E+01    2.6095E+01    1.7276E+01    5.4567E+00    5.6418E+00    7.3284E+00    7.0990E+00   
 6.2663E+01    2.2206E+01    2.1875E+01    1.9345E+01    1.8191E+01    2.0657E+01    2.9950E+01    2.6071E+01    1.7277E+01    5.4771E+00    5.6010E+00    7.4506E+00    7.1906E+00   
 6.3753E+01    2.2193E+01    2.1869E+01    1.9383E+01    1.8250E+01    2.0662E+01    2.9934E+01    2.6052E+01    1.7295E+01    5.4363E+00    5.6214E+00    7.4017E+00    7.1602E+00   
 6.4841E+01    2.2187E+01    2.1872E+01    1.9250E+01    1.8339E+01    2.0664E+01    2.9894E+01    2.6017E+01    1.7301E+01    5.4771E+00    5.6418E+00    7.3651E+00    7.0990E+00   
# Time (s)      T1w (C)       T2w (C)       T1a (C)       T2a (C)       T1r (C)       T2r (C)       T3r (C)       T4r (C)       P1 (bar)      P2 (bar)      Pow (W/100)      Qc (l/min)    
 6.5934E+01    2.2188E+01    2.1876E+01    1.9160E+01    1.8331E+01    2.0664E+01    2.9847E+01    2.5974E+01    1.7314E+01    5.4974E+00    5.6418E+00    7.3651E+00    7.1602E+00   
 6.7024E+01    2.2166E+01    2.1861E+01    1.9079E+01    1.8363E+01    2.0683E+01    2.9817E+01    2.5940E+01    1.7304E+01    5.4363E+00    5.6418E+00    7.3773E+00    7.1602E+00   
 6.8119E+01    2.2175E+01    2.1869E+01    1.9008E+01    1.8366E+01    2.0670E+01    2.9779E+01    2.5892E+01    1.7325E+01    5.4771E+00    5.6418E+00    7.3651E+00    7.1602E+00   
 6.9207E+01    2.2167E+01    2.1851E+01    1.9106E+01    1.8340E+01    2.0691E+01    2.9766E+01    2.5895E+01    1.7345E+01    5.4771E+00    5.6214E+00    7.4017E+00    7.1906E+00   
 7.0295E+01    2.2170E+01    2.1877E+01    1.9348E+01    1.8358E+01    2.0707E+01    2.9755E+01    2.5888E+01    1.7372E+01    5.4974E+00    5.6418E+00    7.3284E+00    7.1296E+00   
 7.1383E+01    2.2168E+01    2.1854E+01    1.9388E+01    1.8319E+01    2.0725E+01    2.9729E+01    2.5872E+01    1.7376E+01    5.4974E+00    5.6418E+00    7.4139E+00    7.1906E+00   
 7.2464E+01    2.2156E+01    2.1850E+01    1.9500E+01    1.8323E+01    2.0739E+01    2.9723E+01    2.5842E+01    1.7402E+01    5.4974E+00    5.6418E+00    7.4139E+00    7.1602E+00   
 7.3552E+01    2.2160E+01    2.1865E+01    1.9448E+01    1.8296E+01    2.0734E+01    2.9704E+01    2.5828E+01    1.7401E+01    5.4567E+00    5.6418E+00    7.4017E+00    7.1602E+00   
 7.4639E+01    2.2145E+01    2.1851E+01    1.9258E+01    1.8258E+01    2.0752E+01    2.9678E+01    2.5803E+01    1.7417E+01    5.4974E+00    5.6214E+00    7.4261E+00    7.1296E+00   
 7.5727E+01    2.2146E+01    2.1854E+01    1.9209E+01    1.8351E+01    2.0747E+01    2.9630E+01    2.5783E+01    1.7428E+01    5.4974E+00    5.6214E+00    7.4628E+00    7.1906E+00   
 7.6840E+01    2.2145E+01    2.1848E+01    1.9082E+01    1.8348E+01    2.0767E+01    2.9598E+01    2.5752E+01    1.7434E+01    5.4974E+00    5.6418E+00    7.3895E+00    7.1602E+00   
 7.7937E+01    2.2142E+01    2.1848E+01    1.9051E+01    1.8363E+01    2.0764E+01    2.9588E+01    2.5724E+01    1.7429E+01    5.4974E+00    5.6622E+00    7.4628E+00    7.1296E+00   
 7.9026E+01    2.2141E+01    2.1851E+01    1.8994E+01    1.8412E+01    2.0764E+01    2.9556E+01    2.5699E+01    1.7439E+01    5.4974E+00    5.6214E+00    7.4628E+00    7.1296E+00   
 8.0128E+01    2.2115E+01    2.1849E+01    1.9041E+01    1.8571E+01    2.0780E+01    2.9537E+01    2.5684E+01    1.7468E+01    5.4771E+00    5.6418E+00    7.4628E+00    7.1602E+00   
 8.1271E+01    2.2118E+01    2.1834E+01    1.9058E+01    1.8635E+01    2.0805E+01    2.9541E+01    2.5694E+01    1.7506E+01    5.5178E+00    5.6418E+00    7.4628E+00    7.1906E+00   
 8.2353E+01    2.2117E+01    2.1838E+01    1.9022E+01    1.8595E+01    2.0845E+01    2.9526E+01    2.5672E+01    1.7535E+01    5.4974E+00    5.6418E+00    7.3284E+00    7.1602E+00   
 8.3449E+01    2.2079E+01    2.1814E+01    1.9007E+01    1.8546E+01    2.0846E+01    2.9511E+01    2.5668E+01    1.7541E+01    5.5178E+00    5.6214E+00    7.4017E+00    7.1296E+00   
 8.4522E+01    2.2096E+01    2.1825E+01    1.9102E+01    1.8553E+01    2.0855E+01    2.9484E+01    2.5651E+01    1.7542E+01    5.4771E+00    5.6622E+00    7.4139E+00    7.1906E+00   
 8.5604E+01    2.2074E+01    2.1829E+01    1.9104E+01    1.8565E+01    2.0875E+01    2.9449E+01    2.5629E+01    1.7540E+01    5.4771E+00    5.6622E+00    7.3773E+00    7.1296E+00   
 8.6692E+01    2.2101E+01    2.1821E+01    1.9077E+01    1.8640E+01    2.0876E+01    2.9454E+01    2.5601E+01    1.7581E+01    5.4771E+00    5.6418E+00    7.3651E+00    7.1602E+00   
 8.7763E+01    2.2105E+01    2.1829E+01    1.9122E+01    1.8663E+01    2.0902E+01    2.9438E+01    2.5580E+01    1.7598E+01    5.4771E+00    5.6622E+00    7.4506E+00    7.1602E+00   
 8.8851E+01    2.2118E+01    2.1825E+01    1.9188E+01    1.8703E+01    2.0913E+01    2.9419E+01    2.5563E+01    1.7614E+01    5.4974E+00    5.6622E+00    7.3406E+00    7.1296E+00   
 8.9939E+01    2.2100E+01    2.1814E+01    1.9253E+01    1.8839E+01    2.0956E+01    2.9412E+01    2.5592E+01    1.7632E+01    5.4974E+00    5.6622E+00    7.4261E+00    7.1296E+00   
 9.1028E+01    2.2111E+01    2.1842E+01    1.9207E+01    1.8872E+01    2.0945E+01    2.9390E+01    2.5537E+01    1.7651E+01    5.5178E+00    5.6418E+00    7.4506E+00    7.1906E+00   
 9.2116E+01    2.2105E+01    2.1833E+01    1.9178E+01    1.8800E+01    2.0952E+01    2.9371E+01    2.5511E+01    1.7644E+01    5.4974E+00    5.6622E+00    7.3284E+00    7.1602E+00   
 9.3203E+01    2.2117E+01    2.1823E+01    1.9230E+01    1.8643E+01    2.0950E+01    2.9346E+01    2.5521E+01    1.7664E+01    5.4974E+00    5.6622E+00    7.4750E+00    7.0990E+00   
 9.4291E+01    2.2095E+01    2.1820E+01    1.9204E+01    1.8603E+01    2.0950E+01    2.9320E+01    2.5479E+01    1.7666E+01    5.5382E+00    5.6418E+00    7.4261E+00    7.1296E+00   
 9.5380E+01    2.2092E+01    2.1832E+01    1.9385E+01    1.8570E+01    2.0953E+01    2.9280E+01    2.5450E+01    1.7664E+01    5.5178E+00    5.6622E+00    7.3406E+00    7.1296E+00   
 9.6469E+01    2.2100E+01    2.1820E+01    1.9397E+01    1.8687E+01    2.0961E+01    2.9258E+01    2.5429E+01    1.7668E+01    5.4974E+00    5.6418E+00    7.4750E+00    7.1602E+00   
 9.7556E+01    2.2068E+01    2.1828E+01    1.9390E+01    1.8682E+01    2.0982E+01    2.9247E+01    2.5428E+01    1.7692E+01    5.4974E+00    5.6622E+00    7.4384E+00    7.1296E+00   
# Time (s)      T1w (C)       T2w (C)       T1a (C)       T2a (C)       T1r (C)       T2r (C)       T3r (C)       T4r (C)       P1 (bar)      P2 (bar)      Pow (W/100)      Qc (l/min)    
 9.8660E+01    2.2072E+01    2.1830E+01    1.9390E+01    1.8668E+01    2.0997E+01    2.9237E+01    2.5477E+01    1.7718E+01    5.4974E+00    5.6418E+00    7.4750E+00    7.1602E+00   
 9.9749E+01    2.2062E+01    2.1854E+01    1.9402E+01    1.8725E+01    2.1020E+01    2.9233E+01    2.5449E+01    1.7739E+01    5.4974E+00    5.6418E+00    7.3651E+00    7.1296E+00   
 1.0084E+02    2.2050E+01    2.1821E+01    1.9361E+01    1.8731E+01    2.1040E+01    2.9226E+01    2.5396E+01    1.7751E+01    5.5178E+00    5.6622E+00    7.4750E+00    7.1296E+00   
 1.0192E+02    2.2037E+01    2.1824E+01    1.9373E+01    1.8714E+01    2.1042E+01    2.9195E+01    2.5380E+01    1.7766E+01    5.4974E+00    5.6418E+00    7.3895E+00    7.1296E+00   
 1.0301E+02    2.2042E+01    2.1835E+01    1.9328E+01    1.8705E+01    2.1026E+01    2.9166E+01    2.5329E+01    1.7764E+01    5.5178E+00    5.6418E+00    1.4938E+01    7.1296E+00   
 1.0411E+02    2.2035E+01    2.1844E+01    1.9262E+01    1.8709E+01    2.1043E+01    2.9132E+01    2.5284E+01    1.7766E+01    5.5382E+00    5.6622E+00    1.4987E+01    7.1602E+00   
 1.0520E+02    2.2071E+01    2.1869E+01    1.9245E+01    1.8803E+01    2.1024E+01    2.9162E+01    2.5227E+01    1.7761E+01    5.1919E+00    6.2332E+00    8.4033E+00    7.1296E+00   
 1.0629E+02    2.2058E+01    2.1874E+01    1.9195E+01    1.8795E+01    2.1061E+01    2.9039E+01    2.5209E+01    1.7792E+01    4.8252E+00    6.5392E+00    9.1973E+00    7.0990E+00   
 1.0737E+02    2.2047E+01    2.1856E+01    1.9253E+01    1.8785E+01    2.1146E+01    2.6481E+01    2.5030E+01    1.7812E+01    4.6214E+00    6.6615E+00    9.3561E+00    7.1602E+00   
 1.0845E+02    2.2033E+01    2.1857E+01    1.9300E+01    1.8724E+01    2.1187E+01    2.5396E+01    2.4628E+01    1.7825E+01    4.5196E+00    6.6615E+00    9.1973E+00    7.1602E+00   
 1.0955E+02    2.2019E+01    2.1713E+01    1.9349E+01    1.8627E+01    2.1253E+01    2.5466E+01    2.4035E+01    1.7928E+01    4.4788E+00    6.6411E+00    9.2583E+00    7.0681E+00   
 1.1068E+02    2.2027E+01    2.1309E+01    1.9369E+01    1.8635E+01    2.1298E+01    2.5608E+01    2.3805E+01    1.8041E+01    4.4381E+00    6.8043E+00    9.2339E+00    7.1296E+00   
 1.1176E+02    2.2027E+01    2.1041E+01    1.9399E+01    1.8759E+01    2.1335E+01    2.6106E+01    2.3625E+01    1.8193E+01    4.4177E+00    6.8247E+00    9.2583E+00    7.0990E+00   
 1.1287E+02    2.2026E+01    2.0495E+01    1.9438E+01    1.8913E+01    2.1342E+01    2.6644E+01    2.3566E+01    1.8302E+01    4.3566E+00    6.8655E+00    9.3805E+00    7.0990E+00   
 1.1394E+02    2.1999E+01    1.9813E+01    1.9487E+01    1.8908E+01    2.1332E+01    2.7231E+01    2.3565E+01    1.8565E+01    4.3362E+00    6.9471E+00    9.2706E+00    7.0990E+00   
 1.1502E+02    2.1986E+01    1.9019E+01    1.9417E+01    1.8892E+01    2.1283E+01    2.7520E+01    2.3536E+01    1.8869E+01    4.2955E+00    6.9879E+00    9.4416E+00    7.0990E+00   
 1.1609E+02    2.1978E+01    1.8716E+01    1.9440E+01    1.8908E+01    2.1214E+01    2.8060E+01    2.3516E+01    1.9038E+01    4.2751E+00    7.0695E+00    9.3561E+00    7.1602E+00   
 1.1718E+02    2.1989E+01    1.8248E+01    1.9524E+01    1.8950E+01    2.1134E+01    2.8493E+01    2.3542E+01    1.9383E+01    4.2751E+00    7.1306E+00    9.4904E+00    7.1296E+00   
 1.1827E+02    2.2004E+01    1.7869E+01    1.9634E+01    1.8974E+01    2.1016E+01    2.8863E+01    2.3577E+01    1.9740E+01    4.2547E+00    7.1714E+00    9.5026E+00    7.0990E+00   
 1.1937E+02    2.2039E+01    1.7573E+01    1.9664E+01    1.8988E+01    2.0885E+01    2.9068E+01    2.3702E+01    1.9946E+01    4.2547E+00    7.2530E+00    9.4049E+00    7.0681E+00   
 1.2045E+02    2.2052E+01    1.7474E+01    1.9632E+01    1.8969E+01    2.0717E+01    2.9393E+01    2.3858E+01    2.0073E+01    4.2344E+00    7.3958E+00    9.4660E+00    7.1602E+00   
 1.2154E+02    2.2018E+01    1.7266E+01    1.9632E+01    1.8946E+01    2.0648E+01    2.9768E+01    2.4134E+01    2.0448E+01    4.2140E+00    7.3958E+00    9.5637E+00    7.1296E+00   
 1.2262E+02    2.2029E+01    1.7074E+01    1.9704E+01    1.8950E+01    2.0471E+01    2.9964E+01    2.4297E+01    2.0831E+01    4.2140E+00    7.5182E+00    9.6614E+00    7.1602E+00   
 1.2372E+02    2.1999E+01    1.6993E+01    1.9801E+01    1.8935E+01    2.0306E+01    3.0304E+01    2.4639E+01    2.1289E+01    4.1733E+00    7.5590E+00    9.4660E+00    7.0990E+00   
 1.2481E+02    2.2020E+01    1.6911E+01    1.9757E+01    1.8974E+01    2.0222E+01    3.0653E+01    2.4955E+01    2.1458E+01    4.1529E+00    7.5793E+00    9.4538E+00    7.0681E+00   
 1.2590E+02    2.2004E+01    1.6807E+01    1.9653E+01    1.8905E+01    2.0053E+01    3.1061E+01    2.5329E+01    2.1831E+01    4.1325E+00    7.6609E+00    9.4782E+00    7.0681E+00   
 1.2699E+02    2.2026E+01    1.6750E+01    1.9615E+01    1.8913E+01    1.9901E+01    3.1239E+01    2.5550E+01    2.2330E+01    4.1121E+00    7.7221E+00    9.6126E+00    7.1296E+00   
 1.2808E+02    2.2034E+01    1.6738E+01    1.9669E+01    1.8951E+01    1.9712E+01    3.1649E+01    2.5937E+01    2.2477E+01    4.1121E+00    7.8241E+00    9.5149E+00    7.0681E+00   
 1.2917E+02    2.2038E+01    1.6673E+01    1.9926E+01    1.8963E+01    1.9632E+01    3.2050E+01    2.6382E+01    2.2735E+01    4.1121E+00    7.9057E+00    9.5759E+00    7.0681E+00   
 1.3026E+02    2.2023E+01    1.6553E+01    1.9898E+01    1.8956E+01    1.9463E+01    3.2453E+01    2.6602E+01    2.3121E+01    4.1325E+00    8.0077E+00    9.4416E+00    7.0990E+00   
# Time (s)      T1w (C)       T2w (C)       T1a (C)       T2a (C)       T1r (C)       T2r (C)       T3r (C)       T4r (C)       P1 (bar)      P2 (bar)      Pow (W/100)      Qc (l/min)    
 1.3135E+02    2.2027E+01    1.6391E+01    1.9801E+01    1.9000E+01    1.9607E+01    3.2330E+01    2.6983E+01    2.3372E+01    4.9270E+00    6.8655E+00    9.2828E+00    7.0372E+00   
 1.3245E+02    2.2002E+01    1.6307E+01    1.9718E+01    1.9082E+01    2.0236E+01    3.1089E+01    2.7059E+01    2.3290E+01    5.2326E+00    7.1918E+00    9.6981E+00    7.0990E+00   
 1.3354E+02    2.1995E+01    1.7061E+01    1.9716E+01    1.9070E+01    2.0486E+01    2.9310E+01    2.7008E+01    2.3491E+01    5.2937E+00    7.4162E+00    9.9546E+00    7.1296E+00   
 1.3462E+02    2.1968E+01    1.8989E+01    1.9678E+01    1.9025E+01    2.0724E+01    2.9296E+01    2.6957E+01    2.3236E+01    5.2937E+00    7.6609E+00    9.9057E+00    7.1602E+00   
 1.3571E+02    2.1949E+01    2.0620E+01    1.9661E+01    1.9033E+01    2.0643E+01    2.9492E+01    2.6885E+01    2.3081E+01    5.2326E+00    7.9057E+00    1.0016E+01    7.0990E+00   
 1.3680E+02    2.1942E+01    2.1408E+01    1.9668E+01    1.9006E+01    2.0449E+01    3.0120E+01    2.6810E+01    2.3117E+01    5.1715E+00    8.0077E+00    1.0126E+01    7.1296E+00   
 1.3793E+02    2.1955E+01    2.3150E+01    1.9955E+01    1.8999E+01    2.0356E+01    3.0778E+01    2.6895E+01    2.2904E+01    5.1104E+00    8.1708E+00    1.0138E+01    7.0990E+00   
 1.3902E+02    2.1937E+01    2.4592E+01    1.9911E+01    1.8909E+01    2.0108E+01    3.1416E+01    2.7074E+01    2.2732E+01    4.9678E+00    8.3544E+00    1.0272E+01    7.1602E+00   
 1.4014E+02    2.1959E+01    2.5751E+01    1.9875E+01    1.8922E+01    1.9754E+01    3.1714E+01    2.7576E+01    2.2558E+01    4.9066E+00    8.4564E+00    1.0113E+01    7.0372E+00   
 1.4123E+02    2.1954E+01    2.6217E+01    1.9849E+01    1.8862E+01    1.9434E+01    3.2234E+01    2.8110E+01    2.2487E+01    4.8659E+00    8.4971E+00    1.0162E+01    7.1296E+00   
 1.4232E+02    2.1944E+01    2.7032E+01    1.9820E+01    1.8795E+01    1.9315E+01    3.2702E+01    2.8632E+01    2.2381E+01    4.8455E+00    8.6195E+00    1.0248E+01    7.1296E+00   
 1.4339E+02    2.1936E+01    2.7673E+01    1.9780E+01    1.8784E+01    1.9079E+01    3.3175E+01    2.8859E+01    2.2228E+01    4.7844E+00    8.7011E+00    1.0138E+01    7.0990E+00   
 1.4448E+02    2.1903E+01    2.8266E+01    1.9741E+01    1.8716E+01    1.8859E+01    3.3408E+01    2.9131E+01    2.1972E+01    4.7233E+00    8.8031E+00    1.0272E+01    7.1296E+00   
 1.4557E+02    2.1927E+01    2.8528E+01    1.9760E+01    1.8741E+01    1.8761E+01    3.3854E+01    2.8902E+01    2.1803E+01    4.6622E+00    8.9051E+00    1.0272E+01    7.1296E+00   
 1.4666E+02    2.1932E+01    2.8977E+01    1.9787E+01    1.8775E+01    1.8572E+01    3.4207E+01    2.8423E+01    2.1420E+01    4.6418E+00    8.8643E+00    1.0199E+01    7.1296E+00   
 1.4775E+02    2.1948E+01    2.9379E+01    1.9765E+01    1.8788E+01    1.8421E+01    3.4394E+01    2.8203E+01    2.1108E+01    4.6418E+00    8.9662E+00    1.0236E+01    7.1296E+00   
 1.4884E+02    2.1927E+01    2.9683E+01    1.9687E+01    1.8832E+01    1.8316E+01    3.4681E+01    2.7711E+01    2.0788E+01    4.5807E+00    8.9866E+00    1.0150E+01    7.0990E+00   
 1.4993E+02    2.1908E+01    2.9853E+01    1.9686E+01    1.8888E+01    1.8253E+01    3.4933E+01    2.7164E+01    2.0634E+01    4.5196E+00    9.0478E+00    1.0126E+01    7.1296E+00   
 1.5103E+02    2.1877E+01    3.0117E+01    1.9616E+01    1.8856E+01    1.8176E+01    3.5281E+01    2.6882E+01    2.0282E+01    4.4992E+00    9.0274E+00    1.0138E+01    7.0990E+00   
 1.5211E+02    2.1827E+01    3.0320E+01    1.9557E+01    1.8808E+01    1.8086E+01    3.5349E+01    2.6322E+01    1.9891E+01    4.4177E+00    9.1498E+00    1.0297E+01    7.1296E+00   
 1.5320E+02    2.1796E+01    3.0444E+01    1.9498E+01    1.8778E+01    1.7990E+01    3.5591E+01    2.5776E+01    1.9642E+01    4.3973E+00    9.1090E+00    1.0333E+01    7.1296E+00   
 1.5429E+02    2.1768E+01    3.0613E+01    1.9473E+01    1.8817E+01    1.7930E+01    3.5837E+01    2.5334E+01    1.9292E+01    4.3362E+00    9.0886E+00    1.0162E+01    7.1296E+00   
 1.5538E+02    2.1750E+01    3.0808E+01    1.9502E+01    1.8833E+01    1.7852E+01    3.5954E+01    2.5079E+01    1.8928E+01    4.2955E+00    9.1498E+00    1.0419E+01    7.0990E+00   
 1.5647E+02    2.1775E+01    3.0938E+01    1.9492E+01    1.8840E+01    1.7794E+01    3.5967E+01    2.4349E+01    1.8543E+01    4.2344E+00    9.1702E+00    1.0321E+01    7.1296E+00   
 1.5756E+02    2.1737E+01    3.0966E+01    1.9480E+01    1.8825E+01    1.7755E+01    3.6097E+01    2.3323E+01    1.8346E+01    4.2140E+00    9.1498E+00    1.0272E+01    7.1296E+00   
 1.5864E+02    2.1701E+01    3.1011E+01    1.9376E+01    1.8908E+01    1.7722E+01    3.6213E+01    2.2109E+01    1.7986E+01    4.1325E+00    9.2110E+00    1.0480E+01    7.0990E+00   
 1.5973E+02    2.1700E+01    3.1019E+01    1.9346E+01    1.8928E+01    1.7674E+01    3.6276E+01    2.1494E+01    1.7548E+01    4.1121E+00    9.2314E+00    1.0443E+01    7.0990E+00   
 1.6083E+02    2.1704E+01    3.1014E+01    1.9347E+01    1.8973E+01    1.7612E+01    3.6387E+01    2.0303E+01    1.7082E+01    4.0510E+00    9.1906E+00    1.0248E+01    7.1602E+00   
 1.6192E+02    2.1689E+01    3.0995E+01    1.9329E+01    1.8965E+01    1.7610E+01    3.6484E+01    1.9319E+01    1.6890E+01    4.0103E+00    9.1906E+00    1.0297E+01    7.1296E+00   
 1.6300E+02    2.1668E+01    3.0986E+01    1.9267E+01    1.8908E+01    1.7580E+01    3.6527E+01    1.8559E+01    1.6447E+01    3.9492E+00    9.1294E+00    1.0284E+01    7.1602E+00   
# Time (s)      T1w (C)       T2w (C)       T1a (C)       T2a (C)       T1r (C)       T2r (C)       T3r (C)       T4r (C)       P1 (bar)      P2 (bar)      Pow (W/100)      Qc (l/min)    
 1.6408E+02    2.1619E+01    3.0936E+01    1.9260E+01    1.8884E+01    1.7538E+01    3.6560E+01    1.8245E+01    1.6082E+01    3.9288E+00    9.1906E+00    1.0126E+01    7.1906E+00   
 1.6516E+02    2.1589E+01    3.0930E+01    1.9241E+01    1.8914E+01    1.7508E+01    3.6606E+01    1.7804E+01    1.5927E+01    3.8677E+00    9.1294E+00    9.9668E+00    7.1296E+00   
 1.6625E+02    2.1570E+01    3.0916E+01    1.9260E+01    1.9061E+01    1.7473E+01    3.6647E+01    1.7505E+01    1.5563E+01    3.8473E+00    9.1702E+00    9.8935E+00    7.0990E+00   
 1.6736E+02    2.1590E+01    3.0872E+01    1.9092E+01    1.9050E+01    1.7442E+01    3.6750E+01    1.7431E+01    1.5325E+01    3.8066E+00    9.1090E+00    1.0089E+01    7.0990E+00   
 1.6845E+02    2.1619E+01    3.0887E+01    1.9072E+01    1.9008E+01    1.7420E+01    3.6809E+01    1.7396E+01    1.5053E+01    3.7862E+00    9.0886E+00    1.0028E+01    7.1296E+00   
 1.6956E+02    2.1622E+01    3.0867E+01    1.9087E+01    1.8973E+01    1.7374E+01    3.6942E+01    1.7467E+01    1.4871E+01    3.7454E+00    9.0682E+00    9.8935E+00    7.1296E+00   
 1.7064E+02    2.1648E+01    3.0854E+01    1.9205E+01    1.8931E+01    1.7356E+01    3.7132E+01    1.7698E+01    1.4588E+01    3.7454E+00    9.0070E+00    9.7714E+00    7.1906E+00   
 1.7173E+02    2.1629E+01    3.0815E+01    1.9442E+01    1.8883E+01    1.7301E+01    3.7330E+01    1.7863E+01    1.4310E+01    3.7047E+00    9.0070E+00    9.9302E+00    7.1602E+00   
 1.7280E+02    2.1660E+01    3.0812E+01    1.9603E+01    1.8875E+01    1.7225E+01    3.7448E+01    1.8348E+01    1.4005E+01    3.6843E+00    8.9866E+00    9.7103E+00    7.1602E+00   
 1.7387E+02    2.1661E+01    3.0792E+01    1.9481E+01    1.8841E+01    1.7214E+01    3.7663E+01    1.8980E+01    1.3873E+01    3.6843E+00    8.9458E+00    9.8324E+00    7.1906E+00   
 1.7495E+02    2.1664E+01    3.0772E+01    1.9497E+01    1.8989E+01    1.7137E+01    3.7887E+01    1.9752E+01    1.3762E+01    3.6640E+00    9.0070E+00    9.8813E+00    7.0990E+00   
 1.7604E+02    2.1676E+01    3.0772E+01    1.9559E+01    1.9054E+01    1.7082E+01    3.8000E+01    2.0179E+01    1.3593E+01    3.6436E+00    8.9458E+00    9.8080E+00    7.0990E+00   
 1.7713E+02    2.1682E+01    3.0768E+01    1.9637E+01    1.9069E+01    1.7010E+01    3.8232E+01    2.1069E+01    1.3441E+01    3.6640E+00    8.9662E+00    9.6981E+00    7.0990E+00   
 1.7821E+02    2.1696E+01    3.0743E+01    1.9668E+01    1.9145E+01    1.6964E+01    3.8463E+01    2.1974E+01    1.3330E+01    3.6436E+00    8.9051E+00    1.2007E+01    7.1296E+00   
 1.7930E+02    2.1713E+01    3.0745E+01    1.9793E+01    1.5087E+01    1.6878E+01    3.8640E+01    2.2432E+01    1.2658E+01    3.6232E+00    8.9051E+00    1.1872E+01    7.0990E+00   
 1.8039E+02    2.1727E+01    3.0746E+01    1.9856E+01    1.4862E+01    1.6788E+01    3.8747E+01    2.3256E+01    1.1926E+01    3.6436E+00    8.9662E+00    1.1262E+01    7.1296E+00   
 1.8148E+02    2.1766E+01    3.0728E+01    1.9848E+01    1.4763E+01    1.6680E+01    3.8904E+01    2.4059E+01    1.1721E+01    3.6436E+00    8.9662E+00    1.1213E+01    7.1602E+00   
 1.8257E+02    2.1786E+01    3.0717E+01    1.9932E+01    1.4559E+01    1.6601E+01    3.9000E+01    2.4795E+01    1.1540E+01    3.7047E+00    8.9662E+00    1.1127E+01    7.1602E+00   
 1.8365E+02    2.1795E+01    3.0684E+01    2.0009E+01    1.4585E+01    1.6474E+01    3.9064E+01    2.5102E+01    1.1535E+01    3.7251E+00    8.9458E+00    1.1152E+01    7.1296E+00   
 1.8474E+02    2.1812E+01    3.0690E+01    1.9978E+01    1.4690E+01    1.6342E+01    3.9087E+01    2.5675E+01    1.1581E+01    3.7251E+00    8.9662E+00    1.1274E+01    7.1602E+00   
 1.8583E+02    2.1841E+01    3.0659E+01    1.9856E+01    1.4792E+01    1.6244E+01    3.9084E+01    2.6165E+01    1.1622E+01    3.7454E+00    8.9866E+00    1.1017E+01    7.1602E+00   
 1.8692E+02    2.1849E+01    3.0679E+01    1.9849E+01    1.4845E+01    1.6147E+01    3.9103E+01    2.6603E+01    1.1685E+01    3.7862E+00    8.9866E+00    1.1298E+01    7.1906E+00   
 1.8801E+02    2.1859E+01    3.0719E+01    2.0005E+01    1.4868E+01    1.6068E+01    3.9097E+01    2.6795E+01    1.1776E+01    3.8269E+00    9.0070E+00    1.1078E+01    7.0990E+00   
 1.8910E+02    2.1867E+01    3.0756E+01    1.9908E+01    1.4996E+01    1.5997E+01    3.9066E+01    2.7164E+01    1.1881E+01    3.8269E+00    9.0478E+00    1.1274E+01    7.1296E+00   
 1.9019E+02    2.1882E+01    3.0770E+01    1.9936E+01    1.5014E+01    1.5980E+01    3.9023E+01    2.7459E+01    1.1905E+01    3.8066E+00    9.0682E+00    1.1225E+01    7.1296E+00   
 1.9128E+02    2.1894E+01    3.0828E+01    2.0190E+01    1.4983E+01    1.5868E+01    3.8993E+01    2.7702E+01    1.1991E+01    3.8066E+00    9.0478E+00    1.1127E+01    7.0990E+00   
 1.9237E+02    2.1918E+01    3.0893E+01    2.0114E+01    1.5026E+01    1.5706E+01    3.9001E+01    2.7815E+01    1.2095E+01    3.7658E+00    9.0070E+00    1.1115E+01    7.1602E+00   
 1.9346E+02    2.1943E+01    3.0924E+01    1.9924E+01    1.5096E+01    1.5462E+01    3.8996E+01    2.8013E+01    1.2174E+01    3.7862E+00    9.0274E+00    1.1323E+01    7.1296E+00   
 1.9455E+02    2.1975E+01    3.0995E+01    1.9919E+01    1.5097E+01    1.5323E+01    3.9026E+01    2.8204E+01    1.2176E+01    3.7658E+00    9.0886E+00    1.1152E+01    7.1602E+00   
 1.9564E+02    2.2008E+01    3.1038E+01    1.9319E+01    1.5123E+01    1.5091E+01    3.9090E+01    2.8286E+01    1.2278E+01    3.7862E+00    9.0478E+00    1.1249E+01    7.1296E+00   
# Time (s)      T1w (C)       T2w (C)       T1a (C)       T2a (C)       T1r (C)       T2r (C)       T3r (C)       T4r (C)       P1 (bar)      P2 (bar)      Pow (W/100)      Qc (l/min)    
 1.9674E+02    2.2071E+01    3.1072E+01    1.9040E+01    1.5087E+01    1.4860E+01    3.9132E+01    2.8458E+01    1.2340E+01    3.7454E+00    9.0886E+00    1.1103E+01    7.0990E+00   
 1.9784E+02    2.2124E+01    3.1093E+01    1.9139E+01    1.5130E+01    1.4643E+01    3.9222E+01    2.8647E+01    1.2398E+01    3.7862E+00    9.0886E+00    1.1286E+01    7.1602E+00   
 1.9894E+02    2.2153E+01    3.1115E+01    1.9481E+01    1.5086E+01    1.4566E+01    3.9258E+01    2.8795E+01    1.2466E+01    3.7454E+00    9.1090E+00    1.1103E+01    7.1296E+00   
 2.0003E+02    2.2157E+01    3.1131E+01    1.9430E+01    1.5069E+01    1.4368E+01    3.9303E+01    2.8836E+01    1.2500E+01    3.8066E+00    9.0682E+00    1.1286E+01    7.1296E+00   
 2.0113E+02    2.2167E+01    3.1149E+01    1.8981E+01    1.5116E+01    1.4225E+01    3.9317E+01    2.8920E+01    1.2508E+01    3.8066E+00    9.1294E+00    1.1127E+01    7.1602E+00   
 2.0221E+02    2.2224E+01    3.1204E+01    1.9000E+01    1.5178E+01    1.4159E+01    3.9312E+01    2.9011E+01    1.2526E+01    3.7862E+00    9.1090E+00    1.1200E+01    7.1906E+00   
 2.0330E+02    2.2290E+01    3.1280E+01    1.9128E+01    1.5187E+01    1.4046E+01    3.9318E+01    2.9098E+01    1.2587E+01    3.7862E+00    9.1702E+00    1.1323E+01    7.0990E+00   
 2.0437E+02    2.2315E+01    3.1341E+01    1.9246E+01    1.5251E+01    1.3975E+01    3.9346E+01    2.9158E+01    1.2610E+01    3.8269E+00    9.1498E+00    1.1396E+01    7.0990E+00   
 2.0544E+02    2.2356E+01    3.1392E+01    1.8845E+01    1.5288E+01    1.3894E+01    3.9384E+01    2.9219E+01    1.2636E+01    3.7862E+00    9.1294E+00    1.1139E+01    7.1296E+00   
 2.0653E+02    2.2384E+01    3.1401E+01    1.8592E+01    1.5307E+01    1.3846E+01    3.9435E+01    2.9295E+01    1.2628E+01    3.8066E+00    9.1498E+00    1.1310E+01    7.0990E+00   
 2.0762E+02    2.2420E+01    3.1454E+01    1.8433E+01    1.5300E+01    1.3736E+01    3.9476E+01    2.9350E+01    1.2663E+01    3.7862E+00    9.2110E+00    1.1433E+01    7.0990E+00   
 2.0871E+02    2.2467E+01    3.1480E+01    1.8268E+01    1.5209E+01    1.3666E+01    3.9473E+01    2.9346E+01    1.2653E+01    3.8066E+00    9.1906E+00    1.1164E+01    7.1602E+00   
 2.0979E+02    2.2527E+01    3.1497E+01    1.8361E+01    1.5238E+01    1.3586E+01    3.9523E+01    2.9415E+01    1.2664E+01    3.8066E+00    9.1906E+00    1.1323E+01    7.1602E+00   
 2.1088E+02    2.2548E+01    3.1555E+01    1.9136E+01    1.5219E+01    1.3577E+01    3.9518E+01    2.9466E+01    1.2673E+01    3.8269E+00    9.1702E+00    1.1213E+01    7.1906E+00   
 2.1198E+02    2.2522E+01    3.1583E+01    1.9036E+01    1.5256E+01    1.3474E+01    3.9512E+01    2.9494E+01    1.2649E+01    3.8473E+00    9.2110E+00    1.1176E+01    7.1602E+00   
 2.1307E+02    2.2504E+01    3.1619E+01    1.8709E+01    1.5203E+01    1.3399E+01    3.9511E+01    2.9503E+01    1.2675E+01    3.8473E+00    9.2110E+00    1.1371E+01    7.1906E+00   
 2.1416E+02    2.2471E+01    3.1641E+01    1.8540E+01    1.5210E+01    1.3354E+01    3.9488E+01    2.9474E+01    1.2631E+01    3.8473E+00    9.2722E+00    1.1323E+01    7.1296E+00   
 2.1524E+02    2.2496E+01    3.1703E+01    1.8392E+01    1.5231E+01    1.3268E+01    3.9461E+01    2.9496E+01    1.2623E+01    3.8269E+00    9.2518E+00    1.1200E+01    7.1602E+00   
 2.1633E+02    2.2500E+01    3.1769E+01    1.8405E+01    1.5209E+01    1.3201E+01    3.9478E+01    2.9513E+01    1.2615E+01    3.8269E+00    9.2518E+00    1.1274E+01    7.1906E+00   
 2.1742E+02    2.2534E+01    3.1839E+01    1.8706E+01    1.5290E+01    1.3087E+01    3.9493E+01    2.9551E+01    1.2619E+01    3.8269E+00    9.2314E+00    1.1481E+01    7.1602E+00   
 2.1851E+02    2.2622E+01    3.1885E+01    1.8717E+01    1.5341E+01    1.3067E+01    3.9555E+01    2.9585E+01    1.2633E+01    3.8269E+00    9.2518E+00    1.1213E+01    7.1602E+00   
 2.1959E+02    2.2619E+01    3.1908E+01    1.9316E+01    1.5290E+01    1.2951E+01    3.9594E+01    2.9606E+01    1.2613E+01    3.8269E+00    9.3334E+00    1.1262E+01    7.1602E+00   
 2.2068E+02    2.2661E+01    3.1937E+01    1.9761E+01    1.5303E+01    1.2868E+01    3.9587E+01    2.9570E+01    1.2561E+01    3.8269E+00    9.2518E+00    1.1420E+01    7.1906E+00   
 2.2177E+02    2.2684E+01    3.1967E+01    1.9515E+01    1.5258E+01    1.2765E+01    3.9619E+01    2.9571E+01    1.2510E+01    3.8269E+00    9.2518E+00    1.1310E+01    7.1602E+00   
 2.2287E+02    2.2696E+01    3.1990E+01    1.9820E+01    1.5287E+01    1.2730E+01    3.9655E+01    2.9548E+01    1.2501E+01    3.8473E+00    9.3130E+00    1.1286E+01    7.1602E+00   
 2.2396E+02    2.2728E+01    3.2016E+01    2.0064E+01    1.5278E+01    1.2685E+01    3.9671E+01    2.9538E+01    1.2450E+01    3.8473E+00    9.3130E+00    1.1408E+01    7.0990E+00   
 2.2506E+02    2.2764E+01    3.2042E+01    2.0092E+01    1.5244E+01    1.2650E+01    3.9690E+01    2.9524E+01    1.2419E+01    3.8473E+00    9.2926E+00    1.1543E+01    7.1602E+00   
 2.2615E+02    2.2827E+01    3.2056E+01    2.0231E+01    1.5159E+01    1.2581E+01    3.9646E+01    2.9502E+01    1.2374E+01    3.8473E+00    9.3334E+00    1.1249E+01    7.1296E+00   
 2.2724E+02    2.2874E+01    3.2107E+01    2.0139E+01    1.5204E+01    1.2549E+01    3.9644E+01    2.9489E+01    1.2337E+01    3.8677E+00    9.3130E+00    1.1433E+01    7.2209E+00   
 2.2839E+02    2.2900E+01    3.2138E+01    2.0156E+01    1.5190E+01    1.2509E+01    3.9691E+01    2.9486E+01    1.2335E+01    3.8880E+00    9.3334E+00    1.1286E+01    7.1602E+00   
# Time (s)      T1w (C)       T2w (C)       T1a (C)       T2a (C)       T1r (C)       T2r (C)       T3r (C)       T4r (C)       P1 (bar)      P2 (bar)      Pow (W/100)      Qc (l/min)    
 2.2947E+02    2.2931E+01    3.2191E+01    2.0041E+01    1.5248E+01    1.2482E+01    3.9731E+01    2.9462E+01    1.2279E+01    3.8473E+00    9.3130E+00    1.1567E+01    7.2209E+00   
 2.3057E+02    2.2989E+01    3.2203E+01    1.9948E+01    1.5207E+01    1.2481E+01    3.9790E+01    2.9445E+01    1.2261E+01    3.8269E+00    9.3742E+00    1.1286E+01    7.1602E+00   
 2.3165E+02    2.3017E+01    3.2261E+01    1.9949E+01    1.5258E+01    1.2469E+01    3.9815E+01    2.9444E+01    1.2227E+01    3.8269E+00    9.3538E+00    1.1408E+01    7.1906E+00   
 2.3273E+02    2.3013E+01    3.2299E+01    1.9973E+01    1.5219E+01    1.2464E+01    3.9809E+01    2.9436E+01    1.2188E+01    3.8473E+00    9.4149E+00    1.1384E+01    7.1296E+00   
 2.3381E+02    2.3021E+01    3.2349E+01    1.9685E+01    1.5204E+01    1.2443E+01    3.9904E+01    2.9468E+01    1.2190E+01    3.8269E+00    9.3946E+00    1.1286E+01    7.1602E+00   
 2.3488E+02    2.3044E+01    3.2385E+01    1.9898E+01    1.5174E+01    1.2453E+01    3.9966E+01    2.9457E+01    1.2174E+01    3.8269E+00    9.3742E+00    1.1359E+01    7.1296E+00   
 2.3597E+02    2.3101E+01    3.2423E+01    2.0111E+01    1.5175E+01    1.2407E+01    4.0013E+01    2.9492E+01    1.2183E+01    3.8473E+00    9.3946E+00    1.1567E+01    7.1296E+00   
 2.3706E+02    2.3132E+01    3.2461E+01    1.9737E+01    1.5214E+01    1.2337E+01    4.0051E+01    2.9497E+01    1.2166E+01    3.8473E+00    9.3742E+00    1.1323E+01    7.1296E+00   
 2.3815E+02    2.3185E+01    3.2523E+01    1.9596E+01    1.5181E+01    1.2274E+01    4.0113E+01    2.9498E+01    1.2139E+01    3.8269E+00    9.4557E+00    1.1298E+01    7.1602E+00   
 2.3924E+02    2.3225E+01    3.2527E+01    1.9615E+01    1.5150E+01    1.2273E+01    4.0163E+01    2.9503E+01    1.2128E+01    3.8269E+00    9.4353E+00    1.1359E+01    7.1602E+00   
 2.4033E+02    2.3249E+01    3.2550E+01    1.9762E+01    1.5108E+01    1.2305E+01    4.0175E+01    2.9520E+01    1.2122E+01    3.8066E+00    9.3946E+00    1.1579E+01    7.1602E+00   
 2.4141E+02    2.3262E+01    3.2582E+01    1.9635E+01    1.5113E+01    1.2303E+01    4.0175E+01    2.9529E+01    1.2103E+01    3.8269E+00    9.3946E+00    1.1359E+01    7.1602E+00   
 2.4250E+02    2.3277E+01    3.2609E+01    1.9801E+01    1.5133E+01    1.2316E+01    4.0193E+01    2.9524E+01    1.2063E+01    3.8473E+00    9.4557E+00    1.1310E+01    7.1602E+00   
 2.4359E+02    2.3310E+01    3.2625E+01    1.9808E+01    1.5032E+01    1.2330E+01    4.0253E+01    2.9548E+01    1.2053E+01    3.8066E+00    9.4761E+00    1.1347E+01    7.1296E+00   
 2.4468E+02    2.3317E+01    3.2657E+01    1.9603E+01    1.5004E+01    1.2387E+01    4.0313E+01    2.9547E+01    1.2041E+01    3.8473E+00    9.4965E+00    1.1506E+01    7.1906E+00   
 2.4577E+02    2.3340E+01    3.2686E+01    1.9628E+01    1.4992E+01    1.2454E+01    4.0421E+01    2.9588E+01    1.2019E+01    3.8066E+00    9.4353E+00    1.1555E+01    7.1296E+00   
 2.4685E+02    2.3340E+01    3.2696E+01    1.9854E+01    1.4976E+01    1.2476E+01    4.0511E+01    2.9598E+01    1.1999E+01    3.8066E+00    9.4149E+00    1.1384E+01    7.1296E+00   
 2.4794E+02    2.3377E+01    3.2731E+01    1.9786E+01    1.4920E+01    1.2503E+01    4.0629E+01    2.9615E+01    1.1956E+01    3.8066E+00    9.4557E+00    1.1347E+01    7.1296E+00   
 2.4903E+02    2.3406E+01    3.2761E+01    1.9877E+01    1.4989E+01    1.2495E+01    4.0656E+01    2.9623E+01    1.1935E+01    3.8066E+00    9.4353E+00    1.1310E+01    7.1602E+00   
 2.5012E+02    2.3469E+01    3.2782E+01    1.9471E+01    1.4966E+01    1.2526E+01    4.0752E+01    2.9637E+01    1.1890E+01    3.8269E+00    9.4557E+00    1.1604E+01    7.0990E+00   
 2.5121E+02    2.3524E+01    3.2789E+01    1.9727E+01    1.4927E+01    1.2542E+01    4.0796E+01    2.9663E+01    1.1895E+01    3.8066E+00    9.4761E+00    1.1335E+01    7.0990E+00   
 2.5230E+02    2.3550E+01    3.2821E+01    1.9878E+01    1.4916E+01    1.2578E+01    4.0849E+01    2.9719E+01    1.1890E+01    3.8269E+00    9.4557E+00    1.1310E+01    7.1296E+00   
 2.5340E+02    2.3544E+01    3.2837E+01    1.9303E+01    1.4902E+01    1.2654E+01    4.0898E+01    2.9747E+01    1.1894E+01    3.8269E+00    9.4557E+00    1.1518E+01    7.1906E+00   
 2.5449E+02    2.3556E+01    3.2880E+01    1.9267E+01    1.4865E+01    1.2701E+01    4.0941E+01    2.9762E+01    1.1803E+01    3.7862E+00    9.4965E+00    1.1310E+01    7.1296E+00   
 2.5560E+02    2.3594E+01    3.2894E+01    1.9421E+01    1.4820E+01    1.2734E+01    4.0992E+01    2.9788E+01    1.1803E+01    3.8066E+00    9.4557E+00    1.1445E+01    7.1602E+00   
 2.5669E+02    2.3619E+01    3.2948E+01    1.9701E+01    1.4806E+01    1.2818E+01    4.1087E+01    2.9833E+01    1.1783E+01    3.7658E+00    9.4965E+00    1.1591E+01    7.1906E+00   
 2.5779E+02    2.3595E+01    3.2973E+01    1.9668E+01    1.4837E+01    1.2838E+01    4.1094E+01    2.9844E+01    1.1757E+01    3.7658E+00    9.4761E+00    1.1530E+01    7.1602E+00   
 2.5888E+02    2.3629E+01    3.2983E+01    1.9827E+01    1.4846E+01    1.2912E+01    4.1213E+01    2.9902E+01    1.1778E+01    3.7862E+00    9.4557E+00    1.1506E+01    7.1602E+00   
 2.5999E+02    2.3644E+01    3.2998E+01    1.9858E+01    1.4829E+01    1.2970E+01    4.1301E+01    2.9989E+01    1.1812E+01    3.7658E+00    9.4761E+00    1.1298E+01    7.1296E+00   
 2.6107E+02    2.3660E+01    3.3015E+01    1.9763E+01    1.4824E+01    1.3019E+01    4.1345E+01    3.0037E+01    1.1784E+01    3.7658E+00    9.5169E+00    1.1604E+01    7.1602E+00   
# Time (s)      T1w (C)       T2w (C)       T1a (C)       T2a (C)       T1r (C)       T2r (C)       T3r (C)       T4r (C)       P1 (bar)      P2 (bar)      Pow (W/100)      Qc (l/min)    
 2.6216E+02    2.3678E+01    3.3038E+01    1.9728E+01    1.4798E+01    1.3093E+01    4.1381E+01    3.0079E+01    1.1739E+01    3.7862E+00    9.4557E+00    1.1371E+01    7.1296E+00   
 2.6323E+02    2.3717E+01    3.3071E+01    1.9821E+01    1.4820E+01    1.3108E+01    4.1452E+01    3.0119E+01    1.1710E+01    3.7454E+00    9.4965E+00    1.1286E+01    7.1906E+00   
 2.6432E+02    2.3763E+01    3.3060E+01    1.9790E+01    1.4798E+01    1.3210E+01    4.1560E+01    3.0152E+01    1.1710E+01    3.7658E+00    9.5373E+00    1.1323E+01    7.1906E+00   
 2.6541E+02    2.3787E+01    3.3072E+01    2.0082E+01    1.4776E+01    1.3264E+01    4.1617E+01    3.0184E+01    1.1699E+01    3.7658E+00    9.4965E+00    1.1469E+01    7.1602E+00   
 2.6650E+02    2.3778E+01    3.3082E+01    1.9787E+01    1.4717E+01    1.3342E+01    4.1665E+01    3.0259E+01    1.1718E+01    3.7454E+00    9.4761E+00    1.1530E+01    7.1296E+00   
 2.6759E+02    2.3776E+01    3.3069E+01    1.9743E+01    1.4716E+01    1.3372E+01    4.1682E+01    3.0326E+01    1.1703E+01    3.7658E+00    9.4965E+00    1.1591E+01    7.1602E+00   
 2.6867E+02    2.3807E+01    3.3112E+01    2.0006E+01    1.4707E+01    1.3428E+01    4.1754E+01    3.0376E+01    1.1721E+01    3.7454E+00    9.4761E+00    1.1433E+01    7.1906E+00   
 2.6976E+02    2.3834E+01    3.3119E+01    1.9710E+01    1.4802E+01    1.3465E+01    4.1745E+01    3.0393E+01    1.1697E+01    3.7862E+00    9.5169E+00    1.1335E+01    7.1602E+00   
 2.7085E+02    2.3912E+01    3.3145E+01    1.9473E+01    1.4758E+01    1.3518E+01    4.1795E+01    3.0420E+01    1.1656E+01    3.7658E+00    9.5577E+00    1.1323E+01    7.1602E+00   
 2.7194E+02    2.3976E+01    3.3166E+01    1.9542E+01    1.4751E+01    1.3562E+01    4.1848E+01    3.0505E+01    1.1687E+01    3.7862E+00    9.5577E+00    1.1310E+01    7.1602E+00   
 2.7303E+02    2.3992E+01    3.3183E+01    1.9670E+01    1.4781E+01    1.3618E+01    4.1916E+01    3.0556E+01    1.1705E+01    3.7658E+00    9.5373E+00    1.1591E+01    7.1906E+00   
 2.7412E+02    2.4018E+01    3.3203E+01    1.9703E+01    1.4753E+01    1.3681E+01    4.1949E+01    3.0595E+01    1.1721E+01    3.7454E+00    9.5577E+00    1.1579E+01    7.1906E+00   
 2.7521E+02    2.4057E+01    3.3225E+01    1.9744E+01    1.4808E+01    1.3713E+01    4.2007E+01    3.0646E+01    1.1720E+01    3.7862E+00    9.5373E+00    1.1543E+01    7.1296E+00   
 2.7630E+02    2.4046E+01    3.3230E+01    2.0058E+01    1.4768E+01    1.3770E+01    4.2043E+01    3.0697E+01    1.1691E+01    3.7862E+00    9.5781E+00    1.1310E+01    7.1906E+00   
 2.7740E+02    2.4063E+01    3.3229E+01    1.9926E+01    1.4827E+01    1.3808E+01    4.2061E+01    3.0706E+01    1.1675E+01    3.7658E+00    9.5577E+00    1.1384E+01    7.1602E+00   
 2.7848E+02    2.4140E+01    3.3273E+01    1.9814E+01    1.4795E+01    1.3883E+01    4.2109E+01    3.0773E+01    1.1708E+01    3.7862E+00    9.5373E+00    1.1518E+01    7.1602E+00   
 2.7957E+02    2.4197E+01    3.3289E+01    1.9710E+01    1.4779E+01    1.3925E+01    4.2140E+01    3.0846E+01    1.1726E+01    3.7658E+00    9.5373E+00    1.1567E+01    7.1602E+00   
 2.8066E+02    2.4248E+01    3.3314E+01    1.9726E+01    1.4754E+01    1.3962E+01    4.2139E+01    3.0862E+01    1.1691E+01    3.7658E+00    9.5373E+00    1.1347E+01    7.1602E+00   
 2.8175E+02    2.4247E+01    3.3354E+01    1.9597E+01    1.4780E+01    1.4014E+01    4.2155E+01    3.0874E+01    1.1681E+01    3.7658E+00    9.5781E+00    1.1628E+01    7.1602E+00   
 2.8285E+02    2.4250E+01    3.3390E+01    1.9511E+01    1.4812E+01    1.4043E+01    4.2172E+01    3.0929E+01    1.1670E+01    3.7658E+00    9.6189E+00    1.1433E+01    7.1602E+00   
 2.8395E+02    2.4240E+01    3.3400E+01    1.9499E+01    1.4778E+01    1.4070E+01    4.2196E+01    3.0967E+01    1.1659E+01    3.7658E+00    9.5781E+00    1.1604E+01    7.1602E+00   
 2.8507E+02    2.4239E+01    3.3419E+01    1.9523E+01    1.4815E+01    1.4134E+01    4.2257E+01    3.1007E+01    1.1698E+01    3.7862E+00    9.5781E+00    1.1543E+01    7.1906E+00   
 2.8615E+02    2.4243E+01    3.3470E+01    1.9618E+01    1.4734E+01    1.4178E+01    4.2262E+01    3.1044E+01    1.1694E+01    3.7862E+00    9.5781E+00    1.1347E+01    7.1602E+00   
 2.8725E+02    2.4267E+01    3.3502E+01    1.9750E+01    1.4724E+01    1.4244E+01    4.2327E+01    3.1067E+01    1.1696E+01    3.7658E+00    9.6597E+00    1.1567E+01    7.1906E+00   
 2.8832E+02    2.4323E+01    3.3514E+01    1.9694E+01    1.4816E+01    1.4248E+01    4.2381E+01    3.1127E+01    1.1693E+01    3.7658E+00    9.5985E+00    1.1481E+01    7.1906E+00   
 2.8940E+02    2.4353E+01    3.3549E+01    1.9715E+01    1.4790E+01    1.4302E+01    4.2413E+01    3.1162E+01    1.1724E+01    3.7862E+00    9.6393E+00    1.1359E+01    7.1906E+00   
 2.9048E+02    2.4392E+01    3.3573E+01    1.9681E+01    1.4773E+01    1.4338E+01    4.2418E+01    3.1157E+01    1.1725E+01    3.7658E+00    9.5985E+00    1.1408E+01    7.1906E+00   
 2.9157E+02    2.4421E+01    3.3597E+01    1.9536E+01    1.4751E+01    1.4344E+01    4.2451E+01    3.1187E+01    1.1741E+01    3.7862E+00    9.5985E+00    1.1591E+01    7.1602E+00   
 2.9266E+02    2.4448E+01    3.3607E+01    1.9664E+01    1.4762E+01    1.4375E+01    4.2489E+01    3.1268E+01    1.1751E+01    3.8066E+00    9.6189E+00    1.1652E+01    7.1296E+00   
 2.9375E+02    2.4474E+01    3.3624E+01    1.9693E+01    1.4811E+01    1.4424E+01    4.2510E+01    3.1311E+01    1.1800E+01    3.7862E+00    9.6189E+00    1.1652E+01    7.1602E+00   
# Time (s)      T1w (C)       T2w (C)       T1a (C)       T2a (C)       T1r (C)       T2r (C)       T3r (C)       T4r (C)       P1 (bar)      P2 (bar)      Pow (W/100)      Qc (l/min)    
 2.9484E+02    2.4485E+01    3.3662E+01    1.9761E+01    1.4845E+01    1.4443E+01    4.2557E+01    3.1350E+01    1.1822E+01    3.8066E+00    9.6801E+00    1.1371E+01    7.1906E+00   
 2.9594E+02    2.4498E+01    3.3661E+01    1.9760E+01    1.4802E+01    1.4439E+01    4.2604E+01    3.1374E+01    1.1818E+01    3.7862E+00    9.6801E+00    1.1408E+01    7.1602E+00   
 2.9703E+02    2.4525E+01    3.3705E+01    1.9879E+01    1.4837E+01    1.4423E+01    4.2647E+01    3.1423E+01    1.1781E+01    3.7862E+00    9.6189E+00    1.1506E+01    7.1602E+00   
 2.9812E+02    2.4551E+01    3.3737E+01    1.9942E+01    1.4833E+01    1.4446E+01    4.2670E+01    3.1448E+01    1.1802E+01    3.7862E+00    9.6393E+00    1.1506E+01    7.1602E+00   
 2.9921E+02    2.4584E+01    3.3762E+01    1.9830E+01    1.4787E+01    1.4440E+01    4.2713E+01    3.1504E+01    1.1817E+01    3.8066E+00    9.6393E+00    1.1604E+01    7.1602E+00   
 3.0029E+02    2.4593E+01    3.3770E+01    1.9807E+01    1.4733E+01    1.4458E+01    4.2779E+01    3.1542E+01    1.1840E+01    3.8066E+00    9.6597E+00    1.1677E+01    7.2209E+00   
 3.0138E+02    2.4609E+01    3.3803E+01    1.9916E+01    1.4801E+01    1.4453E+01    4.2859E+01    3.1569E+01    1.1855E+01    3.8066E+00    9.6801E+00    1.1579E+01    7.1906E+00   
 3.0247E+02    2.4602E+01    3.3823E+01    1.9874E+01    1.4812E+01    1.4459E+01    4.2889E+01    3.1583E+01    1.1833E+01    3.8473E+00    9.7005E+00    1.1567E+01    7.1906E+00   
