# Run number 20 on Tue May 21 11:51:01 2024
# Time (s)      T1w (C)       T2w (C)       T1a (C)       T2a (C)       T1r (C)       T2r (C)       T3r (C)       T4r (C)       P1 (bar)      P2 (bar)      Pow (W/100)      Qc (l/min)    
 3.0624E-01    4.2501E+01    5.0566E+01    1.9916E+01    1.6076E+01    1.2267E+01    6.8690E+01    4.6199E+01    1.3969E+01    4.3664E+00    1.4952E+01    1.4634E+01    1.0289E+01   
 1.4436E+00    4.2532E+01    5.0586E+01    2.0257E+01    1.6061E+01    1.2242E+01    6.8737E+01    4.6133E+01    1.3902E+01    4.3460E+00    1.4850E+01    1.4439E+01    1.0324E+01   
 2.5297E+00    4.2546E+01    5.0614E+01    2.0350E+01    1.6010E+01    1.2266E+01    6.8754E+01    4.6038E+01    1.3872E+01    4.3460E+00    1.4748E+01    1.4353E+01    1.0359E+01   
 3.6116E+00    4.2561E+01    5.0634E+01    2.0574E+01    1.5993E+01    1.2376E+01    6.8777E+01    4.5967E+01    1.3832E+01    4.3257E+00    1.4830E+01    1.4329E+01    1.0289E+01   
 4.6998E+00    4.2584E+01    5.0621E+01    2.0403E+01    1.5995E+01    1.2486E+01    6.8793E+01    4.5918E+01    1.3788E+01    4.3257E+00    1.4830E+01    1.4756E+01    1.0324E+01   
 5.7870E+00    4.2591E+01    5.0634E+01    2.0159E+01    1.6023E+01    1.2635E+01    6.8836E+01    4.5856E+01    1.3728E+01    4.3053E+00    1.4932E+01    1.4682E+01    1.0289E+01   
 6.8742E+00    4.2589E+01    5.0663E+01    2.0524E+01    1.5980E+01    1.2684E+01    6.8861E+01    4.5788E+01    1.3704E+01    4.2645E+00    1.4789E+01    1.4658E+01    1.0218E+01   
 7.9624E+00    4.2599E+01    5.0667E+01    2.0320E+01    1.5963E+01    1.2803E+01    6.8875E+01    4.5696E+01    1.3632E+01    4.2849E+00    1.4870E+01    1.4731E+01    1.0218E+01   
 9.0515E+00    4.2617E+01    5.0681E+01    2.0189E+01    1.5877E+01    1.2963E+01    6.8902E+01    4.5677E+01    1.3574E+01    4.2645E+00    1.4789E+01    1.4719E+01    1.0253E+01   
 1.0140E+01    4.2629E+01    5.0676E+01    2.0071E+01    1.5810E+01    1.3021E+01    6.8914E+01    4.5623E+01    1.3501E+01    4.2849E+00    1.4830E+01    1.4512E+01    1.0324E+01   
 1.1227E+01    4.2641E+01    5.0673E+01    2.0152E+01    1.5852E+01    1.3187E+01    6.8961E+01    4.5599E+01    1.3511E+01    4.2645E+00    1.4789E+01    1.4293E+01    1.0289E+01   
 1.2331E+01    4.2651E+01    5.0658E+01    2.0191E+01    1.5810E+01    1.3340E+01    6.8976E+01    4.5563E+01    1.3457E+01    4.2645E+00    1.4870E+01    1.4280E+01    1.0324E+01   
 1.3420E+01    4.2659E+01    5.0661E+01    1.9999E+01    1.5744E+01    1.3477E+01    6.8998E+01    4.5543E+01    1.3417E+01    4.2645E+00    1.4830E+01    1.4512E+01    1.0394E+01   
 1.4494E+01    4.2654E+01    5.0655E+01    1.9842E+01    1.5712E+01    1.3566E+01    6.9034E+01    4.5526E+01    1.3401E+01    4.2645E+00    1.4789E+01    1.4317E+01    1.0218E+01   
 1.5579E+01    4.2658E+01    5.0673E+01    1.9796E+01    1.5720E+01    1.3697E+01    6.9052E+01    4.5528E+01    1.3385E+01    4.2238E+00    1.4850E+01    1.4305E+01    1.0289E+01   
 1.6668E+01    4.2694E+01    5.0667E+01    1.9727E+01    1.5716E+01    1.3864E+01    6.9076E+01    4.5543E+01    1.3386E+01    4.2442E+00    1.4768E+01    1.4390E+01    1.0359E+01   
 1.7757E+01    4.2685E+01    5.0659E+01    1.9734E+01    1.5721E+01    1.4013E+01    6.9118E+01    4.5599E+01    1.3368E+01    4.2645E+00    1.4830E+01    1.4390E+01    1.0253E+01   
 1.8845E+01    4.2664E+01    5.0624E+01    1.9757E+01    1.5721E+01    1.4083E+01    6.9159E+01    4.5604E+01    1.3368E+01    4.2442E+00    1.4748E+01    1.4268E+01    1.0253E+01   
 1.9932E+01    4.2690E+01    5.0624E+01    1.9747E+01    1.5665E+01    1.4238E+01    6.9202E+01    4.5666E+01    1.3390E+01    4.2442E+00    1.4830E+01    1.4439E+01    1.0359E+01   
 2.1014E+01    4.2696E+01    5.0605E+01    1.9754E+01    1.5674E+01    1.4342E+01    6.9217E+01    4.5669E+01    1.3369E+01    4.2442E+00    1.4768E+01    1.4268E+01    1.0324E+01   
 2.2103E+01    4.2702E+01    5.0595E+01    1.9738E+01    1.5654E+01    1.4476E+01    6.9257E+01    4.5722E+01    1.3338E+01    4.2442E+00    1.4768E+01    1.4280E+01    1.0289E+01   
 2.3191E+01    4.2699E+01    5.0600E+01    1.9711E+01    1.5722E+01    1.4543E+01    6.9255E+01    4.5789E+01    1.3336E+01    4.2645E+00    1.4870E+01    1.4341E+01    1.0324E+01   
 2.4278E+01    4.2746E+01    5.0605E+01    1.9721E+01    1.5730E+01    1.4662E+01    6.9260E+01    4.5877E+01    1.3329E+01    4.2645E+00    1.4768E+01    1.4317E+01    1.0289E+01   
 2.5366E+01    4.2786E+01    5.0622E+01    1.9793E+01    1.5740E+01    1.4776E+01    6.9314E+01    4.5925E+01    1.3349E+01    4.2849E+00    1.4830E+01    1.4524E+01    1.0324E+01   
 2.6462E+01    4.2794E+01    5.0650E+01    1.9821E+01    1.5745E+01    1.4852E+01    6.9325E+01    4.5982E+01    1.3374E+01    4.2645E+00    1.4748E+01    1.4573E+01    1.0359E+01   
 2.7550E+01    4.2788E+01    5.0627E+01    1.9753E+01    1.5776E+01    1.4936E+01    6.9361E+01    4.6057E+01    1.3393E+01    4.2442E+00    1.4748E+01    1.4451E+01    1.0394E+01   
 2.8637E+01    4.2809E+01    5.0629E+01    1.9826E+01    1.5877E+01    1.5057E+01    6.9363E+01    4.6103E+01    1.3428E+01    4.3053E+00    1.4870E+01    1.4512E+01    1.0324E+01   
 2.9725E+01    4.2824E+01    5.0658E+01    1.9896E+01    1.5864E+01    1.5161E+01    6.9403E+01    4.6208E+01    1.3445E+01    4.2442E+00    1.4748E+01    1.4707E+01    1.0289E+01   
 3.0814E+01    4.2839E+01    5.0672E+01    1.9868E+01    1.5840E+01    1.5239E+01    6.9448E+01    4.6272E+01    1.3463E+01    4.2645E+00    1.4891E+01    1.4731E+01    1.0289E+01   
 3.1903E+01    4.2874E+01    5.0693E+01    1.9986E+01    1.5908E+01    1.5342E+01    6.9477E+01    4.6342E+01    1.3466E+01    4.2645E+00    1.4748E+01    1.4707E+01    1.0324E+01   
# Time (s)      T1w (C)       T2w (C)       T1a (C)       T2a (C)       T1r (C)       T2r (C)       T3r (C)       T4r (C)       P1 (bar)      P2 (bar)      Pow (W/100)      Qc (l/min)    
 3.2990E+01    4.2868E+01    5.0689E+01    2.0202E+01    1.5810E+01    1.5427E+01    6.9482E+01    4.6397E+01    1.3508E+01    4.2645E+00    1.4850E+01    1.4707E+01    1.0253E+01   
 3.4078E+01    4.2897E+01    5.0705E+01    1.9926E+01    1.5834E+01    1.5550E+01    6.9515E+01    4.6476E+01    1.3550E+01    4.2645E+00    1.4789E+01    1.4500E+01    1.0289E+01   
 3.5186E+01    4.2907E+01    5.0732E+01    2.0209E+01    1.5883E+01    1.5581E+01    6.9497E+01    4.6537E+01    1.3572E+01    4.2849E+00    1.4789E+01    1.4280E+01    1.0218E+01   
 3.6279E+01    4.2907E+01    5.0719E+01    2.0145E+01    1.5878E+01    1.5678E+01    6.9506E+01    4.6593E+01    1.3575E+01    4.3053E+00    1.4870E+01    1.4597E+01    1.0218E+01   
 3.7422E+01    4.2935E+01    5.0762E+01    2.0195E+01    1.5903E+01    1.5769E+01    6.9509E+01    4.6611E+01    1.3629E+01    4.3257E+00    1.4891E+01    1.4756E+01    1.0394E+01   
 3.8518E+01    4.2974E+01    5.0803E+01    2.0519E+01    1.5961E+01    1.5878E+01    6.9539E+01    4.6737E+01    1.3699E+01    4.3257E+00    1.4911E+01    1.4756E+01    1.0253E+01   
 3.9617E+01    4.2984E+01    5.0803E+01    2.0114E+01    1.5956E+01    1.5937E+01    6.9540E+01    4.6798E+01    1.3704E+01    4.3257E+00    1.4850E+01    1.4317E+01    1.0289E+01   
 4.0697E+01    4.2995E+01    5.0810E+01    2.0014E+01    1.5956E+01    1.6013E+01    6.9570E+01    4.6849E+01    1.3734E+01    4.3257E+00    1.4850E+01    1.4414E+01    1.0359E+01   
 4.1772E+01    4.2999E+01    5.0812E+01    1.9952E+01    1.5973E+01    1.6094E+01    6.9574E+01    4.6865E+01    1.3757E+01    4.3460E+00    1.4932E+01    1.4305E+01    1.0359E+01   
 4.2841E+01    4.2996E+01    5.0818E+01    1.9772E+01    1.5963E+01    1.6110E+01    6.9574E+01    4.6893E+01    1.3759E+01    4.3257E+00    1.4809E+01    1.4682E+01    1.0289E+01   
 4.3913E+01    4.3001E+01    5.0832E+01    1.9763E+01    1.6108E+01    1.6178E+01    6.9598E+01    4.6937E+01    1.3779E+01    4.3053E+00    1.4870E+01    1.4305E+01    1.0359E+01   
 4.5008E+01    4.3011E+01    5.0832E+01    1.9698E+01    1.6109E+01    1.6240E+01    6.9611E+01    4.6984E+01    1.3815E+01    4.3460E+00    1.4993E+01    1.4695E+01    1.0324E+01   
 4.6090E+01    4.3011E+01    5.0839E+01    1.9781E+01    1.6108E+01    1.6274E+01    6.9631E+01    4.6970E+01    1.3820E+01    4.3257E+00    1.4891E+01    1.4390E+01    1.0289E+01   
 4.7176E+01    4.2995E+01    5.0869E+01    1.9754E+01    1.6047E+01    1.6323E+01    6.9657E+01    4.7044E+01    1.3860E+01    4.3257E+00    1.4850E+01    1.4475E+01    1.0289E+01   
 4.8264E+01    4.3018E+01    5.0879E+01    1.9718E+01    1.6136E+01    1.6358E+01    6.9675E+01    4.7084E+01    1.3878E+01    4.3053E+00    1.4850E+01    1.4731E+01    1.0359E+01   
 4.9353E+01    4.3028E+01    5.0880E+01    1.9654E+01    1.6063E+01    1.6403E+01    6.9660E+01    4.7104E+01    1.3907E+01    4.3460E+00    1.4993E+01    1.4804E+01    1.0289E+01   
 5.0441E+01    4.3027E+01    5.0894E+01    1.9698E+01    1.6061E+01    1.6423E+01    6.9697E+01    4.7125E+01    1.3938E+01    4.3664E+00    1.4850E+01    1.4780E+01    1.0289E+01   
 5.1528E+01    4.2997E+01    5.0887E+01    1.9764E+01    1.5984E+01    1.6431E+01    6.9720E+01    4.7169E+01    1.3978E+01    4.3460E+00    1.4952E+01    1.4804E+01    1.0359E+01   
 5.2616E+01    4.3007E+01    5.0900E+01    1.9771E+01    1.6081E+01    1.6427E+01    6.9712E+01    4.7188E+01    1.3967E+01    4.3257E+00    1.4911E+01    1.4804E+01    1.0289E+01   
 5.3713E+01    4.2979E+01    5.0875E+01    1.9766E+01    1.6108E+01    1.6413E+01    6.9703E+01    4.7218E+01    1.4009E+01    4.3257E+00    1.4870E+01    1.4804E+01    1.0394E+01   
 5.4801E+01    4.2997E+01    5.0910E+01    1.9791E+01    1.6110E+01    1.6405E+01    6.9693E+01    4.7228E+01    1.4013E+01    4.3460E+00    1.4911E+01    1.4804E+01    1.0218E+01   
 5.5889E+01    4.3000E+01    5.0894E+01    1.9965E+01    1.6127E+01    1.6407E+01    6.9673E+01    4.7201E+01    1.4019E+01    4.3868E+00    1.4870E+01    1.4414E+01    1.0218E+01   
 5.6971E+01    4.3036E+01    5.0916E+01    2.0064E+01    1.6153E+01    1.6406E+01    6.9676E+01    4.7228E+01    1.4031E+01    4.3664E+00    1.4830E+01    1.4658E+01    1.0253E+01   
 5.8060E+01    4.3065E+01    5.0941E+01    2.0079E+01    1.6225E+01    1.6397E+01    6.9672E+01    4.7234E+01    1.4059E+01    4.3460E+00    1.5034E+01    1.4768E+01    1.0218E+01   
 5.9148E+01    4.3068E+01    5.0933E+01    2.0549E+01    1.6186E+01    1.6379E+01    6.9695E+01    4.7261E+01    1.4066E+01    4.3460E+00    1.4911E+01    1.4366E+01    1.0289E+01   
 6.0233E+01    4.3101E+01    5.0954E+01    2.0644E+01    1.6231E+01    1.6390E+01    6.9706E+01    4.7295E+01    1.4120E+01    4.3868E+00    1.4891E+01    1.4719E+01    1.0289E+01   
 6.1315E+01    4.3115E+01    5.0977E+01    2.0162E+01    1.6171E+01    1.6361E+01    6.9694E+01    4.7292E+01    1.4126E+01    4.3868E+00    1.4911E+01    1.4463E+01    1.0324E+01   
 6.2404E+01    4.3135E+01    5.0970E+01    2.0162E+01    1.6286E+01    1.6317E+01    6.9699E+01    4.7315E+01    1.4150E+01    4.3664E+00    1.4972E+01    1.4402E+01    1.0289E+01   
 6.3492E+01    4.3162E+01    5.0998E+01    2.0101E+01    1.6346E+01    1.6295E+01    6.9714E+01    4.7332E+01    1.4174E+01    4.3868E+00    1.4932E+01    1.4475E+01    1.0324E+01   
 6.4586E+01    4.3162E+01    5.1009E+01    1.9955E+01    1.6329E+01    1.6206E+01    6.9709E+01    4.7355E+01    1.4214E+01    4.3868E+00    1.5013E+01    1.4402E+01    1.0394E+01   
# Time (s)      T1w (C)       T2w (C)       T1a (C)       T2a (C)       T1r (C)       T2r (C)       T3r (C)       T4r (C)       P1 (bar)      P2 (bar)      Pow (W/100)      Qc (l/min)    
 6.5668E+01    4.3174E+01    5.1020E+01    1.9902E+01    1.6342E+01    1.6068E+01    6.9680E+01    4.7345E+01    1.4235E+01    4.3664E+00    1.4932E+01    1.4853E+01    1.0324E+01   
 6.6763E+01    4.3184E+01    5.1050E+01    1.9917E+01    1.6347E+01    1.5973E+01    6.9631E+01    4.7366E+01    1.4255E+01    4.3868E+00    1.4932E+01    1.4865E+01    1.0324E+01   
 6.7851E+01    4.3155E+01    5.1045E+01    1.9836E+01    1.6346E+01    1.5812E+01    6.9593E+01    4.7397E+01    1.4281E+01    4.3868E+00    1.5054E+01    1.4890E+01    1.0289E+01   
 6.8938E+01    4.3158E+01    5.1056E+01    1.9878E+01    1.6354E+01    1.5552E+01    6.9621E+01    4.7437E+01    1.4327E+01    4.4071E+00    1.4932E+01    1.4853E+01    1.0253E+01   
 7.0026E+01    4.3146E+01    5.1057E+01    1.9928E+01    1.6395E+01    1.5164E+01    6.9621E+01    4.7452E+01    1.4357E+01    4.4071E+00    1.4993E+01    1.4439E+01    1.0289E+01   
 7.1117E+01    4.3129E+01    5.1072E+01    1.9791E+01    1.6309E+01    1.4964E+01    6.9600E+01    4.7460E+01    1.4383E+01    4.4479E+00    1.5054E+01    1.4816E+01    1.0289E+01   
 7.2212E+01    4.3115E+01    5.1074E+01    1.9767E+01    1.6319E+01    1.4588E+01    6.9589E+01    4.7465E+01    1.4372E+01    4.3868E+00    1.4972E+01    1.4719E+01    1.0218E+01   
 7.3340E+01    4.3123E+01    5.1081E+01    1.9709E+01    1.6310E+01    1.4100E+01    6.9559E+01    4.7421E+01    1.4361E+01    4.4071E+00    1.5054E+01    1.4780E+01    1.0253E+01   
 7.4427E+01    4.3151E+01    5.1098E+01    1.9704E+01    1.6330E+01    1.3680E+01    6.9509E+01    4.7396E+01    1.4349E+01    4.4275E+00    1.5013E+01    1.4463E+01    1.0289E+01   
 7.5509E+01    4.3163E+01    5.1122E+01    1.9699E+01    1.6314E+01    1.3532E+01    6.9472E+01    4.7371E+01    1.4338E+01    4.3868E+00    1.5095E+01    1.4768E+01    1.0182E+01   
 7.6590E+01    4.3198E+01    5.1167E+01    1.9677E+01    1.6254E+01    1.3279E+01    6.9425E+01    4.7331E+01    1.4314E+01    4.4071E+00    1.5034E+01    1.4768E+01    1.0324E+01   
 7.7664E+01    4.3239E+01    5.1183E+01    1.9754E+01    1.6296E+01    1.3074E+01    6.9424E+01    4.7326E+01    1.4296E+01    4.3868E+00    1.5136E+01    1.4512E+01    1.0359E+01   
 7.8750E+01    4.3244E+01    5.1221E+01    1.9721E+01    1.6322E+01    1.2914E+01    6.9403E+01    4.7271E+01    1.4280E+01    4.4071E+00    1.5074E+01    1.4853E+01    1.0253E+01   
 7.9830E+01    4.3254E+01    5.1246E+01    1.9726E+01    1.6269E+01    1.2850E+01    6.9357E+01    4.7234E+01    1.4274E+01    4.4071E+00    1.5054E+01    1.4622E+01    1.0324E+01   
 8.0911E+01    4.3264E+01    5.1271E+01    1.9739E+01    1.6175E+01    1.2726E+01    6.9341E+01    4.7143E+01    1.4235E+01    4.4071E+00    1.5074E+01    1.4475E+01    1.0253E+01   
 8.1991E+01    4.3257E+01    5.1286E+01    1.9715E+01    1.6143E+01    1.2647E+01    6.9325E+01    4.7111E+01    1.4161E+01    4.3868E+00    1.5217E+01    1.4597E+01    1.0253E+01   
 8.3070E+01    4.3254E+01    5.1321E+01    1.9714E+01    1.6157E+01    1.2613E+01    6.9317E+01    4.7041E+01    1.4086E+01    4.3664E+00    1.5176E+01    1.4987E+01    1.0218E+01   
 8.4150E+01    4.3241E+01    5.1334E+01    1.9662E+01    1.6111E+01    1.2571E+01    6.9314E+01    4.6957E+01    1.4056E+01    4.3664E+00    1.5095E+01    1.4500E+01    1.0253E+01   
 8.5231E+01    4.3243E+01    5.1342E+01    1.9755E+01    1.6073E+01    1.2482E+01    6.9353E+01    4.6924E+01    1.3986E+01    4.3460E+00    1.5074E+01    1.4524E+01    1.0218E+01   
 8.6312E+01    4.3254E+01    5.1342E+01    1.9789E+01    1.6120E+01    1.2403E+01    6.9408E+01    4.6867E+01    1.3913E+01    4.3257E+00    1.5054E+01    1.4768E+01    1.0359E+01   
 8.7391E+01    4.3244E+01    5.1332E+01    1.9790E+01    1.6049E+01    1.2390E+01    6.9479E+01    4.6754E+01    1.3912E+01    4.3460E+00    1.5115E+01    1.4829E+01    1.0324E+01   
 8.8471E+01    4.3301E+01    5.1368E+01    1.9808E+01    1.6046E+01    1.2374E+01    6.9547E+01    4.6699E+01    1.3847E+01    4.3460E+00    1.5156E+01    1.4853E+01    1.0359E+01   
 8.9558E+01    4.3322E+01    5.1379E+01    1.9872E+01    1.5984E+01    1.2431E+01    6.9582E+01    4.6663E+01    1.3825E+01    4.3257E+00    1.5156E+01    1.4670E+01    1.0324E+01   
 9.0654E+01    4.3320E+01    5.1378E+01    1.9796E+01    1.5960E+01    1.2483E+01    6.9638E+01    4.6607E+01    1.3785E+01    4.3053E+00    1.5197E+01    1.4451E+01    1.0289E+01   
 9.1750E+01    4.3361E+01    5.1379E+01    1.9902E+01    1.6043E+01    1.2606E+01    6.9696E+01    4.6569E+01    1.3789E+01    4.2849E+00    1.5237E+01    1.4463E+01    1.0324E+01   
 9.2846E+01    4.3356E+01    5.1401E+01    1.9894E+01    1.5927E+01    1.2740E+01    6.9737E+01    4.6509E+01    1.3743E+01    4.2849E+00    1.5176E+01    1.4451E+01    1.0289E+01   
 9.3943E+01    4.3347E+01    5.1391E+01    1.9908E+01    1.5984E+01    1.2849E+01    6.9803E+01    4.6487E+01    1.3694E+01    4.2645E+00    1.5237E+01    1.4536E+01    1.0324E+01   
 9.5039E+01    4.3370E+01    5.1406E+01    1.9837E+01    1.5935E+01    1.2905E+01    6.9826E+01    4.6460E+01    1.3698E+01    4.2849E+00    1.5217E+01    1.4768E+01    1.0289E+01   
 9.6130E+01    4.3366E+01    5.1398E+01    1.9776E+01    1.5926E+01    1.3049E+01    6.9847E+01    4.6438E+01    1.3679E+01    4.2645E+00    1.5054E+01    1.4548E+01    1.0324E+01   
 9.7216E+01    4.3371E+01    5.1388E+01    1.9725E+01    1.5890E+01    1.3196E+01    6.9871E+01    4.6415E+01    1.3652E+01    4.2645E+00    1.5013E+01    1.4841E+01    1.0324E+01   
# Time (s)      T1w (C)       T2w (C)       T1a (C)       T2a (C)       T1r (C)       T2r (C)       T3r (C)       T4r (C)       P1 (bar)      P2 (bar)      Pow (W/100)      Qc (l/min)    
 9.8297E+01    4.3388E+01    5.1378E+01    1.9788E+01    1.5861E+01    1.3345E+01    6.9911E+01    4.6400E+01    1.3623E+01    4.2645E+00    1.5156E+01    1.4439E+01    1.0289E+01   
 9.9377E+01    4.3389E+01    5.1378E+01    1.9814E+01    1.5770E+01    1.3426E+01    6.9946E+01    4.6387E+01    1.3590E+01    4.2238E+00    1.5136E+01    1.4390E+01    1.0324E+01   
 1.0046E+02    4.3407E+01    5.1359E+01    1.9825E+01    1.5745E+01    1.3558E+01    6.9977E+01    4.6383E+01    1.3571E+01    4.2442E+00    1.5115E+01    1.4609E+01    1.0324E+01   
 1.0154E+02    4.3394E+01    5.1355E+01    1.9740E+01    1.5751E+01    1.3746E+01    7.0007E+01    4.6411E+01    1.3553E+01    4.2645E+00    1.5074E+01    1.4719E+01    1.0253E+01   
 1.0262E+02    4.3381E+01    5.1326E+01    1.9728E+01    1.5654E+01    1.3825E+01    7.0056E+01    4.6423E+01    1.3519E+01    4.2442E+00    1.4952E+01    1.4390E+01    1.0253E+01   
 1.0370E+02    4.3382E+01    5.1315E+01    1.9700E+01    1.5747E+01    1.3975E+01    7.0083E+01    4.6461E+01    1.3515E+01    4.2442E+00    1.5115E+01    1.4877E+01    1.0324E+01   
 1.0478E+02    4.3381E+01    5.1291E+01    1.9658E+01    1.5704E+01    1.4149E+01    7.0118E+01    4.6517E+01    1.3553E+01    4.2645E+00    1.4993E+01    1.4804E+01    1.0324E+01   
 1.0587E+02    4.3391E+01    5.1312E+01    1.9689E+01    1.5778E+01    1.4286E+01    7.0126E+01    4.6548E+01    1.3558E+01    4.2442E+00    1.5074E+01    1.4829E+01    1.0253E+01   
 1.0697E+02    4.3424E+01    5.1323E+01    1.9704E+01    1.5675E+01    1.4341E+01    7.0137E+01    4.6566E+01    1.3537E+01    4.2442E+00    1.5013E+01    1.4780E+01    1.0253E+01   
 1.0806E+02    4.3442E+01    5.1332E+01    1.9711E+01    1.5793E+01    1.4466E+01    7.0125E+01    4.6593E+01    1.3523E+01    4.2442E+00    1.5136E+01    1.4695E+01    1.0253E+01   
 1.0919E+02    4.3451E+01    5.1319E+01    1.9710E+01    1.5916E+01    1.4609E+01    7.0121E+01    4.6665E+01    1.3508E+01    4.2442E+00    1.5013E+01    1.4816E+01    1.0253E+01   
 1.1028E+02    4.3432E+01    5.1307E+01    1.9679E+01    1.5732E+01    1.4728E+01    7.0139E+01    4.6723E+01    1.3517E+01    4.2442E+00    1.5115E+01    1.4853E+01    1.0324E+01   
 1.1141E+02    4.3436E+01    5.1274E+01    1.9734E+01    1.5780E+01    1.4795E+01    7.0176E+01    4.6809E+01    1.3524E+01    4.2238E+00    1.4972E+01    1.4670E+01    1.0218E+01   
 1.1250E+02    4.3424E+01    5.1274E+01    1.9686E+01    1.5811E+01    1.4902E+01    7.0186E+01    4.6895E+01    1.3521E+01    4.2442E+00    1.5034E+01    1.4548E+01    1.0182E+01   
 1.1359E+02    4.3419E+01    5.1259E+01    1.9673E+01    1.5814E+01    1.5028E+01    7.0195E+01    4.6981E+01    1.3531E+01    4.2645E+00    1.5034E+01    1.4841E+01    1.0253E+01   
 1.1466E+02    4.3438E+01    5.1263E+01    1.9678E+01    1.5791E+01    1.5119E+01    7.0216E+01    4.7005E+01    1.3533E+01    4.2849E+00    1.5013E+01    1.4524E+01    1.0289E+01   
 1.1574E+02    4.3453E+01    5.1268E+01    1.9739E+01    1.5720E+01    1.5164E+01    7.0224E+01    4.7061E+01    1.3508E+01    4.2645E+00    1.5013E+01    1.4402E+01    1.0289E+01   
 1.1682E+02    4.3460E+01    5.1269E+01    1.9724E+01    1.5854E+01    1.5274E+01    7.0225E+01    4.7133E+01    1.3570E+01    4.2645E+00    1.5136E+01    1.4731E+01    1.0253E+01   
 1.1790E+02    4.3472E+01    5.1265E+01    1.9775E+01    1.5827E+01    1.5356E+01    7.0202E+01    4.7158E+01    1.3581E+01    4.2645E+00    1.5115E+01    1.4865E+01    1.0324E+01   
 1.1898E+02    4.3489E+01    5.1281E+01    1.9723E+01    1.5823E+01    1.5417E+01    7.0221E+01    4.7231E+01    1.3598E+01    4.2849E+00    1.5074E+01    1.4475E+01    1.0289E+01   
 1.2006E+02    4.3504E+01    5.1310E+01    1.9723E+01    1.5766E+01    1.5511E+01    7.0224E+01    4.7293E+01    1.3614E+01    4.2849E+00    1.5115E+01    1.4414E+01    1.0324E+01   
 1.2115E+02    4.3522E+01    5.1313E+01    1.9740E+01    1.5888E+01    1.5605E+01    7.0209E+01    4.7341E+01    1.3614E+01    4.2849E+00    1.5074E+01    1.4512E+01    1.0289E+01   
 1.2224E+02    4.3546E+01    5.1327E+01    1.9661E+01    1.5902E+01    1.5667E+01    7.0231E+01    4.7358E+01    1.3615E+01    4.2849E+00    1.5074E+01    1.4609E+01    1.0289E+01   
 1.2333E+02    4.3537E+01    5.1333E+01    1.9644E+01    1.5982E+01    1.5702E+01    7.0223E+01    4.7411E+01    1.3644E+01    4.3053E+00    1.5176E+01    1.4512E+01    1.0289E+01   
 1.2442E+02    4.3542E+01    5.1366E+01    1.9644E+01    1.5902E+01    1.5771E+01    7.0206E+01    4.7442E+01    1.3680E+01    4.2849E+00    1.5054E+01    1.4414E+01    1.0289E+01   
 1.2551E+02    4.3538E+01    5.1369E+01    1.9608E+01    1.5985E+01    1.5849E+01    7.0202E+01    4.7497E+01    1.3663E+01    4.3257E+00    1.5054E+01    1.4500E+01    1.0253E+01   
 1.2659E+02    4.3538E+01    5.1352E+01    1.9694E+01    1.5975E+01    1.5920E+01    7.0195E+01    4.7530E+01    1.3705E+01    4.3053E+00    1.5115E+01    1.4756E+01    1.0218E+01   
 1.2767E+02    4.3556E+01    5.1378E+01    1.9638E+01    1.5947E+01    1.5974E+01    7.0228E+01    4.7588E+01    1.3731E+01    4.2849E+00    1.5156E+01    1.4816E+01    1.0253E+01   
 1.2875E+02    4.3563E+01    5.1377E+01    1.9627E+01    1.5994E+01    1.6018E+01    7.0192E+01    4.7620E+01    1.3752E+01    4.3257E+00    1.5095E+01    1.4439E+01    1.0289E+01   
 1.2983E+02    4.3591E+01    5.1410E+01    1.9662E+01    1.6026E+01    1.6078E+01    7.0216E+01    4.7676E+01    1.3792E+01    4.3257E+00    1.5115E+01    1.4573E+01    1.0253E+01   
# Time (s)      T1w (C)       T2w (C)       T1a (C)       T2a (C)       T1r (C)       T2r (C)       T3r (C)       T4r (C)       P1 (bar)      P2 (bar)      Pow (W/100)      Qc (l/min)    
 1.3091E+02    4.3614E+01    5.1435E+01    1.9792E+01    1.6066E+01    1.6088E+01    7.0215E+01    4.7696E+01    1.3803E+01    4.3460E+00    1.5197E+01    1.4536E+01    1.0289E+01   
 1.3200E+02    4.3621E+01    5.1452E+01    1.9747E+01    1.6049E+01    1.6135E+01    7.0229E+01    4.7723E+01    1.3835E+01    4.3460E+00    1.5074E+01    1.4597E+01    1.0359E+01   
 1.3308E+02    4.3643E+01    5.1468E+01    1.9694E+01    1.6058E+01    1.6187E+01    7.0261E+01    4.7746E+01    1.3882E+01    4.3460E+00    1.5156E+01    1.4841E+01    1.0253E+01   
 1.3417E+02    4.3643E+01    5.1469E+01    1.9817E+01    1.6034E+01    1.6209E+01    7.0263E+01    4.7775E+01    1.3916E+01    4.3257E+00    1.5115E+01    1.4890E+01    1.0218E+01   
 1.3526E+02    4.3631E+01    5.1483E+01    1.9690E+01    1.6052E+01    1.6237E+01    7.0291E+01    4.7840E+01    1.3968E+01    4.3460E+00    1.5115E+01    1.4524E+01    1.0253E+01   
 1.3636E+02    4.3636E+01    5.1498E+01    1.9669E+01    1.6122E+01    1.6256E+01    7.0288E+01    4.7841E+01    1.3969E+01    4.3664E+00    1.5156E+01    1.4829E+01    1.0324E+01   
 1.3745E+02    4.3647E+01    5.1496E+01    1.9653E+01    1.6142E+01    1.6270E+01    7.0293E+01    4.7846E+01    1.4012E+01    4.3664E+00    1.5156E+01    1.4914E+01    1.0289E+01   
 1.3855E+02    4.3660E+01    5.1504E+01    1.9621E+01    1.6135E+01    1.6285E+01    7.0294E+01    4.7888E+01    1.4073E+01    4.3257E+00    1.5136E+01    1.4816E+01    1.0359E+01   
 1.3964E+02    4.3653E+01    5.1508E+01    1.9656E+01    1.6116E+01    1.6281E+01    7.0326E+01    4.7914E+01    1.4098E+01    4.3257E+00    1.5156E+01    1.4792E+01    1.0324E+01   
 1.4080E+02    4.3654E+01    5.1511E+01    1.9670E+01    1.6195E+01    1.6277E+01    7.0337E+01    4.7962E+01    1.4125E+01    4.3664E+00    1.5156E+01    1.4646E+01    1.0289E+01   
 1.4188E+02    4.3685E+01    5.1528E+01    1.9706E+01    1.6232E+01    1.6286E+01    7.0358E+01    4.7968E+01    1.4149E+01    4.3460E+00    1.5074E+01    1.4463E+01    1.0289E+01   
 1.4300E+02    4.3702E+01    5.1541E+01    1.9727E+01    1.6223E+01    1.6242E+01    7.0353E+01    4.7967E+01    1.4159E+01    4.3664E+00    1.5176E+01    1.4695E+01    1.0324E+01   
 1.4409E+02    4.3713E+01    5.1546E+01    1.9705E+01    1.6234E+01    1.6222E+01    7.0363E+01    4.8009E+01    1.4210E+01    4.3664E+00    1.5156E+01    1.4756E+01    1.0394E+01   
 1.4517E+02    4.3716E+01    5.1570E+01    1.9698E+01    1.6243E+01    1.6208E+01    7.0381E+01    4.8017E+01    1.4227E+01    4.3460E+00    1.5095E+01    1.4500E+01    1.0253E+01   
 1.4625E+02    4.3731E+01    5.1581E+01    1.9686E+01    1.6298E+01    1.6146E+01    7.0365E+01    4.8036E+01    1.4257E+01    4.3664E+00    1.5237E+01    1.4536E+01    1.0324E+01   
 1.4733E+02    4.3724E+01    5.1580E+01    1.9774E+01    1.6197E+01    1.6079E+01    7.0345E+01    4.8058E+01    1.4271E+01    4.3868E+00    1.5095E+01    1.4670E+01    1.0359E+01   
 1.4842E+02    4.3747E+01    5.1597E+01    1.9816E+01    1.6247E+01    1.6045E+01    7.0339E+01    4.8097E+01    1.4314E+01    4.4071E+00    1.5095E+01    1.4987E+01    1.0253E+01   
 1.4950E+02    4.3761E+01    5.1619E+01    1.9878E+01    1.6246E+01    1.5939E+01    7.0312E+01    4.8125E+01    1.4325E+01    4.3868E+00    1.5197E+01    1.4975E+01    1.0394E+01   
 1.5059E+02    4.3771E+01    5.1632E+01    1.9768E+01    1.6268E+01    1.5804E+01    7.0285E+01    4.8142E+01    1.4336E+01    4.4275E+00    1.5258E+01    1.4536E+01    1.0359E+01   
 1.5169E+02    4.3773E+01    5.1646E+01    1.9704E+01    1.6213E+01    1.5727E+01    7.0228E+01    4.8135E+01    1.4373E+01    4.4275E+00    1.5176E+01    1.4999E+01    1.0253E+01   
 1.5278E+02    4.3782E+01    5.1684E+01    1.9661E+01    1.6289E+01    1.5550E+01    7.0184E+01    4.8153E+01    1.4391E+01    4.4071E+00    1.5237E+01    1.5011E+01    1.0253E+01   
 1.5386E+02    4.3776E+01    5.1700E+01    1.9650E+01    1.6266E+01    1.5342E+01    7.0150E+01    4.8187E+01    1.4413E+01    4.4071E+00    1.5217E+01    1.4902E+01    1.0359E+01   
 1.5494E+02    4.3773E+01    5.1691E+01    1.9629E+01    1.6252E+01    1.5126E+01    7.0124E+01    4.8167E+01    1.4415E+01    4.4071E+00    1.5176E+01    1.4743E+01    1.0253E+01   
 1.5603E+02    4.3776E+01    5.1687E+01    1.9689E+01    1.6229E+01    1.5006E+01    7.0101E+01    4.8170E+01    1.4434E+01    4.4071E+00    1.5176E+01    1.4597E+01    1.0359E+01   
 1.5712E+02    4.3759E+01    5.1719E+01    1.9659E+01    1.6211E+01    1.4741E+01    7.0095E+01    4.8148E+01    1.4442E+01    4.4071E+00    1.5217E+01    1.4561E+01    1.0289E+01   
 1.5820E+02    4.3796E+01    5.1723E+01    1.9656E+01    1.6162E+01    1.4442E+01    7.0079E+01    4.8145E+01    1.4427E+01    4.4071E+00    1.5299E+01    1.4634E+01    1.0182E+01   
 1.5928E+02    4.3798E+01    5.1738E+01    1.9717E+01    1.6165E+01    1.4055E+01    7.0036E+01    4.8116E+01    1.4400E+01    4.3868E+00    1.5258E+01    1.4682E+01    1.0289E+01   
 1.6037E+02    4.3830E+01    5.1781E+01    1.9696E+01    1.6229E+01    1.3839E+01    6.9982E+01    4.8119E+01    1.4379E+01    4.4071E+00    1.5339E+01    1.4914E+01    1.0253E+01   
 1.6146E+02    4.3861E+01    5.1806E+01    1.9693E+01    1.6231E+01    1.3535E+01    6.9953E+01    4.8059E+01    1.4377E+01    4.4071E+00    1.5258E+01    1.4975E+01    1.0324E+01   
 1.6255E+02    4.3861E+01    5.1855E+01    1.9674E+01    1.6291E+01    1.3293E+01    6.9961E+01    4.8060E+01    1.4358E+01    4.3868E+00    1.5258E+01    1.4622E+01    1.0324E+01   
# Time (s)      T1w (C)       T2w (C)       T1a (C)       T2a (C)       T1r (C)       T2r (C)       T3r (C)       T4r (C)       P1 (bar)      P2 (bar)      Pow (W/100)      Qc (l/min)    
 1.6364E+02    4.3883E+01    5.1876E+01    1.9628E+01    1.6260E+01    1.3212E+01    6.9955E+01    4.8020E+01    1.4343E+01    4.3868E+00    1.5258E+01    1.4963E+01    1.0324E+01   
 1.6472E+02    4.3892E+01    5.1917E+01    1.9617E+01    1.6273E+01    1.2976E+01    6.9946E+01    4.7992E+01    1.4312E+01    4.4071E+00    1.5380E+01    1.4646E+01    1.0289E+01   
 1.6581E+02    4.3885E+01    5.1924E+01    1.9632E+01    1.6238E+01    1.2787E+01    6.9934E+01    4.7883E+01    1.4267E+01    4.4071E+00    1.5360E+01    1.4585E+01    1.0324E+01   
 1.6690E+02    4.3899E+01    5.1949E+01    1.9656E+01    1.6254E+01    1.2647E+01    6.9935E+01    4.7806E+01    1.4185E+01    4.4071E+00    1.5299E+01    1.4792E+01    1.0289E+01   
 1.6800E+02    4.3912E+01    5.1975E+01    1.9646E+01    1.6133E+01    1.2575E+01    6.9939E+01    4.7694E+01    1.4102E+01    4.3868E+00    1.5299E+01    1.5048E+01    1.0324E+01   
 1.6910E+02    4.3914E+01    5.1986E+01    1.9655E+01    1.6120E+01    1.2501E+01    6.9940E+01    4.7617E+01    1.4081E+01    4.3664E+00    1.5462E+01    1.4829E+01    1.0289E+01   
 1.7024E+02    4.3908E+01    5.2012E+01    1.9658E+01    1.6026E+01    1.2419E+01    6.9928E+01    4.7503E+01    1.4002E+01    4.3664E+00    1.5360E+01    1.4938E+01    1.0359E+01   
 1.7133E+02    4.3906E+01    5.2007E+01    1.9635E+01    1.6030E+01    1.2353E+01    6.9918E+01    4.7430E+01    1.3923E+01    4.3460E+00    1.5339E+01    1.4670E+01    1.0253E+01   
 1.7242E+02    4.3908E+01    5.2006E+01    1.9633E+01    1.6035E+01    1.2333E+01    6.9919E+01    4.7372E+01    1.3846E+01    4.3257E+00    1.5421E+01    1.4743E+01    1.0253E+01   
 1.7351E+02    4.3927E+01    5.2014E+01    1.9645E+01    1.5933E+01    1.2342E+01    6.9987E+01    4.7262E+01    1.3831E+01    4.3053E+00    1.5339E+01    1.4646E+01    1.0324E+01   
 1.7459E+02    4.3918E+01    5.2021E+01    1.9611E+01    1.5892E+01    1.2372E+01    6.9993E+01    4.7199E+01    1.3808E+01    4.2849E+00    1.5319E+01    1.4585E+01    1.0218E+01   
 1.7568E+02    4.3984E+01    5.2044E+01    1.9719E+01    1.5985E+01    1.2496E+01    7.0096E+01    4.7132E+01    1.3711E+01    4.2849E+00    1.5380E+01    1.4622E+01    1.0289E+01   
 1.7676E+02    4.3990E+01    5.2060E+01    1.9730E+01    1.5965E+01    1.2521E+01    7.0167E+01    4.7040E+01    1.3643E+01    4.3053E+00    1.5380E+01    1.4792E+01    1.0324E+01   
 1.7784E+02    4.4012E+01    5.2044E+01    1.9757E+01    1.6000E+01    1.2603E+01    7.0221E+01    4.6978E+01    1.3607E+01    4.2645E+00    1.5421E+01    1.4865E+01    1.0289E+01   
 1.7893E+02    4.4018E+01    5.2040E+01    1.9667E+01    1.5973E+01    1.2731E+01    7.0246E+01    4.6878E+01    1.3566E+01    4.2849E+00    1.5360E+01    1.5011E+01    1.0359E+01   
 1.8002E+02    4.4034E+01    5.2035E+01    1.9706E+01    1.5930E+01    1.2846E+01    7.0293E+01    4.6846E+01    1.3539E+01    4.3053E+00    1.5401E+01    1.5024E+01    1.0394E+01   
 1.8111E+02    4.4017E+01    5.2009E+01    1.9655E+01    1.5875E+01    1.2925E+01    7.0372E+01    4.6809E+01    1.3540E+01    4.2645E+00    1.5278E+01    1.5011E+01    1.0324E+01   
 1.8220E+02    4.4024E+01    5.2009E+01    1.9709E+01    1.5834E+01    1.3077E+01    7.0403E+01    4.6794E+01    1.3525E+01    4.2442E+00    1.5401E+01    1.5011E+01    1.0289E+01   
 1.8328E+02    4.4031E+01    5.2003E+01    1.9814E+01    1.5913E+01    1.3270E+01    7.0477E+01    4.6783E+01    1.3514E+01    4.2645E+00    1.5237E+01    1.4902E+01    1.0324E+01   
 1.8437E+02    4.4035E+01    5.2004E+01    1.9639E+01    1.5779E+01    1.3341E+01    7.0540E+01    4.6743E+01    1.3454E+01    4.2442E+00    1.5360E+01    1.4548E+01    1.0324E+01   
 1.8545E+02    4.4053E+01    5.2001E+01    1.9668E+01    1.5738E+01    1.3466E+01    7.0557E+01    4.6720E+01    1.3430E+01    4.2645E+00    1.5401E+01    1.4524E+01    1.0324E+01   
 1.8653E+02    4.4042E+01    5.1970E+01    1.9676E+01    1.5763E+01    1.3644E+01    7.0578E+01    4.6762E+01    1.3436E+01    4.2645E+00    1.5360E+01    1.4682E+01    1.0359E+01   
 1.8761E+02    4.4075E+01    5.1969E+01    1.9683E+01    1.5811E+01    1.3780E+01    7.0584E+01    4.6761E+01    1.3413E+01    4.2442E+00    1.5299E+01    1.4487E+01    1.0289E+01   
 1.8872E+02    4.4073E+01    5.1962E+01    1.9878E+01    1.5801E+01    1.3895E+01    7.0601E+01    4.6818E+01    1.3438E+01    4.2442E+00    1.5421E+01    1.4500E+01    1.0218E+01   
 1.8981E+02    4.4096E+01    5.1975E+01    2.0047E+01    1.5713E+01    1.4039E+01    7.0607E+01    4.6836E+01    1.3447E+01    4.2442E+00    1.5237E+01    1.4487E+01    1.0324E+01   
 1.9089E+02    4.4102E+01    5.1956E+01    1.9774E+01    1.5737E+01    1.4194E+01    7.0612E+01    4.6903E+01    1.3460E+01    4.2645E+00    1.5278E+01    1.4816E+01    1.0289E+01   
 1.9199E+02    4.4088E+01    5.1939E+01    1.9724E+01    1.5741E+01    1.4354E+01    7.0620E+01    4.6935E+01    1.3471E+01    4.2238E+00    1.5319E+01    1.4536E+01    1.0324E+01   
 1.9308E+02    4.4100E+01    5.1936E+01    1.9695E+01    1.5694E+01    1.4433E+01    7.0617E+01    4.6997E+01    1.3484E+01    4.2645E+00    1.5319E+01    1.4950E+01    1.0253E+01   
 1.9416E+02    4.4103E+01    5.1931E+01    1.9689E+01    1.5769E+01    1.4576E+01    7.0631E+01    4.7073E+01    1.3488E+01    4.2645E+00    1.5339E+01    1.4573E+01    1.0359E+01   
 1.9526E+02    4.4093E+01    5.1924E+01    1.9686E+01    1.5738E+01    1.4688E+01    7.0645E+01    4.7167E+01    1.3515E+01    4.2645E+00    1.5339E+01    1.4487E+01    1.0289E+01   
# Time (s)      T1w (C)       T2w (C)       T1a (C)       T2a (C)       T1r (C)       T2r (C)       T3r (C)       T4r (C)       P1 (bar)      P2 (bar)      Pow (W/100)      Qc (l/min)    
 1.9636E+02    4.4110E+01    5.1937E+01    1.9854E+01    1.5823E+01    1.4770E+01    7.0711E+01    4.7225E+01    1.3544E+01    4.2645E+00    1.5237E+01    1.4695E+01    1.0394E+01   
 1.9748E+02    4.4096E+01    5.1930E+01    1.9883E+01    1.5794E+01    1.4897E+01    7.0738E+01    4.7303E+01    1.3564E+01    4.2645E+00    1.5299E+01    1.4816E+01    1.0359E+01   
 1.9856E+02    4.4117E+01    5.1928E+01    1.9968E+01    1.5810E+01    1.5013E+01    7.0768E+01    4.7394E+01    1.3569E+01    4.2442E+00    1.5401E+01    1.4950E+01    1.0324E+01   
 1.9968E+02    4.4124E+01    5.1950E+01    2.0227E+01    1.5841E+01    1.5143E+01    7.0803E+01    4.7510E+01    1.3582E+01    4.2442E+00    1.5360E+01    1.4780E+01    1.0359E+01   
 2.0078E+02    4.4132E+01    5.1937E+01    2.0143E+01    1.5875E+01    1.5202E+01    7.0807E+01    4.7516E+01    1.3623E+01    4.2442E+00    1.5278E+01    1.4841E+01    1.0324E+01   
 2.0187E+02    4.4141E+01    5.1949E+01    2.0313E+01    1.5936E+01    1.5330E+01    7.0828E+01    4.7620E+01    1.3671E+01    4.2442E+00    1.5380E+01    1.4536E+01    1.0289E+01   
 2.0295E+02    4.4135E+01    5.1941E+01    2.0432E+01    1.5955E+01    1.5442E+01    7.0809E+01    4.7744E+01    1.3680E+01    4.2645E+00    1.5258E+01    1.4561E+01    1.0253E+01   
 2.0404E+02    4.4158E+01    5.1958E+01    2.0403E+01    1.5953E+01    1.5537E+01    7.0779E+01    4.7776E+01    1.3705E+01    4.2645E+00    1.5237E+01    1.4756E+01    1.0359E+01   
 2.0512E+02    4.4180E+01    5.1943E+01    2.0296E+01    1.5969E+01    1.5584E+01    7.0757E+01    4.7848E+01    1.3735E+01    4.2645E+00    1.5278E+01    1.4853E+01    1.0289E+01   
 2.0621E+02    4.4169E+01    5.1939E+01    2.0217E+01    1.5943E+01    1.5676E+01    7.0717E+01    4.7907E+01    1.3760E+01    4.2849E+00    1.5299E+01    1.4804E+01    1.0324E+01   
 2.0730E+02    4.4170E+01    5.1936E+01    2.0270E+01    1.5951E+01    1.5781E+01    7.0705E+01    4.7997E+01    1.3774E+01    4.2849E+00    1.5258E+01    1.4902E+01    1.0289E+01   
 2.0839E+02    4.4151E+01    5.1936E+01    1.9996E+01    1.5946E+01    1.5870E+01    7.0687E+01    4.8032E+01    1.3809E+01    4.2849E+00    1.5299E+01    1.4890E+01    1.0359E+01   
 2.0948E+02    4.4182E+01    5.1968E+01    2.0002E+01    1.5976E+01    1.5919E+01    7.0675E+01    4.8093E+01    1.3862E+01    4.2849E+00    1.5278E+01    1.4914E+01    1.0324E+01   
 2.1056E+02    4.4197E+01    5.1967E+01    1.9953E+01    1.5962E+01    1.5992E+01    7.0671E+01    4.8155E+01    1.3869E+01    4.3053E+00    1.5258E+01    1.4536E+01    1.0359E+01   
 2.1164E+02    4.4224E+01    5.1995E+01    2.0138E+01    1.5954E+01    1.6056E+01    7.0662E+01    4.8189E+01    1.3883E+01    4.3053E+00    1.5339E+01    1.4719E+01    1.0289E+01   
 2.1272E+02    4.4232E+01    5.2013E+01    2.0265E+01    1.6025E+01    1.6097E+01    7.0659E+01    4.8198E+01    1.3912E+01    4.2849E+00    1.5401E+01    1.4963E+01    1.0359E+01   
 2.1380E+02    4.4246E+01    5.2034E+01    2.0483E+01    1.6069E+01    1.6150E+01    7.0668E+01    4.8239E+01    1.3947E+01    4.3053E+00    1.5237E+01    1.4561E+01    1.0324E+01   
 2.1489E+02    4.4264E+01    5.2065E+01    2.0373E+01    1.6021E+01    1.6205E+01    7.0629E+01    4.8277E+01    1.3991E+01    4.3257E+00    1.5299E+01    1.5036E+01    1.0324E+01   
 2.1598E+02    4.4300E+01    5.2070E+01    2.0396E+01    1.6151E+01    1.6251E+01    7.0613E+01    4.8305E+01    1.3976E+01    4.3460E+00    1.5421E+01    1.5011E+01    1.0359E+01   
 2.1707E+02    4.4301E+01    5.2068E+01    2.0206E+01    1.6076E+01    1.6274E+01    7.0619E+01    4.8328E+01    1.3997E+01    4.3257E+00    1.5237E+01    1.5024E+01    1.0324E+01   
 2.1816E+02    4.4299E+01    5.2079E+01    2.0128E+01    1.6049E+01    1.6321E+01    7.0684E+01    4.8356E+01    1.4016E+01    4.3460E+00    1.5299E+01    1.4670E+01    1.0324E+01   
 2.1924E+02    4.4317E+01    5.2079E+01    1.9917E+01    1.6046E+01    1.6370E+01    7.0714E+01    4.8370E+01    1.4051E+01    4.3257E+00    1.5441E+01    1.5024E+01    1.0289E+01   
 2.2033E+02    4.4308E+01    5.2079E+01    1.9887E+01    1.6066E+01    1.6386E+01    7.0808E+01    4.8384E+01    1.4097E+01    4.3257E+00    1.5421E+01    1.4975E+01    1.0289E+01   
 2.2142E+02    4.4355E+01    5.2099E+01    2.0119E+01    1.6081E+01    1.6412E+01    7.0895E+01    4.8421E+01    1.4112E+01    4.3664E+00    1.5441E+01    1.4646E+01    1.0324E+01   
 2.2252E+02    4.4375E+01    5.2144E+01    2.0297E+01    1.6130E+01    1.6422E+01    7.0982E+01    4.8450E+01    1.4132E+01    4.3460E+00    1.5482E+01    1.4561E+01    1.0359E+01   
 2.2362E+02    4.4408E+01    5.2137E+01    2.0043E+01    1.6148E+01    1.6449E+01    7.1050E+01    4.8477E+01    1.4186E+01    4.3257E+00    1.5462E+01    1.4561E+01    1.0253E+01   
 2.2471E+02    4.4417E+01    5.2149E+01    1.9823E+01    1.6135E+01    1.6423E+01    7.1092E+01    4.8452E+01    1.4219E+01    4.3460E+00    1.5380E+01    1.4573E+01    1.0324E+01   
 2.2581E+02    4.4429E+01    5.2173E+01    1.9747E+01    1.6173E+01    1.6407E+01    7.1157E+01    4.8478E+01    1.4231E+01    4.3460E+00    1.5319E+01    1.4853E+01    1.0324E+01   
 2.2696E+02    4.4430E+01    5.2181E+01    1.9739E+01    1.6176E+01    1.6359E+01    7.1206E+01    4.8488E+01    1.4235E+01    4.3868E+00    1.5339E+01    1.4646E+01    1.0324E+01   
 2.2806E+02    4.4431E+01    5.2181E+01    1.9729E+01    1.6244E+01    1.6349E+01    7.1236E+01    4.8517E+01    1.4281E+01    4.3664E+00    1.5360E+01    1.4561E+01    1.0253E+01   
# Time (s)      T1w (C)       T2w (C)       T1a (C)       T2a (C)       T1r (C)       T2r (C)       T3r (C)       T4r (C)       P1 (bar)      P2 (bar)      Pow (W/100)      Qc (l/min)    
 2.2915E+02    4.4429E+01    5.2187E+01    1.9731E+01    1.6289E+01    1.6338E+01    7.1292E+01    4.8538E+01    1.4298E+01    4.3868E+00    1.5380E+01    1.4573E+01    1.0324E+01   
 2.3025E+02    4.4434E+01    5.2197E+01    1.9706E+01    1.6295E+01    1.6294E+01    7.1316E+01    4.8571E+01    1.4347E+01    4.4071E+00    1.5319E+01    1.4597E+01    1.0253E+01   
 2.3132E+02    4.4432E+01    5.2201E+01    1.9702E+01    1.6295E+01    1.6228E+01    7.1335E+01    4.8588E+01    1.4363E+01    4.4071E+00    1.5421E+01    1.5085E+01    1.0253E+01   
 2.3243E+02    4.4473E+01    5.2226E+01    1.9714E+01    1.6310E+01    1.6152E+01    7.1304E+01    4.8563E+01    1.4383E+01    4.4071E+00    1.5401E+01    1.5097E+01    1.0253E+01   
 2.3352E+02    4.4487E+01    5.2238E+01    1.9746E+01    1.6284E+01    1.6031E+01    7.1262E+01    4.8580E+01    1.4403E+01    4.4071E+00    1.5462E+01    1.4914E+01    1.0289E+01   
 2.3460E+02    4.4484E+01    5.2259E+01    1.9732E+01    1.6320E+01    1.5971E+01    7.1228E+01    4.8605E+01    1.4430E+01    4.4071E+00    1.5401E+01    1.5109E+01    1.0359E+01   
 2.3569E+02    4.4468E+01    5.2270E+01    1.9729E+01    1.6287E+01    1.5827E+01    7.1130E+01    4.8621E+01    1.4426E+01    4.3868E+00    1.5482E+01    1.4853E+01    1.0289E+01   
 2.3678E+02    4.4467E+01    5.2284E+01    1.9984E+01    1.6308E+01    1.5653E+01    7.1079E+01    4.8611E+01    1.4434E+01    4.4071E+00    1.5380E+01    1.4756E+01    1.0429E+01   
 2.3787E+02    4.4460E+01    5.2282E+01    2.0144E+01    1.6378E+01    1.5559E+01    7.1008E+01    4.8602E+01    1.4439E+01    4.4275E+00    1.5503E+01    1.4853E+01    1.0359E+01   
 2.3896E+02    4.4472E+01    5.2325E+01    1.9933E+01    1.6349E+01    1.5262E+01    7.0922E+01    4.8572E+01    1.4446E+01    4.4275E+00    1.5421E+01    1.4768E+01    1.0253E+01   
 2.4004E+02    4.4479E+01    5.2345E+01    1.9914E+01    1.6403E+01    1.4915E+01    7.0883E+01    4.8592E+01    1.4447E+01    4.4275E+00    1.5503E+01    1.4695E+01    1.0182E+01   
 2.4113E+02    4.4480E+01    5.2382E+01    1.9920E+01    1.6392E+01    1.4611E+01    7.0848E+01    4.8598E+01    1.4469E+01    4.4479E+00    1.5462E+01    1.4670E+01    1.0289E+01   
 2.4222E+02    4.4516E+01    5.2424E+01    1.9948E+01    1.6456E+01    1.4424E+01    7.0885E+01    4.8605E+01    1.4478E+01    4.4275E+00    1.5503E+01    1.4731E+01    1.0289E+01   
 2.4331E+02    4.4527E+01    5.2466E+01    1.9900E+01    1.6443E+01    1.4041E+01    7.0906E+01    4.8598E+01    1.4448E+01    4.4275E+00    1.5482E+01    1.4707E+01    1.0289E+01   
 2.4440E+02    4.4528E+01    5.2457E+01    1.9871E+01    1.6417E+01    1.3761E+01    7.0911E+01    4.8558E+01    1.4451E+01    4.4275E+00    1.5503E+01    1.4719E+01    1.0253E+01   
 2.4549E+02    4.4515E+01    5.2463E+01    1.9911E+01    1.6461E+01    1.3577E+01    7.0954E+01    4.8554E+01    1.4433E+01    4.4071E+00    1.5543E+01    1.4719E+01    1.0218E+01   
 2.4657E+02    4.4502E+01    5.2449E+01    1.9758E+01    1.6361E+01    1.3481E+01    7.0926E+01    4.8513E+01    1.4432E+01    4.4071E+00    1.5564E+01    1.4731E+01    1.0289E+01   
 2.4766E+02    4.4482E+01    5.2447E+01    1.9724E+01    1.6292E+01    1.3395E+01    7.0895E+01    4.8457E+01    1.4424E+01    4.3868E+00    1.5543E+01    1.4731E+01    1.0253E+01   
 2.4875E+02    4.4484E+01    5.2468E+01    1.9678E+01    1.6253E+01    1.3225E+01    7.0881E+01    4.8407E+01    1.4397E+01    4.4071E+00    1.5523E+01    1.5194E+01    1.0253E+01   
 2.4984E+02    4.4468E+01    5.2444E+01    1.9682E+01    1.6248E+01    1.3061E+01    7.0859E+01    4.8373E+01    1.4358E+01    4.3868E+00    1.5564E+01    1.4743E+01    1.0253E+01   
 2.5095E+02    4.4474E+01    5.2475E+01    1.9690E+01    1.6300E+01    1.2996E+01    7.0910E+01    4.8329E+01    1.4338E+01    4.4071E+00    1.5543E+01    1.4719E+01    1.0394E+01   
 2.5205E+02    4.4490E+01    5.2499E+01    1.9672E+01    1.6191E+01    1.2868E+01    7.0927E+01    4.8251E+01    1.4303E+01    4.3868E+00    1.5503E+01    1.4743E+01    1.0253E+01   
 2.5314E+02    4.4501E+01    5.2506E+01    1.9635E+01    1.6205E+01    1.2753E+01    7.0971E+01    4.8192E+01    1.4272E+01    4.4071E+00    1.5564E+01    1.5158E+01    1.0289E+01   
 2.5424E+02    4.4494E+01    5.2518E+01    1.9700E+01    1.6135E+01    1.2726E+01    7.1024E+01    4.8172E+01    1.4219E+01    4.3868E+00    1.5666E+01    1.5121E+01    1.0324E+01   
 2.5533E+02    4.4484E+01    5.2529E+01    1.9694E+01    1.6075E+01    1.2678E+01    7.1049E+01    4.8088E+01    1.4153E+01    4.3664E+00    1.5584E+01    1.4963E+01    1.0324E+01   
 2.5643E+02    4.4484E+01    5.2559E+01    1.9692E+01    1.6107E+01    1.2642E+01    7.1073E+01    4.7989E+01    1.4105E+01    4.3460E+00    1.5605E+01    1.4792E+01    1.0324E+01   
 2.5753E+02    4.4489E+01    5.2584E+01    1.9695E+01    1.6067E+01    1.2567E+01    7.1122E+01    4.7926E+01    1.4056E+01    4.3664E+00    1.5666E+01    1.4829E+01    1.0359E+01   
 2.5865E+02    4.4518E+01    5.2583E+01    1.9711E+01    1.6095E+01    1.2556E+01    7.1189E+01    4.7870E+01    1.3999E+01    4.3460E+00    1.5543E+01    1.4743E+01    1.0324E+01   
 2.5974E+02    4.4554E+01    5.2569E+01    1.9719E+01    1.6018E+01    1.2581E+01    7.1241E+01    4.7815E+01    1.3911E+01    4.3664E+00    1.5666E+01    1.4768E+01    1.0253E+01   
 2.6083E+02    4.4554E+01    5.2594E+01    1.9801E+01    1.5959E+01    1.2664E+01    7.1264E+01    4.7744E+01    1.3921E+01    4.3053E+00    1.5523E+01    1.5170E+01    1.0324E+01   
# Time (s)      T1w (C)       T2w (C)       T1a (C)       T2a (C)       T1r (C)       T2r (C)       T3r (C)       T4r (C)       P1 (bar)      P2 (bar)      Pow (W/100)      Qc (l/min)    
 2.6192E+02    4.4597E+01    5.2596E+01    1.9745E+01    1.6009E+01    1.2758E+01    7.1297E+01    4.7661E+01    1.3869E+01    4.3053E+00    1.5625E+01    1.5182E+01    1.0324E+01   
 2.6301E+02    4.4618E+01    5.2600E+01    1.9742E+01    1.6012E+01    1.2816E+01    7.1349E+01    4.7644E+01    1.3854E+01    4.3257E+00    1.5564E+01    1.5036E+01    1.0289E+01   
 2.6410E+02    4.4606E+01    5.2595E+01    1.9792E+01    1.6015E+01    1.2941E+01    7.1384E+01    4.7559E+01    1.3830E+01    4.3053E+00    1.5584E+01    1.5024E+01    1.0289E+01   
 2.6518E+02    4.4614E+01    5.2585E+01    1.9697E+01    1.5923E+01    1.3084E+01    7.1412E+01    4.7499E+01    1.3820E+01    4.3053E+00    1.5503E+01    1.5121E+01    1.0253E+01   
 2.6627E+02    4.4619E+01    5.2592E+01    1.9634E+01    1.5979E+01    1.3199E+01    7.1449E+01    4.7483E+01    1.3776E+01    4.2849E+00    1.5625E+01    1.5133E+01    1.0289E+01   
 2.6736E+02    4.4611E+01    5.2587E+01    1.9591E+01    1.5785E+01    1.3285E+01    7.1480E+01    4.7514E+01    1.3794E+01    4.3053E+00    1.5584E+01    1.4987E+01    1.0359E+01   
 2.6845E+02    4.4606E+01    5.2580E+01    1.9600E+01    1.5861E+01    1.3437E+01    7.1498E+01    4.7476E+01    1.3775E+01    4.2849E+00    1.5503E+01    1.4975E+01    1.0324E+01   
 2.6954E+02    4.4608E+01    5.2586E+01    1.9698E+01    1.5815E+01    1.3593E+01    7.1500E+01    4.7459E+01    1.3760E+01    4.2849E+00    1.5543E+01    1.5085E+01    1.0324E+01   
 2.7062E+02    4.4620E+01    5.2603E+01    1.9714E+01    1.5870E+01    1.3745E+01    7.1495E+01    4.7459E+01    1.3715E+01    4.2645E+00    1.5523E+01    1.5097E+01    1.0324E+01   
 2.7171E+02    4.4644E+01    5.2597E+01    1.9699E+01    1.5931E+01    1.3801E+01    7.1511E+01    4.7458E+01    1.3677E+01    4.2645E+00    1.5564E+01    1.4902E+01    1.0218E+01   
 2.7280E+02    4.4674E+01    5.2605E+01    1.9784E+01    1.5874E+01    1.3956E+01    7.1510E+01    4.7465E+01    1.3679E+01    4.2849E+00    1.5523E+01    1.4841E+01    1.0253E+01   
 2.7389E+02    4.4676E+01    5.2582E+01    1.9702E+01    1.5835E+01    1.4088E+01    7.1495E+01    4.7475E+01    1.3667E+01    4.2645E+00    1.5625E+01    1.4975E+01    1.0289E+01   
 2.7498E+02    4.4700E+01    5.2598E+01    1.9734E+01    1.5768E+01    1.4167E+01    7.1451E+01    4.7524E+01    1.3652E+01    4.2645E+00    1.5503E+01    1.4877E+01    1.0324E+01   
 2.7608E+02    4.4687E+01    5.2584E+01    1.9757E+01    1.5816E+01    1.4312E+01    7.1419E+01    4.7573E+01    1.3661E+01    4.2442E+00    1.5564E+01    1.5060E+01    1.0289E+01   
 2.7717E+02    4.4684E+01    5.2586E+01    1.9790E+01    1.5846E+01    1.4470E+01    7.1387E+01    4.7613E+01    1.3664E+01    4.2645E+00    1.5462E+01    1.5097E+01    1.0359E+01   
 2.7826E+02    4.4697E+01    5.2575E+01    1.9773E+01    1.5846E+01    1.4614E+01    7.1343E+01    4.7695E+01    1.3664E+01    4.2645E+00    1.5543E+01    1.4975E+01    1.0253E+01   
 2.7935E+02    4.4696E+01    5.2574E+01    1.9748E+01    1.5816E+01    1.4677E+01    7.1323E+01    4.7749E+01    1.3672E+01    4.2645E+00    1.5523E+01    1.4987E+01    1.0289E+01   
 2.8043E+02    4.4715E+01    5.2603E+01    1.9756E+01    1.5888E+01    1.4802E+01    7.1341E+01    4.7807E+01    1.3664E+01    4.2849E+00    1.5645E+01    1.4609E+01    1.0218E+01   
 2.8153E+02    4.4731E+01    5.2592E+01    1.9762E+01    1.5876E+01    1.4889E+01    7.1348E+01    4.7870E+01    1.3652E+01    4.2645E+00    1.5645E+01    1.4719E+01    1.0289E+01   
 2.8263E+02    4.4735E+01    5.2592E+01    1.9753E+01    1.5938E+01    1.5007E+01    7.1377E+01    4.7899E+01    1.3635E+01    4.2849E+00    1.5645E+01    1.4804E+01    1.0289E+01   
 2.8372E+02    4.4746E+01    5.2559E+01    1.9868E+01    1.5885E+01    1.5063E+01    7.1430E+01    4.7957E+01    1.3609E+01    4.2645E+00    1.5543E+01    1.5048E+01    1.0289E+01   
 2.8482E+02    4.4759E+01    5.2559E+01    1.9800E+01    1.5969E+01    1.5167E+01    7.1490E+01    4.8047E+01    1.3633E+01    4.2849E+00    1.5421E+01    1.4865E+01    1.0289E+01   
 2.8595E+02    4.4758E+01    5.2553E+01    1.9774E+01    1.5949E+01    1.5279E+01    7.1526E+01    4.8129E+01    1.3661E+01    4.2645E+00    1.5503E+01    1.4731E+01    1.0324E+01   
 2.8705E+02    4.4784E+01    5.2560E+01    1.9749E+01    1.5996E+01    1.5373E+01    7.1592E+01    4.8181E+01    1.3675E+01    4.2849E+00    1.5503E+01    1.5036E+01    1.0218E+01   
 2.8813E+02    4.4788E+01    5.2546E+01    1.9783E+01    1.5970E+01    1.5442E+01    7.1643E+01    4.8224E+01    1.3715E+01    4.2849E+00    1.5462E+01    1.4987E+01    1.0253E+01   
 2.8922E+02    4.4804E+01    5.2566E+01    1.9852E+01    1.5970E+01    1.5543E+01    7.1667E+01    4.8312E+01    1.3694E+01    4.2849E+00    1.5523E+01    1.5121E+01    1.0359E+01   
 2.9032E+02    4.4812E+01    5.2563E+01    1.9876E+01    1.5934E+01    1.5623E+01    7.1663E+01    4.8373E+01    1.3740E+01    4.3053E+00    1.5503E+01    1.4926E+01    1.0218E+01   
 2.9141E+02    4.4827E+01    5.2565E+01    1.9837E+01    1.6005E+01    1.5728E+01    7.1628E+01    4.8388E+01    1.3784E+01    4.2849E+00    1.5584E+01    1.4792E+01    1.0253E+01   
 2.9250E+02    4.4850E+01    5.2583E+01    1.9944E+01    1.6015E+01    1.5744E+01    7.1608E+01    4.8438E+01    1.3782E+01    4.3053E+00    1.5482E+01    1.4853E+01    1.0324E+01   
 2.9359E+02    4.4849E+01    5.2565E+01    1.9803E+01    1.6034E+01    1.5823E+01    7.1612E+01    4.8499E+01    1.3781E+01    4.3053E+00    1.5482E+01    1.5048E+01    1.0359E+01   
# Time (s)      T1w (C)       T2w (C)       T1a (C)       T2a (C)       T1r (C)       T2r (C)       T3r (C)       T4r (C)       P1 (bar)      P2 (bar)      Pow (W/100)      Qc (l/min)    
 2.9468E+02    4.4834E+01    5.2577E+01    1.9770E+01    1.6042E+01    1.5905E+01    7.1631E+01    4.8529E+01    1.3811E+01    4.3053E+00    1.5605E+01    1.4756E+01    1.0289E+01   
 2.9577E+02    4.4831E+01    5.2593E+01    1.9750E+01    1.6009E+01    1.5966E+01    7.1688E+01    4.8565E+01    1.3865E+01    4.3257E+00    1.5543E+01    1.4682E+01    1.0182E+01   
 2.9686E+02    4.4855E+01    5.2605E+01    1.9706E+01    1.6084E+01    1.6030E+01    7.1732E+01    4.8628E+01    1.3910E+01    4.3053E+00    1.5564E+01    1.4719E+01    1.0253E+01   
 2.9795E+02    4.4855E+01    5.2615E+01    1.9690E+01    1.6087E+01    1.6082E+01    7.1745E+01    4.8671E+01    1.3903E+01    4.3460E+00    1.5543E+01    1.4670E+01    1.0253E+01   
 2.9904E+02    4.4889E+01    5.2631E+01    1.9694E+01    1.6132E+01    1.6154E+01    7.1801E+01    4.8687E+01    1.3956E+01    4.3257E+00    1.5523E+01    1.4658E+01    1.0253E+01   
 3.0013E+02    4.4894E+01    5.2625E+01    1.9735E+01    1.6144E+01    1.6198E+01    7.1841E+01    4.8710E+01    1.3975E+01    4.3257E+00    1.5584E+01    1.4682E+01    1.0359E+01   
 3.0122E+02    4.4873E+01    5.2614E+01    1.9719E+01    1.6104E+01    1.6266E+01    7.1879E+01    4.8813E+01    1.4016E+01    4.3460E+00    1.5503E+01    1.4658E+01    1.0324E+01   
 3.0230E+02    4.4891E+01    5.2625E+01    1.9696E+01    1.6116E+01    1.6341E+01    7.1912E+01    4.8856E+01    1.4044E+01    4.3664E+00    1.5605E+01    1.4707E+01    1.0289E+01   
 3.0339E+02    4.4909E+01    5.2648E+01    1.9707E+01    1.6144E+01    1.6370E+01    7.1928E+01    4.8879E+01    1.4070E+01    4.3664E+00    1.5543E+01    1.4890E+01    1.0324E+01   
 3.0448E+02    4.4924E+01    5.2661E+01    1.9780E+01    1.6215E+01    1.6398E+01    7.1950E+01    4.8883E+01    1.4093E+01    4.3664E+00    1.5645E+01    1.4999E+01    1.0359E+01   
 3.0557E+02    4.4929E+01    5.2694E+01    1.9779E+01    1.6220E+01    1.6449E+01    7.1970E+01    4.8930E+01    1.4123E+01    4.3664E+00    1.5503E+01    1.4926E+01    1.0289E+01   
 3.0666E+02    4.4942E+01    5.2707E+01    1.9745E+01    1.6231E+01    1.6484E+01    7.1980E+01    4.8943E+01    1.4141E+01    4.3664E+00    1.5564E+01    1.5060E+01    1.0218E+01   
 3.0774E+02    4.4947E+01    5.2688E+01    1.9723E+01    1.6306E+01    1.6493E+01    7.2011E+01    4.8960E+01    1.4200E+01    4.3664E+00    1.5584E+01    1.5158E+01    1.0289E+01   
 3.0883E+02    4.4961E+01    5.2715E+01    1.9665E+01    1.6201E+01    1.6526E+01    7.2039E+01    4.9011E+01    1.4224E+01    4.3257E+00    1.5625E+01    1.5097E+01    1.0324E+01   
 3.0992E+02    4.4964E+01    5.2723E+01    1.9690E+01    1.6231E+01    1.6564E+01    7.2046E+01    4.9063E+01    1.4265E+01    4.3868E+00    1.5543E+01    1.5145E+01    1.0289E+01   
 3.1101E+02    4.4943E+01    5.2716E+01    1.9658E+01    1.6153E+01    1.6542E+01    7.2079E+01    4.9078E+01    1.4315E+01    4.3664E+00    1.5503E+01    1.5060E+01    1.0218E+01   
 3.1210E+02    4.4950E+01    5.2737E+01    1.9612E+01    1.6241E+01    1.6545E+01    7.2096E+01    4.9121E+01    1.4373E+01    4.3664E+00    1.5727E+01    1.4780E+01    1.0324E+01   
 3.1319E+02    4.4963E+01    5.2722E+01    1.9619E+01    1.6259E+01    1.6518E+01    7.2100E+01    4.9123E+01    1.4419E+01    4.4071E+00    1.5523E+01    1.4853E+01    1.0324E+01   
 3.1428E+02    4.4966E+01    5.2739E+01    1.9870E+01    1.6256E+01    1.6485E+01    7.2114E+01    4.9144E+01    1.4449E+01    4.4071E+00    1.5645E+01    1.4816E+01    1.0253E+01   
 3.1537E+02    4.4991E+01    5.2773E+01    1.9730E+01    1.6316E+01    1.6414E+01    7.2129E+01    4.9158E+01    1.4516E+01    4.4071E+00    1.5584E+01    1.4877E+01    1.0324E+01   
 3.1646E+02    4.5009E+01    5.2794E+01    1.9718E+01    1.6363E+01    1.6362E+01    7.2162E+01    4.9175E+01    1.4520E+01    4.3868E+00    1.5543E+01    1.4768E+01    1.0394E+01   
 3.1755E+02    4.5014E+01    5.2775E+01    1.9704E+01    1.6344E+01    1.6231E+01    7.2156E+01    4.9202E+01    1.4557E+01    4.4071E+00    1.5584E+01    1.4719E+01    1.0324E+01   
 3.1865E+02    4.5035E+01    5.2813E+01    1.9668E+01    1.6405E+01    1.6088E+01    7.2171E+01    4.9228E+01    1.4570E+01    4.4479E+00    1.5645E+01    1.5231E+01    1.0324E+01   
 3.1980E+02    4.5023E+01    5.2806E+01    1.9793E+01    1.6381E+01    1.5942E+01    7.2170E+01    4.9233E+01    1.4607E+01    4.4275E+00    1.5564E+01    1.5121E+01    1.0289E+01   
 3.2089E+02    4.5030E+01    5.2808E+01    1.9815E+01    1.6415E+01    1.5867E+01    7.2184E+01    4.9241E+01    1.4611E+01    4.4275E+00    1.5747E+01    1.4780E+01    1.0253E+01   
 3.2197E+02    4.5011E+01    5.2814E+01    1.9765E+01    1.6358E+01    1.5650E+01    7.2177E+01    4.9265E+01    1.4643E+01    4.4479E+00    1.5666E+01    1.5206E+01    1.0253E+01   
 3.2304E+02    4.5016E+01    5.2845E+01    1.9658E+01    1.6358E+01    1.5373E+01    7.2148E+01    4.9299E+01    1.4653E+01    4.4275E+00    1.5645E+01    1.5219E+01    1.0289E+01   
 3.2413E+02    4.4999E+01    5.2846E+01    1.9670E+01    1.6317E+01    1.4951E+01    7.2070E+01    4.9309E+01    1.4659E+01    4.4275E+00    1.5666E+01    1.5304E+01    1.0394E+01   
 3.2522E+02    4.5011E+01    5.2867E+01    1.9663E+01    1.6425E+01    1.4651E+01    7.1970E+01    4.9291E+01    1.4642E+01    4.4479E+00    1.5707E+01    1.5292E+01    1.0289E+01   
 3.2631E+02    4.4993E+01    5.2872E+01    1.9635E+01    1.6423E+01    1.4223E+01    7.1876E+01    4.9252E+01    1.4641E+01    4.4479E+00    1.5707E+01    1.5304E+01    1.0253E+01   
# Time (s)      T1w (C)       T2w (C)       T1a (C)       T2a (C)       T1r (C)       T2r (C)       T3r (C)       T4r (C)       P1 (bar)      P2 (bar)      Pow (W/100)      Qc (l/min)    
 3.2740E+02    4.5005E+01    5.2902E+01    1.9584E+01    1.6429E+01    1.3894E+01    7.1807E+01    4.9211E+01    1.4609E+01    4.4071E+00    1.5747E+01    1.5316E+01    1.0253E+01   
 3.2848E+02    4.5006E+01    5.2929E+01    1.9614E+01    1.6353E+01    1.3763E+01    7.1724E+01    4.9186E+01    1.4592E+01    4.4479E+00    1.5686E+01    1.5158E+01    1.0324E+01   
 3.2957E+02    4.5013E+01    5.2958E+01    1.9624E+01    1.6406E+01    1.3535E+01    7.1635E+01    4.9148E+01    1.4547E+01    4.4071E+00    1.5809E+01    1.5072E+01    1.0253E+01   
 3.3066E+02    4.5044E+01    5.2999E+01    1.9672E+01    1.6316E+01    1.3326E+01    7.1585E+01    4.9074E+01    1.4539E+01    4.4071E+00    1.5707E+01    1.5097E+01    1.0289E+01   
 3.3175E+02    4.5058E+01    5.3028E+01    1.9724E+01    1.6302E+01    1.3165E+01    7.1551E+01    4.8996E+01    1.4503E+01    4.3868E+00    1.5870E+01    1.4950E+01    1.0253E+01   
 3.3284E+02    4.5051E+01    5.3038E+01    2.0051E+01    1.6393E+01    1.3063E+01    7.1506E+01    4.8951E+01    1.4415E+01    4.3868E+00    1.5727E+01    1.4829E+01    1.0289E+01   
 3.3392E+02    4.5059E+01    5.3063E+01    1.9960E+01    1.6327E+01    1.2925E+01    7.1505E+01    4.8845E+01    1.4362E+01    4.3868E+00    1.5931E+01    1.4853E+01    1.0289E+01   
 3.3501E+02    4.5065E+01    5.3077E+01    1.9833E+01    1.6383E+01    1.2798E+01    7.1510E+01    4.8733E+01    1.4338E+01    4.3664E+00    1.5747E+01    1.4841E+01    1.0218E+01   
 3.3610E+02    4.5079E+01    5.3093E+01    1.9700E+01    1.6271E+01    1.2691E+01    7.1470E+01    4.8629E+01    1.4290E+01    4.3868E+00    1.5890E+01    1.5060E+01    1.0289E+01   
 3.3719E+02    4.5083E+01    5.3099E+01    1.9649E+01    1.6303E+01    1.2635E+01    7.1449E+01    4.8574E+01    1.4251E+01    4.3664E+00    1.5890E+01    1.5340E+01    1.0253E+01   
 3.3828E+02    4.5081E+01    5.3121E+01    1.9644E+01    1.6199E+01    1.2544E+01    7.1417E+01    4.8450E+01    1.4180E+01    4.3460E+00    1.5768E+01    1.5060E+01    1.0359E+01   
 3.3936E+02    4.5084E+01    5.3142E+01    1.9769E+01    1.6185E+01    1.2497E+01    7.1378E+01    4.8299E+01    1.4099E+01    4.3460E+00    1.5911E+01    1.4975E+01    1.0324E+01   
 3.4045E+02    4.5114E+01    5.3183E+01    1.9780E+01    1.6227E+01    1.2461E+01    7.1369E+01    4.8232E+01    1.4025E+01    4.3460E+00    1.5768E+01    1.4841E+01    1.0324E+01   
 3.4154E+02    4.5141E+01    5.3200E+01    1.9724E+01    1.6150E+01    1.2447E+01    7.1384E+01    4.8123E+01    1.3925E+01    4.3460E+00    1.5768E+01    1.5231E+01    1.0218E+01   
 3.4265E+02    4.5166E+01    5.3212E+01    1.9703E+01    1.6158E+01    1.2455E+01    7.1405E+01    4.8033E+01    1.3918E+01    4.3460E+00    1.5890E+01    1.4999E+01    1.0359E+01   
 3.4373E+02    4.5177E+01    5.3216E+01    1.9766E+01    1.6127E+01    1.2466E+01    7.1459E+01    4.7935E+01    1.3871E+01    4.3257E+00    1.5768E+01    1.5219E+01    1.0359E+01   
 3.4483E+02    4.5180E+01    5.3221E+01    1.9752E+01    1.5999E+01    1.2473E+01    7.1540E+01    4.7876E+01    1.3801E+01    4.3053E+00    1.5809E+01    1.4816E+01    1.0289E+01   
 3.4592E+02    4.5194E+01    5.3239E+01    1.9748E+01    1.6039E+01    1.2550E+01    7.1598E+01    4.7780E+01    1.3744E+01    4.2849E+00    1.5870E+01    1.4804E+01    1.0253E+01   
 3.4701E+02    4.5207E+01    5.3236E+01    1.9753E+01    1.5981E+01    1.2646E+01    7.1639E+01    4.7704E+01    1.3737E+01    4.2849E+00    1.5747E+01    1.4792E+01    1.0289E+01   
 3.4810E+02    4.5225E+01    5.3235E+01    1.9841E+01    1.6033E+01    1.2762E+01    7.1681E+01    4.7635E+01    1.3667E+01    4.2849E+00    1.5768E+01    1.4768E+01    1.0289E+01   
 3.4918E+02    4.5233E+01    5.3226E+01    1.9805E+01    1.5956E+01    1.2852E+01    7.1754E+01    4.7602E+01    1.3641E+01    4.2849E+00    1.5911E+01    1.4780E+01    1.0253E+01   
 3.5027E+02    4.5225E+01    5.3200E+01    1.9862E+01    1.5913E+01    1.2989E+01    7.1830E+01    4.7577E+01    1.3618E+01    4.2645E+00    1.5727E+01    1.5085E+01    1.0324E+01   
 3.5141E+02    4.5230E+01    5.3196E+01    1.9981E+01    1.5883E+01    1.3170E+01    7.1861E+01    4.7558E+01    1.3565E+01    4.2645E+00    1.5727E+01    1.5158E+01    1.0359E+01   
 3.5250E+02    4.5228E+01    5.3184E+01    1.9865E+01    1.5851E+01    1.3334E+01    7.1904E+01    4.7546E+01    1.3580E+01    4.2645E+00    1.5849E+01    1.5219E+01    1.0289E+01   
 3.5359E+02    4.5234E+01    5.3171E+01    1.9778E+01    1.5861E+01    1.3412E+01    7.1971E+01    4.7552E+01    1.3542E+01    4.2645E+00    1.5666E+01    1.5158E+01    1.0289E+01   
 3.5468E+02    4.5218E+01    5.3135E+01    1.9830E+01    1.5869E+01    1.3616E+01    7.1981E+01    4.7592E+01    1.3534E+01    4.2645E+00    1.5809E+01    1.5036E+01    1.0324E+01   
 3.5576E+02    4.5221E+01    5.3131E+01    1.9760E+01    1.5799E+01    1.3776E+01    7.1976E+01    4.7608E+01    1.3548E+01    4.2238E+00    1.5788E+01    1.4914E+01    1.0359E+01   
 3.5685E+02    4.5234E+01    5.3121E+01    1.9693E+01    1.5777E+01    1.3958E+01    7.1935E+01    4.7678E+01    1.3540E+01    4.2645E+00    1.5809E+01    1.4963E+01    1.0394E+01   
 3.5793E+02    4.5256E+01    5.3115E+01    1.9677E+01    1.5836E+01    1.4048E+01    7.1892E+01    4.7718E+01    1.3553E+01    4.2645E+00    1.5686E+01    1.4890E+01    1.0289E+01   
 3.5902E+02    4.5246E+01    5.3102E+01    1.9651E+01    1.5813E+01    1.4208E+01    7.1882E+01    4.7783E+01    1.3545E+01    4.2645E+00    1.5849E+01    1.4743E+01    1.0253E+01   
# Time (s)      T1w (C)       T2w (C)       T1a (C)       T2a (C)       T1r (C)       T2r (C)       T3r (C)       T4r (C)       P1 (bar)      P2 (bar)      Pow (W/100)      Qc (l/min)    
 3.6011E+02    4.5258E+01    5.3071E+01    1.9719E+01    1.5809E+01    1.4385E+01    7.1864E+01    4.7876E+01    1.3600E+01    4.2645E+00    1.5849E+01    1.5036E+01    1.0324E+01   
 3.6120E+02    4.5252E+01    5.3065E+01    2.0018E+01    1.5890E+01    1.4463E+01    7.1830E+01    4.7918E+01    1.3625E+01    4.2645E+00    1.5768E+01    1.5194E+01    1.0253E+01   
 3.6229E+02    4.5279E+01    5.3068E+01    1.9906E+01    1.5856E+01    1.4603E+01    7.1849E+01    4.8008E+01    1.3639E+01    4.2849E+00    1.5666E+01    1.5194E+01    1.0324E+01   
 3.6338E+02    4.5278E+01    5.3068E+01    1.9891E+01    1.5877E+01    1.4767E+01    7.1859E+01    4.8116E+01    1.3684E+01    4.2645E+00    1.5686E+01    1.5060E+01    1.0253E+01   
 3.6447E+02    4.5307E+01    5.3073E+01    1.9998E+01    1.5929E+01    1.4898E+01    7.1860E+01    4.8199E+01    1.3701E+01    4.2442E+00    1.5645E+01    1.4695E+01    1.0324E+01   
 3.6555E+02    4.5318E+01    5.3079E+01    1.9961E+01    1.5923E+01    1.4966E+01    7.1883E+01    4.8251E+01    1.3690E+01    4.2442E+00    1.5788E+01    1.4682E+01    1.0324E+01   
 3.6664E+02    4.5339E+01    5.3082E+01    2.0005E+01    1.5914E+01    1.5107E+01    7.1961E+01    4.8329E+01    1.3715E+01    4.2645E+00    1.5666E+01    1.4695E+01    1.0359E+01   
 3.6773E+02    4.5362E+01    5.3083E+01    2.0300E+01    1.6026E+01    1.5250E+01    7.1997E+01    4.8434E+01    1.3723E+01    4.2645E+00    1.5809E+01    1.4743E+01    1.0359E+01   
 3.6882E+02    4.5366E+01    5.3069E+01    2.0067E+01    1.6079E+01    1.5387E+01    7.2023E+01    4.8511E+01    1.3750E+01    4.2849E+00    1.5707E+01    1.5085E+01    1.0289E+01   
 3.6991E+02    4.5363E+01    5.3076E+01    1.9847E+01    1.6049E+01    1.5463E+01    7.2030E+01    4.8598E+01    1.3771E+01    4.2645E+00    1.5768E+01    1.5182E+01    1.0324E+01   
 3.7099E+02    4.5362E+01    5.3086E+01    1.9799E+01    1.6074E+01    1.5577E+01    7.2008E+01    4.8705E+01    1.3792E+01    4.2645E+00    1.5645E+01    1.5206E+01    1.0359E+01   
 3.7208E+02    4.5355E+01    5.3069E+01    1.9846E+01    1.6080E+01    1.5692E+01    7.2006E+01    4.8790E+01    1.3827E+01    4.2645E+00    1.5768E+01    1.5182E+01    1.0289E+01   
 3.7317E+02    4.5367E+01    5.3083E+01    2.0324E+01    1.6027E+01    1.5730E+01    7.1966E+01    4.8832E+01    1.3851E+01    4.2849E+00    1.5666E+01    1.4877E+01    1.0324E+01   
 3.7426E+02    4.5358E+01    5.3073E+01    2.0466E+01    1.6104E+01    1.5829E+01    7.1933E+01    4.8902E+01    1.3872E+01    4.2849E+00    1.5584E+01    1.4780E+01    1.0289E+01   
 3.7535E+02    4.5369E+01    5.3067E+01    2.0508E+01    1.6129E+01    1.5946E+01    7.1926E+01    4.8992E+01    1.3878E+01    4.3053E+00    1.5768E+01    1.4804E+01    1.0289E+01   
 3.7644E+02    4.5368E+01    5.3064E+01    2.0299E+01    1.6209E+01    1.6036E+01    7.1910E+01    4.9068E+01    1.3928E+01    4.3053E+00    1.5645E+01    1.4731E+01    1.0253E+01   
 3.7752E+02    4.5379E+01    5.3072E+01    2.0301E+01    1.6189E+01    1.6074E+01    7.1894E+01    4.9096E+01    1.3950E+01    4.3053E+00    1.5809E+01    1.4890E+01    1.0182E+01   
 3.7862E+02    4.5392E+01    5.3079E+01    2.0194E+01    1.6204E+01    1.6147E+01    7.1915E+01    4.9176E+01    1.3979E+01    4.3460E+00    1.5645E+01    1.4768E+01    1.0289E+01   
 3.7971E+02    4.5383E+01    5.3080E+01    2.0190E+01    1.6226E+01    1.6205E+01    7.1939E+01    4.9211E+01    1.3976E+01    4.3257E+00    1.5747E+01    1.4792E+01    1.0289E+01   
 3.8080E+02    4.5426E+01    5.3096E+01    2.0054E+01    1.6294E+01    1.6289E+01    7.1973E+01    4.9267E+01    1.4023E+01    4.3460E+00    1.5645E+01    1.4743E+01    1.0289E+01   
 3.8188E+02    4.5412E+01    5.3102E+01    2.0032E+01    1.6247E+01    1.6322E+01    7.2030E+01    4.9266E+01    1.4060E+01    4.3257E+00    1.5707E+01    1.5072E+01    1.0324E+01   
 3.8298E+02    4.5430E+01    5.3104E+01    2.0051E+01    1.6281E+01    1.6408E+01    7.2044E+01    4.9307E+01    1.4092E+01    4.3664E+00    1.5768E+01    1.5011E+01    1.0289E+01   
 3.8407E+02    4.5441E+01    5.3122E+01    2.0140E+01    1.6305E+01    1.6461E+01    7.2050E+01    4.9342E+01    1.4126E+01    4.3460E+00    1.5747E+01    1.4841E+01    1.0289E+01   
 3.8522E+02    4.5434E+01    5.3102E+01    2.0084E+01    1.6213E+01    1.6522E+01    7.2116E+01    4.9365E+01    1.4158E+01    4.3460E+00    1.5788E+01    1.5182E+01    1.0324E+01   
 3.8632E+02    4.5453E+01    5.3132E+01    2.0213E+01    1.6265E+01    1.6547E+01    7.2154E+01    4.9365E+01    1.4217E+01    4.3664E+00    1.5747E+01    1.5024E+01    1.0218E+01   
 3.8740E+02    4.5444E+01    5.3119E+01    2.0109E+01    1.6259E+01    1.6615E+01    7.2201E+01    4.9421E+01    1.4267E+01    4.3868E+00    1.5666E+01    1.4780E+01    1.0289E+01   
 3.8848E+02    4.5445E+01    5.3143E+01    2.0012E+01    1.6341E+01    1.6671E+01    7.2208E+01    4.9413E+01    1.4258E+01    4.4071E+00    1.5849E+01    1.5243E+01    1.0289E+01   
 3.8956E+02    4.5475E+01    5.3145E+01    1.9941E+01    1.6364E+01    1.6670E+01    7.2245E+01    4.9439E+01    1.4300E+01    4.3868E+00    1.5788E+01    1.5182E+01    1.0289E+01   
 3.9064E+02    4.5466E+01    5.3140E+01    1.9875E+01    1.6349E+01    1.6665E+01    7.2257E+01    4.9412E+01    1.4286E+01    4.3664E+00    1.5727E+01    1.5085E+01    1.0253E+01   
 3.9171E+02    4.5452E+01    5.3149E+01    1.9918E+01    1.6361E+01    1.6707E+01    7.2266E+01    4.9418E+01    1.4290E+01    4.4071E+00    1.5747E+01    1.5097E+01    1.0289E+01   
# Time (s)      T1w (C)       T2w (C)       T1a (C)       T2a (C)       T1r (C)       T2r (C)       T3r (C)       T4r (C)       P1 (bar)      P2 (bar)      Pow (W/100)      Qc (l/min)    
 3.9279E+02    4.5451E+01    5.3158E+01    1.9831E+01    1.6316E+01    1.6743E+01    7.2302E+01    4.9433E+01    1.4317E+01    4.4275E+00    1.5870E+01    1.5255E+01    1.0218E+01   
 3.9388E+02    4.5452E+01    5.3180E+01    1.9813E+01    1.6272E+01    1.6756E+01    7.2328E+01    4.9429E+01    1.4337E+01    4.3868E+00    1.5747E+01    1.5243E+01    1.0324E+01   
 3.9497E+02    4.5443E+01    5.3184E+01    1.9808E+01    1.6243E+01    1.6764E+01    7.2387E+01    4.9453E+01    1.4402E+01    4.4071E+00    1.5931E+01    1.5328E+01    1.0324E+01   
 3.9606E+02    4.5437E+01    5.3210E+01    1.9778E+01    1.6336E+01    1.6773E+01    7.2398E+01    4.9466E+01    1.4413E+01    4.4275E+00    1.5788E+01    1.5072E+01    1.0289E+01   
 3.9714E+02    4.5444E+01    5.3216E+01    1.9777E+01    1.6262E+01    1.6752E+01    7.2413E+01    4.9472E+01    1.4426E+01    4.4479E+00    1.5788E+01    1.4950E+01    1.0253E+01   
 3.9823E+02    4.5458E+01    5.3226E+01    1.9805E+01    1.6344E+01    1.6735E+01    7.2442E+01    4.9450E+01    1.4416E+01    4.3868E+00    1.5768E+01    1.4963E+01    1.0324E+01   
 3.9932E+02    4.5477E+01    5.3245E+01    1.9878E+01    1.6372E+01    1.6726E+01    7.2472E+01    4.9512E+01    1.4462E+01    4.4071E+00    1.5809E+01    1.4865E+01    1.0324E+01   
 4.0041E+02    4.5498E+01    5.3269E+01    2.0208E+01    1.6397E+01    1.6737E+01    7.2497E+01    4.9531E+01    1.4516E+01    4.4275E+00    1.5849E+01    1.4853E+01    1.0359E+01   
 4.0150E+02    4.5527E+01    5.3287E+01    2.0119E+01    1.6492E+01    1.6714E+01    7.2512E+01    4.9584E+01    1.4573E+01    4.4071E+00    1.5747E+01    1.4865E+01    1.0324E+01   
 4.0258E+02    4.5527E+01    5.3315E+01    1.9942E+01    1.6475E+01    1.6658E+01    7.2517E+01    4.9560E+01    1.4581E+01    4.4275E+00    1.5829E+01    1.4890E+01    1.0289E+01   
 4.0367E+02    4.5548E+01    5.3303E+01    1.9906E+01    1.6463E+01    1.6576E+01    7.2495E+01    4.9587E+01    1.4585E+01    4.4275E+00    1.5849E+01    1.5328E+01    1.0253E+01   
 4.0477E+02    4.5527E+01    5.3299E+01    1.9895E+01    1.6464E+01    1.6437E+01    7.2476E+01    4.9580E+01    1.4581E+01    4.4479E+00    1.5870E+01    1.5279E+01    1.0253E+01   
 4.0586E+02    4.5551E+01    5.3321E+01    1.9862E+01    1.6490E+01    1.6376E+01    7.2454E+01    4.9581E+01    1.4608E+01    4.4479E+00    1.5911E+01    1.5133E+01    1.0289E+01   
 4.0694E+02    4.5527E+01    5.3317E+01    1.9875E+01    1.6508E+01    1.6239E+01    7.2464E+01    4.9633E+01    1.4666E+01    4.4886E+00    1.5849E+01    1.5145E+01    1.0253E+01   
 4.0803E+02    4.5528E+01    5.3317E+01    1.9796E+01    1.6475E+01    1.6028E+01    7.2481E+01    4.9657E+01    1.4685E+01    4.4886E+00    1.5870E+01    1.5328E+01    1.0289E+01   
 4.0913E+02    4.5548E+01    5.3377E+01    1.9757E+01    1.6499E+01    1.5823E+01    7.2503E+01    4.9687E+01    1.4715E+01    4.4683E+00    1.5911E+01    1.5340E+01    1.0359E+01   
 4.1022E+02    4.5555E+01    5.3367E+01    1.9758E+01    1.6482E+01    1.5698E+01    7.2493E+01    4.9689E+01    1.4725E+01    4.4479E+00    1.5829E+01    1.5182E+01    1.0289E+01   
 4.1130E+02    4.5599E+01    5.3407E+01    1.9773E+01    1.6514E+01    1.5407E+01    7.2471E+01    4.9716E+01    1.4755E+01    4.4886E+00    1.5911E+01    1.5194E+01    1.0289E+01   
 4.1239E+02    4.5613E+01    5.3433E+01    1.9869E+01    1.6512E+01    1.5057E+01    7.2465E+01    4.9722E+01    1.4753E+01    4.4683E+00    1.5809E+01    1.5036E+01    1.0324E+01   
 4.1348E+02    4.5615E+01    5.3468E+01    1.9891E+01    1.6607E+01    1.4584E+01    7.2471E+01    4.9728E+01    1.4788E+01    4.4683E+00    1.5972E+01    1.4938E+01    1.0429E+01   
 4.1457E+02    4.5629E+01    5.3455E+01    1.9736E+01    1.6661E+01    1.4366E+01    7.2451E+01    4.9724E+01    1.4765E+01    4.4886E+00    1.6013E+01    1.4963E+01    1.0253E+01   
 4.1565E+02    4.5640E+01    5.3480E+01    1.9722E+01    1.6576E+01    1.4078E+01    7.2453E+01    4.9695E+01    1.4766E+01    4.4886E+00    1.5870E+01    1.5011E+01    1.0289E+01   
 4.1674E+02    4.5633E+01    5.3522E+01    1.9863E+01    1.6645E+01    1.3804E+01    7.2423E+01    4.9668E+01    1.4754E+01    4.4479E+00    1.5951E+01    1.5036E+01    1.0359E+01   
 4.1783E+02    4.5647E+01    5.3560E+01    1.9984E+01    1.6620E+01    1.3715E+01    7.2390E+01    4.9614E+01    1.4744E+01    4.4683E+00    1.5972E+01    1.5474E+01    1.0289E+01   
 4.1897E+02    4.5640E+01    5.3556E+01    1.9817E+01    1.6556E+01    1.3496E+01    7.2362E+01    4.9565E+01    1.4702E+01    4.4683E+00    1.6074E+01    1.4987E+01    1.0324E+01   
 4.2006E+02    4.5654E+01    5.3602E+01    1.9745E+01    1.6562E+01    1.3313E+01    7.2304E+01    4.9489E+01    1.4642E+01    4.4683E+00    1.6074E+01    1.5340E+01    1.0324E+01   
 4.2119E+02    4.5668E+01    5.3639E+01    1.9737E+01    1.6586E+01    1.3158E+01    7.2265E+01    4.9412E+01    1.4620E+01    4.4479E+00    1.5972E+01    1.5024E+01    1.0253E+01   
 4.2227E+02    4.5660E+01    5.3663E+01    1.9980E+01    1.6562E+01    1.3072E+01    7.2231E+01    4.9306E+01    1.4546E+01    4.4479E+00    1.6135E+01    1.5487E+01    1.0394E+01   
 4.2335E+02    4.5670E+01    5.3674E+01    2.0025E+01    1.6370E+01    1.2945E+01    7.2216E+01    4.9271E+01    1.4503E+01    4.4275E+00    1.6074E+01    1.4975E+01    1.0289E+01   
 4.2443E+02    4.5662E+01    5.3690E+01    1.9920E+01    1.6393E+01    1.2817E+01    7.2188E+01    4.9164E+01    1.4436E+01    4.4275E+00    1.5992E+01    1.4999E+01    1.0324E+01   
# Time (s)      T1w (C)       T2w (C)       T1a (C)       T2a (C)       T1r (C)       T2r (C)       T3r (C)       T4r (C)       P1 (bar)      P2 (bar)      Pow (W/100)      Qc (l/min)    
 4.2551E+02    4.5651E+01    5.3681E+01    1.9763E+01    1.6363E+01    1.2718E+01    7.2171E+01    4.9064E+01    1.4395E+01    4.4071E+00    1.6074E+01    1.4963E+01    1.0324E+01   
 4.2660E+02    4.5669E+01    5.3709E+01    1.9749E+01    1.6378E+01    1.2705E+01    7.2200E+01    4.8961E+01    1.4326E+01    4.3868E+00    1.6013E+01    1.5011E+01    1.0289E+01   
 4.2768E+02    4.5672E+01    5.3709E+01    1.9690E+01    1.6178E+01    1.2648E+01    7.2270E+01    4.8894E+01    1.4280E+01    4.3868E+00    1.5972E+01    1.5340E+01    1.0253E+01   
 4.2877E+02    4.5677E+01    5.3697E+01    1.9648E+01    1.6242E+01    1.2601E+01    7.2283E+01    4.8820E+01    1.4228E+01    4.3868E+00    1.6155E+01    1.4999E+01    1.0289E+01   
 4.2988E+02    4.5677E+01    5.3709E+01    1.9664E+01    1.6140E+01    1.2553E+01    7.2352E+01    4.8741E+01    1.4179E+01    4.3664E+00    1.6053E+01    1.4987E+01    1.0253E+01   
 4.3097E+02    4.5705E+01    5.3715E+01    1.9646E+01    1.6161E+01    1.2549E+01    7.2415E+01    4.8674E+01    1.4088E+01    4.3664E+00    1.6135E+01    1.4963E+01    1.0289E+01   
 4.3205E+02    4.5700E+01    5.3722E+01    1.9646E+01    1.6117E+01    1.2543E+01    7.2455E+01    4.8617E+01    1.4002E+01    4.3460E+00    1.6074E+01    1.4975E+01    1.0359E+01   
 4.3314E+02    4.5708E+01    5.3737E+01    1.9687E+01    1.6032E+01    1.2591E+01    7.2488E+01    4.8528E+01    1.3994E+01    4.3460E+00    1.5992E+01    1.5011E+01    1.0359E+01   
 4.3423E+02    4.5724E+01    5.3765E+01    1.9668E+01    1.6082E+01    1.2669E+01    7.2537E+01    4.8430E+01    1.3919E+01    4.3460E+00    1.6114E+01    1.4999E+01    1.0324E+01   
 4.3532E+02    4.5723E+01    5.3758E+01    1.9774E+01    1.6142E+01    1.2744E+01    7.2597E+01    4.8399E+01    1.3845E+01    4.3257E+00    1.5972E+01    1.5170E+01    1.0289E+01   
 4.3641E+02    4.5754E+01    5.3749E+01    1.9831E+01    1.5985E+01    1.2890E+01    7.2625E+01    4.8344E+01    1.3806E+01    4.3053E+00    1.6176E+01    1.5426E+01    1.0289E+01   
 4.3749E+02    4.5730E+01    5.3734E+01    2.0039E+01    1.5905E+01    1.3039E+01    7.2643E+01    4.8240E+01    1.3793E+01    4.3257E+00    1.6033E+01    1.5353E+01    1.0218E+01   
 4.3858E+02    4.5720E+01    5.3730E+01    1.9816E+01    1.6030E+01    1.3136E+01    7.2665E+01    4.8220E+01    1.3747E+01    4.3053E+00    1.6053E+01    1.5340E+01    1.0324E+01   
 4.3967E+02    4.5713E+01    5.3721E+01    1.9672E+01    1.5936E+01    1.3299E+01    7.2655E+01    4.8203E+01    1.3732E+01    4.3053E+00    1.5972E+01    1.5158E+01    1.0359E+01   
 4.4076E+02    4.5720E+01    5.3705E+01    1.9674E+01    1.5819E+01    1.3467E+01    7.2645E+01    4.8179E+01    1.3723E+01    4.2849E+00    1.5992E+01    1.4902E+01    1.0289E+01   
 4.4185E+02    4.5753E+01    5.3701E+01    1.9674E+01    1.5815E+01    1.3654E+01    7.2642E+01    4.8188E+01    1.3684E+01    4.3053E+00    1.6033E+01    1.4877E+01    1.0289E+01   
 4.4293E+02    4.5747E+01    5.3696E+01    1.9625E+01    1.5971E+01    1.3729E+01    7.2648E+01    4.8196E+01    1.3658E+01    4.2849E+00    1.5890E+01    1.4877E+01    1.0324E+01   
 4.4402E+02    4.5760E+01    5.3679E+01    1.9726E+01    1.5869E+01    1.3910E+01    7.2662E+01    4.8212E+01    1.3630E+01    4.3053E+00    1.5972E+01    1.4926E+01    1.0253E+01   
 4.4511E+02    4.5774E+01    5.3670E+01    1.9809E+01    1.5929E+01    1.4061E+01    7.2668E+01    4.8255E+01    1.3595E+01    4.3053E+00    1.5911E+01    1.5279E+01    1.0324E+01   
 4.4620E+02    4.5780E+01    5.3644E+01    1.9772E+01    1.5893E+01    1.4223E+01    7.2697E+01    4.8334E+01    1.3596E+01    4.3053E+00    1.6114E+01    1.4865E+01    1.0253E+01   
 4.4729E+02    4.5795E+01    5.3645E+01    1.9705E+01    1.5869E+01    1.4342E+01    7.2744E+01    4.8398E+01    1.3609E+01    4.3053E+00    1.5890E+01    1.4865E+01    1.0253E+01   
 4.4838E+02    4.5795E+01    5.3630E+01    1.9733E+01    1.5875E+01    1.4523E+01    7.2776E+01    4.8488E+01    1.3634E+01    4.3053E+00    1.6033E+01    1.4987E+01    1.0253E+01   
 4.4947E+02    4.5808E+01    5.3642E+01    1.9733E+01    1.5888E+01    1.4672E+01    7.2788E+01    4.8564E+01    1.3654E+01    4.3053E+00    1.5972E+01    1.5316E+01    1.0253E+01   
 4.5056E+02    4.5819E+01    5.3619E+01    1.9655E+01    1.5816E+01    1.4725E+01    7.2768E+01    4.8648E+01    1.3684E+01    4.2849E+00    1.5890E+01    1.5340E+01    1.0289E+01   
 4.5165E+02    4.5826E+01    5.3619E+01    1.9640E+01    1.5882E+01    1.4853E+01    7.2744E+01    4.8707E+01    1.3688E+01    4.3257E+00    1.5951E+01    1.4877E+01    1.0359E+01   
 4.5275E+02    4.5828E+01    5.3618E+01    1.9637E+01    1.5939E+01    1.4979E+01    7.2736E+01    4.8787E+01    1.3684E+01    4.2849E+00    1.6033E+01    1.5011E+01    1.0253E+01   
 4.5385E+02    4.5839E+01    5.3607E+01    1.9644E+01    1.5837E+01    1.5114E+01    7.2696E+01    4.8898E+01    1.3662E+01    4.2645E+00    1.5951E+01    1.4914E+01    1.0289E+01   
 4.5499E+02    4.5854E+01    5.3618E+01    1.9659E+01    1.5954E+01    1.5189E+01    7.2629E+01    4.8970E+01    1.3712E+01    4.2849E+00    1.6013E+01    1.4902E+01    1.0253E+01   
 4.5609E+02    4.5852E+01    5.3614E+01    1.9684E+01    1.5993E+01    1.5312E+01    7.2573E+01    4.9011E+01    1.3760E+01    4.2849E+00    1.5992E+01    1.5328E+01    1.0289E+01   
 4.5719E+02    4.5855E+01    5.3606E+01    1.9666E+01    1.5967E+01    1.5419E+01    7.2549E+01    4.9116E+01    1.3778E+01    4.3257E+00    1.5911E+01    1.4853E+01    1.0289E+01   
# Time (s)      T1w (C)       T2w (C)       T1a (C)       T2a (C)       T1r (C)       T2r (C)       T3r (C)       T4r (C)       P1 (bar)      P2 (bar)      Pow (W/100)      Qc (l/min)    
 4.5827E+02    4.5856E+01    5.3619E+01    1.9752E+01    1.5961E+01    1.5539E+01    7.2543E+01    4.9236E+01    1.3792E+01    4.3053E+00    1.5972E+01    1.4902E+01    1.0253E+01   
 4.5935E+02    4.5884E+01    5.3624E+01    1.9900E+01    1.6079E+01    1.5610E+01    7.2511E+01    4.9294E+01    1.3812E+01    4.3257E+00    1.5931E+01    1.4877E+01    1.0253E+01   
 4.6043E+02    4.5903E+01    5.3639E+01    1.9897E+01    1.6049E+01    1.5714E+01    7.2503E+01    4.9364E+01    1.3850E+01    4.3053E+00    1.5992E+01    1.4914E+01    1.0289E+01   
 4.6151E+02    4.5924E+01    5.3637E+01    2.0222E+01    1.6060E+01    1.5817E+01    7.2483E+01    4.9464E+01    1.3871E+01    4.3257E+00    1.5870E+01    1.4890E+01    1.0324E+01   
 4.6259E+02    4.5941E+01    5.3640E+01    2.0379E+01    1.6173E+01    1.5913E+01    7.2543E+01    4.9534E+01    1.3898E+01    4.3460E+00    1.5972E+01    1.4853E+01    1.0289E+01   
 4.6368E+02    4.5938E+01    5.3655E+01    2.0487E+01    1.6205E+01    1.5981E+01    7.2600E+01    4.9568E+01    1.3955E+01    4.3460E+00    1.5849E+01    1.4950E+01    1.0324E+01   
 4.6477E+02    4.5969E+01    5.3644E+01    2.0637E+01    1.6217E+01    1.6084E+01    7.2668E+01    4.9634E+01    1.4012E+01    4.3460E+00    1.6053E+01    1.5243E+01    1.0324E+01   
 4.6586E+02    4.5976E+01    5.3663E+01    2.0348E+01    1.6308E+01    1.6160E+01    7.2698E+01    4.9700E+01    1.4056E+01    4.3257E+00    1.5849E+01    1.5304E+01    1.0289E+01   
 4.6695E+02    4.5998E+01    5.3660E+01    2.0581E+01    1.6353E+01    1.6240E+01    7.2808E+01    4.9782E+01    1.4119E+01    4.3460E+00    1.5931E+01    1.5328E+01    1.0289E+01   
