# Run number 21 on Tue May 21 11:59:15 2024
# Time (s)      T1w (C)       T2w (C)       T1a (C)       T2a (C)       T1r (C)       T2r (C)       T3r (C)       T4r (C)       P1 (bar)      P2 (bar)      Pow (W/100)      Qc (l/min)    
 3.0173E-01    4.6100E+01    5.3902E+01    2.0176E+01    1.6510E+01    1.5522E+01    7.2728E+01    5.0335E+01    1.4928E+01    4.5090E+00    1.6053E+01    1.5462E+01    1.0324E+01   
 1.4631E+00    4.6072E+01    5.3894E+01    1.9997E+01    1.6567E+01    1.5067E+01    7.2720E+01    5.0329E+01    1.4945E+01    4.4886E+00    1.6033E+01    1.5036E+01    1.0289E+01   
 2.5592E+00    4.6084E+01    5.3917E+01    2.0068E+01    1.6541E+01    1.4583E+01    7.2719E+01    5.0330E+01    1.4902E+01    4.5090E+00    1.5992E+01    1.5097E+01    1.0253E+01   
 3.6553E+00    4.6060E+01    5.3910E+01    2.0228E+01    1.6545E+01    1.4242E+01    7.2723E+01    5.0298E+01    1.4909E+01    4.5090E+00    1.6053E+01    1.5499E+01    1.0324E+01   
 4.7506E+00    4.6038E+01    5.3928E+01    2.0237E+01    1.6560E+01    1.4059E+01    7.2711E+01    5.0269E+01    1.4889E+01    4.4683E+00    1.6114E+01    1.5109E+01    1.0324E+01   
 5.8468E+00    4.6037E+01    5.3925E+01    2.0160E+01    1.6580E+01    1.3782E+01    7.2723E+01    5.0239E+01    1.4874E+01    4.4886E+00    1.6237E+01    1.5060E+01    1.0253E+01   
 6.9439E+00    4.6048E+01    5.3960E+01    2.0318E+01    1.6503E+01    1.3562E+01    7.2705E+01    5.0192E+01    1.4820E+01    4.4683E+00    1.6278E+01    1.5340E+01    1.0289E+01   
 8.0401E+00    4.6042E+01    5.3978E+01    2.0210E+01    1.6515E+01    1.3346E+01    7.2631E+01    5.0136E+01    1.4787E+01    4.4275E+00    1.6094E+01    1.5365E+01    1.0324E+01   
 9.1353E+00    4.6040E+01    5.4017E+01    2.0063E+01    1.6532E+01    1.3269E+01    7.2567E+01    5.0041E+01    1.4720E+01    4.4479E+00    1.6135E+01    1.5060E+01    1.0253E+01   
 1.0231E+01    4.6050E+01    5.4030E+01    1.9874E+01    1.6498E+01    1.3150E+01    7.2515E+01    5.0015E+01    1.4660E+01    4.4275E+00    1.6237E+01    1.5572E+01    1.0289E+01   
 1.1322E+01    4.6054E+01    5.4069E+01    1.9908E+01    1.6480E+01    1.3009E+01    7.2446E+01    4.9860E+01    1.4594E+01    4.4071E+00    1.6176E+01    1.5158E+01    1.0253E+01   
 1.2417E+01    4.6060E+01    5.4084E+01    1.9872E+01    1.6473E+01    1.2910E+01    7.2403E+01    4.9787E+01    1.4562E+01    4.4071E+00    1.6135E+01    1.5036E+01    1.0324E+01   
 1.3506E+01    4.6078E+01    5.4114E+01    1.9741E+01    1.6413E+01    1.2841E+01    7.2363E+01    4.9738E+01    1.4502E+01    4.4071E+00    1.6318E+01    1.5048E+01    1.0253E+01   
 1.4594E+01    4.6092E+01    5.4108E+01    1.9693E+01    1.6471E+01    1.2713E+01    7.2313E+01    4.9624E+01    1.4430E+01    4.4071E+00    1.6196E+01    1.5462E+01    1.0289E+01   
 1.5689E+01    4.6059E+01    5.4099E+01    1.9787E+01    1.6392E+01    1.2625E+01    7.2289E+01    4.9520E+01    1.4381E+01    4.3868E+00    1.6237E+01    1.5097E+01    1.0289E+01   
 1.6785E+01    4.6080E+01    5.4126E+01    1.9979E+01    1.6360E+01    1.2558E+01    7.2280E+01    4.9400E+01    1.4329E+01    4.3868E+00    1.6278E+01    1.5438E+01    1.0359E+01   
 1.7874E+01    4.6107E+01    5.4163E+01    2.0549E+01    1.6412E+01    1.2515E+01    7.2277E+01    4.9347E+01    1.4273E+01    4.3868E+00    1.6237E+01    1.5572E+01    1.0289E+01   
 1.8955E+01    4.6142E+01    5.4213E+01    2.1324E+01    1.6418E+01    1.2482E+01    7.2288E+01    4.9201E+01    1.4186E+01    4.4071E+00    1.6155E+01    1.5572E+01    1.0289E+01   
 2.0044E+01    4.6136E+01    5.4235E+01    2.1537E+01    1.6303E+01    1.2436E+01    7.2333E+01    4.9117E+01    1.4138E+01    4.3868E+00    1.6176E+01    1.5401E+01    1.0289E+01   
 2.1124E+01    4.6172E+01    5.4248E+01    2.0770E+01    1.6396E+01    1.2416E+01    7.2391E+01    4.8972E+01    1.4089E+01    4.3460E+00    1.6380E+01    1.5060E+01    1.0324E+01   
 2.2217E+01    4.6177E+01    5.4249E+01    2.0977E+01    1.6389E+01    1.2387E+01    7.2459E+01    4.8913E+01    1.4012E+01    4.3664E+00    1.6380E+01    1.5438E+01    1.0289E+01   
 2.3314E+01    4.6178E+01    5.4265E+01    2.0850E+01    1.6271E+01    1.2383E+01    7.2498E+01    4.8807E+01    1.3938E+01    4.3664E+00    1.6339E+01    1.5548E+01    1.0359E+01   
 2.4411E+01    4.6184E+01    5.4258E+01    2.0472E+01    1.6253E+01    1.2428E+01    7.2564E+01    4.8716E+01    1.3909E+01    4.3257E+00    1.6176E+01    1.5145E+01    1.0359E+01   
 2.5507E+01    4.6184E+01    5.4252E+01    2.0294E+01    1.6156E+01    1.2468E+01    7.2630E+01    4.8599E+01    1.3818E+01    4.3257E+00    1.6298E+01    1.5462E+01    1.0359E+01   
 2.6627E+01    4.6177E+01    5.4268E+01    2.0331E+01    1.6098E+01    1.2581E+01    7.2687E+01    4.8551E+01    1.3783E+01    4.3460E+00    1.6196E+01    1.5121E+01    1.0359E+01   
 2.7714E+01    4.6189E+01    5.4247E+01    2.0341E+01    1.6043E+01    1.2718E+01    7.2685E+01    4.8474E+01    1.3755E+01    4.3053E+00    1.6278E+01    1.5316E+01    1.0359E+01   
 2.8835E+01    4.6191E+01    5.4248E+01    2.0273E+01    1.6062E+01    1.2874E+01    7.2745E+01    4.8388E+01    1.3715E+01    4.2849E+00    1.6196E+01    1.4975E+01    1.0289E+01   
 2.9917E+01    4.6208E+01    5.4249E+01    2.0321E+01    1.6073E+01    1.2943E+01    7.2804E+01    4.8322E+01    1.3698E+01    4.3053E+00    1.6074E+01    1.5474E+01    1.0324E+01   
 3.1004E+01    4.6205E+01    5.4242E+01    2.0161E+01    1.6054E+01    1.3119E+01    7.2854E+01    4.8312E+01    1.3635E+01    4.2645E+00    1.6196E+01    1.5194E+01    1.0289E+01   
 3.2093E+01    4.6207E+01    5.4228E+01    2.0261E+01    1.6002E+01    1.3318E+01    7.2897E+01    4.8309E+01    1.3601E+01    4.2442E+00    1.6155E+01    1.5340E+01    1.0324E+01   
# Time (s)      T1w (C)       T2w (C)       T1a (C)       T2a (C)       T1r (C)       T2r (C)       T3r (C)       T4r (C)       P1 (bar)      P2 (bar)      Pow (W/100)      Qc (l/min)    
 3.3181E+01    4.6202E+01    5.4202E+01    2.0152E+01    1.5990E+01    1.3513E+01    7.2934E+01    4.8319E+01    1.3601E+01    4.2442E+00    1.6196E+01    1.4938E+01    1.0289E+01   
 3.4262E+01    4.6211E+01    5.4183E+01    1.9979E+01    1.5923E+01    1.3598E+01    7.2959E+01    4.8324E+01    1.3572E+01    4.2238E+00    1.6257E+01    1.4890E+01    1.0324E+01   
 3.5342E+01    4.6208E+01    5.4159E+01    1.9909E+01    1.5954E+01    1.3794E+01    7.3025E+01    4.8387E+01    1.3566E+01    4.2238E+00    1.6135E+01    1.4999E+01    1.0289E+01   
 3.6436E+01    4.6186E+01    5.4125E+01    1.9921E+01    1.5996E+01    1.3980E+01    7.3067E+01    4.8428E+01    1.3554E+01    4.2442E+00    1.6053E+01    1.5401E+01    1.0182E+01   
 3.7526E+01    4.6199E+01    5.4098E+01    1.9866E+01    1.6008E+01    1.4055E+01    7.3054E+01    4.8480E+01    1.3578E+01    4.2442E+00    1.6053E+01    1.4890E+01    1.0289E+01   
 3.8621E+01    4.6202E+01    5.4065E+01    1.9831E+01    1.5905E+01    1.4228E+01    7.3059E+01    4.8524E+01    1.3588E+01    4.2238E+00    1.5972E+01    1.5170E+01    1.0359E+01   
 3.9717E+01    4.6201E+01    5.4038E+01    1.9841E+01    1.5992E+01    1.4406E+01    7.3045E+01    4.8581E+01    1.3628E+01    4.2238E+00    1.6013E+01    1.5182E+01    1.0359E+01   
 4.0812E+01    4.6199E+01    5.4031E+01    1.9850E+01    1.5965E+01    1.4548E+01    7.3006E+01    4.8680E+01    1.3634E+01    4.2238E+00    1.6013E+01    1.4890E+01    1.0324E+01   
 4.1917E+01    4.6187E+01    5.3998E+01    1.9789E+01    1.5942E+01    1.4626E+01    7.2948E+01    4.8789E+01    1.3668E+01    4.2442E+00    1.5992E+01    1.5048E+01    1.0324E+01   
 4.3014E+01    4.6160E+01    5.3985E+01    1.9806E+01    1.5988E+01    1.4773E+01    7.2906E+01    4.8834E+01    1.3715E+01    4.2442E+00    1.6013E+01    1.4890E+01    1.0289E+01   
 4.4104E+01    4.6171E+01    5.3957E+01    1.9752E+01    1.5900E+01    1.4931E+01    7.2908E+01    4.8986E+01    1.3725E+01    4.2442E+00    1.6074E+01    1.5267E+01    1.0359E+01   
 4.5197E+01    4.6142E+01    5.3935E+01    1.9880E+01    1.6032E+01    1.5067E+01    7.2889E+01    4.9081E+01    1.3723E+01    4.2645E+00    1.5972E+01    1.5072E+01    1.0289E+01   
 4.6287E+01    4.6166E+01    5.3934E+01    1.9815E+01    1.5936E+01    1.5115E+01    7.2893E+01    4.9202E+01    1.3750E+01    4.2442E+00    1.6013E+01    1.4950E+01    1.0359E+01   
 4.7382E+01    4.6165E+01    5.3925E+01    1.9759E+01    1.5984E+01    1.5251E+01    7.2882E+01    4.9264E+01    1.3803E+01    4.2645E+00    1.6033E+01    1.4890E+01    1.0359E+01   
 4.8479E+01    4.6175E+01    5.3923E+01    1.9737E+01    1.6122E+01    1.5383E+01    7.2888E+01    4.9392E+01    1.3839E+01    4.2645E+00    1.6135E+01    1.5340E+01    1.0324E+01   
 4.9574E+01    4.6179E+01    5.3914E+01    1.9687E+01    1.6073E+01    1.5478E+01    7.2893E+01    4.9513E+01    1.3857E+01    4.2645E+00    1.5972E+01    1.5121E+01    1.0359E+01   
 5.0670E+01    4.6176E+01    5.3923E+01    1.9722E+01    1.6051E+01    1.5524E+01    7.2949E+01    4.9623E+01    1.3876E+01    4.2849E+00    1.6013E+01    1.4877E+01    1.0289E+01   
 5.1775E+01    4.6167E+01    5.3896E+01    1.9680E+01    1.6149E+01    1.5641E+01    7.3038E+01    4.9669E+01    1.3868E+01    4.3053E+00    1.5911E+01    1.4865E+01    1.0289E+01   
 5.2863E+01    4.6150E+01    5.3871E+01    1.9624E+01    1.6163E+01    1.5727E+01    7.3053E+01    4.9757E+01    1.3859E+01    4.2849E+00    1.5890E+01    1.4841E+01    1.0253E+01   
 5.3984E+01    4.6147E+01    5.3872E+01    1.9636E+01    1.6094E+01    1.5835E+01    7.3113E+01    4.9842E+01    1.3861E+01    4.2849E+00    1.5951E+01    1.5072E+01    1.0253E+01   
 5.5072E+01    4.6165E+01    5.3881E+01    1.9692E+01    1.6092E+01    1.5835E+01    7.3151E+01    4.9954E+01    1.3862E+01    4.3257E+00    1.5931E+01    1.4963E+01    1.0324E+01   
 5.6161E+01    4.6171E+01    5.3885E+01    1.9723E+01    1.6175E+01    1.5934E+01    7.3212E+01    4.9974E+01    1.3867E+01    4.3053E+00    1.5992E+01    1.5328E+01    1.0324E+01   
 5.7252E+01    4.6142E+01    5.3880E+01    1.9684E+01    1.6160E+01    1.6006E+01    7.3247E+01    5.0025E+01    1.3910E+01    4.3664E+00    1.5992E+01    1.4987E+01    1.0324E+01   
 5.8334E+01    4.6129E+01    5.3870E+01    1.9676E+01    1.6114E+01    1.6099E+01    7.3298E+01    5.0085E+01    1.3930E+01    4.3257E+00    1.5992E+01    1.4963E+01    1.0289E+01   
 5.9416E+01    4.6154E+01    5.3884E+01    1.9691E+01    1.6150E+01    1.6149E+01    7.3307E+01    5.0136E+01    1.3961E+01    4.3257E+00    1.5972E+01    1.5206E+01    1.0394E+01   
 6.0508E+01    4.6142E+01    5.3886E+01    1.9841E+01    1.6219E+01    1.6212E+01    7.3329E+01    5.0192E+01    1.3985E+01    4.3664E+00    1.6053E+01    1.5401E+01    1.0359E+01   
 6.1601E+01    4.6173E+01    5.3902E+01    1.9807E+01    1.6258E+01    1.6286E+01    7.3344E+01    5.0253E+01    1.4020E+01    4.3664E+00    1.5931E+01    1.5121E+01    1.0218E+01   
 6.2697E+01    4.6203E+01    5.3927E+01    1.9738E+01    1.6275E+01    1.6327E+01    7.3322E+01    5.0275E+01    1.4062E+01    4.3460E+00    1.5992E+01    1.4902E+01    1.0289E+01   
 6.3792E+01    4.6183E+01    5.3950E+01    1.9695E+01    1.6303E+01    1.6396E+01    7.3288E+01    5.0306E+01    1.4109E+01    4.3664E+00    1.6033E+01    1.5097E+01    1.0253E+01   
 6.4882E+01    4.6183E+01    5.3942E+01    1.9711E+01    1.6252E+01    1.6456E+01    7.3298E+01    5.0351E+01    1.4145E+01    4.3664E+00    1.5951E+01    1.4914E+01    1.0289E+01   
# Time (s)      T1w (C)       T2w (C)       T1a (C)       T2a (C)       T1r (C)       T2r (C)       T3r (C)       T4r (C)       P1 (bar)      P2 (bar)      Pow (W/100)      Qc (l/min)    
 6.5969E+01    4.6176E+01    5.3948E+01    1.9668E+01    1.6291E+01    1.6519E+01    7.3318E+01    5.0334E+01    1.4158E+01    4.3664E+00    1.6094E+01    1.4926E+01    1.0324E+01   
 6.7058E+01    4.6158E+01    5.3956E+01    1.9695E+01    1.6271E+01    1.6531E+01    7.3320E+01    5.0395E+01    1.4196E+01    4.3664E+00    1.5972E+01    1.4938E+01    1.0253E+01   
 6.8147E+01    4.6152E+01    5.3920E+01    1.9668E+01    1.6268E+01    1.6582E+01    7.3317E+01    5.0381E+01    1.4226E+01    4.3868E+00    1.6094E+01    1.4938E+01    1.0359E+01   
 6.9235E+01    4.6132E+01    5.3914E+01    1.9691E+01    1.6237E+01    1.6620E+01    7.3338E+01    5.0442E+01    1.4275E+01    4.3868E+00    1.6053E+01    1.5036E+01    1.0324E+01   
 7.0322E+01    4.6119E+01    5.3945E+01    1.9667E+01    1.6273E+01    1.6640E+01    7.3337E+01    5.0449E+01    1.4278E+01    4.4275E+00    1.6074E+01    1.5206E+01    1.0253E+01   
 7.1410E+01    4.6114E+01    5.3948E+01    1.9689E+01    1.6331E+01    1.6659E+01    7.3331E+01    5.0455E+01    1.4276E+01    4.3868E+00    1.6053E+01    1.5158E+01    1.0253E+01   
 7.2499E+01    4.6130E+01    5.3967E+01    1.9680E+01    1.6310E+01    1.6700E+01    7.3298E+01    5.0435E+01    1.4331E+01    4.4275E+00    1.6033E+01    1.5353E+01    1.0289E+01   
 7.3588E+01    4.6144E+01    5.3991E+01    1.9759E+01    1.6366E+01    1.6721E+01    7.3298E+01    5.0465E+01    1.4346E+01    4.4071E+00    1.6094E+01    1.4938E+01    1.0324E+01   
 7.4683E+01    4.6138E+01    5.4003E+01    1.9749E+01    1.6352E+01    1.6760E+01    7.3283E+01    5.0474E+01    1.4365E+01    4.4275E+00    1.6135E+01    1.5145E+01    1.0359E+01   
 7.5779E+01    4.6162E+01    5.4002E+01    1.9937E+01    1.6472E+01    1.6763E+01    7.3300E+01    5.0479E+01    1.4403E+01    4.4071E+00    1.6196E+01    1.5304E+01    1.0289E+01   
 7.6874E+01    4.6153E+01    5.4011E+01    2.0031E+01    1.6436E+01    1.6821E+01    7.3305E+01    5.0480E+01    1.4461E+01    4.4071E+00    1.6094E+01    1.5158E+01    1.0324E+01   
 7.7963E+01    4.6152E+01    5.4015E+01    1.9875E+01    1.6436E+01    1.6818E+01    7.3319E+01    5.0468E+01    1.4476E+01    4.4071E+00    1.6155E+01    1.5474E+01    1.0253E+01   
 7.9054E+01    4.6140E+01    5.4008E+01    1.9818E+01    1.6448E+01    1.6818E+01    7.3330E+01    5.0523E+01    1.4533E+01    4.4275E+00    1.6033E+01    1.4975E+01    1.0289E+01   
 8.0148E+01    4.6138E+01    5.4031E+01    1.9818E+01    1.6482E+01    1.6797E+01    7.3332E+01    5.0517E+01    1.4561E+01    4.4275E+00    1.6135E+01    1.5523E+01    1.0324E+01   
 8.1292E+01    4.6119E+01    5.3999E+01    1.9765E+01    1.6411E+01    1.6801E+01    7.3320E+01    5.0533E+01    1.4639E+01    4.4275E+00    1.6176E+01    1.5499E+01    1.0359E+01   
 8.2371E+01    4.6120E+01    5.4009E+01    1.9712E+01    1.6417E+01    1.6722E+01    7.3290E+01    5.0545E+01    1.4664E+01    4.4275E+00    1.6176E+01    1.5474E+01    1.0289E+01   
 8.3449E+01    4.6120E+01    5.3993E+01    1.9777E+01    1.6401E+01    1.6680E+01    7.3259E+01    5.0570E+01    1.4716E+01    4.4275E+00    1.6053E+01    1.5072E+01    1.0429E+01   
 8.4524E+01    4.6125E+01    5.4007E+01    1.9693E+01    1.6509E+01    1.6593E+01    7.3210E+01    5.0589E+01    1.4770E+01    4.4479E+00    1.6053E+01    1.5011E+01    1.0324E+01   
 8.5623E+01    4.6118E+01    5.4010E+01    1.9696E+01    1.6481E+01    1.6452E+01    7.3167E+01    5.0612E+01    1.4809E+01    4.4479E+00    1.6135E+01    1.5011E+01    1.0253E+01   
 8.6712E+01    4.6115E+01    5.4018E+01    1.9737E+01    1.6437E+01    1.6299E+01    7.3127E+01    5.0632E+01    1.4842E+01    4.4479E+00    1.6074E+01    1.5231E+01    1.0359E+01   
 8.7798E+01    4.6128E+01    5.4034E+01    1.9769E+01    1.6548E+01    1.6176E+01    7.3066E+01    5.0668E+01    1.4875E+01    4.4683E+00    1.6176E+01    1.5072E+01    1.0289E+01   
 8.8893E+01    4.6117E+01    5.4042E+01    1.9769E+01    1.6560E+01    1.5893E+01    7.2983E+01    5.0681E+01    1.4912E+01    4.4683E+00    1.6216E+01    1.5085E+01    1.0218E+01   
 8.9989E+01    4.6140E+01    5.4059E+01    1.9783E+01    1.6597E+01    1.5429E+01    7.2953E+01    5.0700E+01    1.4953E+01    4.4886E+00    1.6135E+01    1.5158E+01    1.0253E+01   
 9.1071E+01    4.6120E+01    5.4053E+01    1.9912E+01    1.6617E+01    1.4921E+01    7.2960E+01    5.0695E+01    1.4965E+01    4.5090E+00    1.6094E+01    1.5353E+01    1.0289E+01   
 9.2157E+01    4.6139E+01    5.4089E+01    1.9804E+01    1.6591E+01    1.4708E+01    7.2964E+01    5.0686E+01    1.4953E+01    4.4683E+00    1.6094E+01    1.5523E+01    1.0324E+01   
 9.3244E+01    4.6144E+01    5.4102E+01    1.9785E+01    1.6665E+01    1.4338E+01    7.2959E+01    5.0686E+01    1.4941E+01    4.4886E+00    1.6278E+01    1.5036E+01    1.0324E+01   
 9.4326E+01    4.6165E+01    5.4137E+01    1.9780E+01    1.6670E+01    1.4023E+01    7.2969E+01    5.0648E+01    1.4925E+01    4.4886E+00    1.6114E+01    1.5060E+01    1.0289E+01   
 9.5415E+01    4.6184E+01    5.4190E+01    1.9818E+01    1.6704E+01    1.3923E+01    7.2989E+01    5.0614E+01    1.4914E+01    4.4683E+00    1.6216E+01    1.5109E+01    1.0359E+01   
 9.6503E+01    4.6187E+01    5.4207E+01    1.9880E+01    1.6743E+01    1.3703E+01    7.2983E+01    5.0543E+01    1.4877E+01    4.4683E+00    1.6216E+01    1.5474E+01    1.0324E+01   
 9.7591E+01    4.6162E+01    5.4206E+01    1.9867E+01    1.6718E+01    1.3495E+01    7.2934E+01    5.0523E+01    1.4828E+01    4.4275E+00    1.6094E+01    1.5560E+01    1.0218E+01   
# Time (s)      T1w (C)       T2w (C)       T1a (C)       T2a (C)       T1r (C)       T2r (C)       T3r (C)       T4r (C)       P1 (bar)      P2 (bar)      Pow (W/100)      Qc (l/min)    
 9.8679E+01    4.6154E+01    5.4225E+01    1.9833E+01    1.6646E+01    1.3336E+01    7.2909E+01    5.0425E+01    1.4789E+01    4.4479E+00    1.6278E+01    1.5596E+01    1.0359E+01   
 9.9768E+01    4.6165E+01    5.4232E+01    1.9797E+01    1.6637E+01    1.3273E+01    7.2881E+01    5.0305E+01    1.4738E+01    4.4275E+00    1.6196E+01    1.5572E+01    1.0324E+01   
 1.0086E+02    4.6141E+01    5.4242E+01    1.9790E+01    1.6576E+01    1.3140E+01    7.2830E+01    5.0246E+01    1.4677E+01    4.4275E+00    1.6278E+01    1.5243E+01    1.0253E+01   
 1.0194E+02    4.6146E+01    5.4273E+01    1.9839E+01    1.6521E+01    1.2995E+01    7.2843E+01    5.0175E+01    1.4613E+01    4.4071E+00    1.6237E+01    1.5109E+01    1.0289E+01   
 1.0303E+02    4.6143E+01    5.4292E+01    2.0015E+01    1.6525E+01    1.2893E+01    7.2877E+01    5.0056E+01    1.4584E+01    4.4275E+00    1.6237E+01    1.5121E+01    1.0253E+01   
 1.0412E+02    4.6161E+01    5.4302E+01    1.9882E+01    1.6547E+01    1.2856E+01    7.2943E+01    4.9941E+01    1.4525E+01    4.3868E+00    1.6339E+01    1.5072E+01    1.0253E+01   
 1.0521E+02    4.6173E+01    5.4313E+01    1.9861E+01    1.6481E+01    1.2740E+01    7.2908E+01    4.9880E+01    1.4447E+01    4.4071E+00    1.6176E+01    1.5182E+01    1.0289E+01   
 1.0630E+02    4.6177E+01    5.4326E+01    1.9768E+01    1.6467E+01    1.2633E+01    7.2899E+01    4.9755E+01    1.4365E+01    4.3868E+00    1.6237E+01    1.5060E+01    1.0289E+01   
 1.0740E+02    4.6180E+01    5.4331E+01    1.9765E+01    1.6422E+01    1.2569E+01    7.2908E+01    4.9631E+01    1.4364E+01    4.3868E+00    1.6298E+01    1.5085E+01    1.0289E+01   
 1.0849E+02    4.6181E+01    5.4340E+01    1.9783E+01    1.6452E+01    1.2536E+01    7.2884E+01    4.9496E+01    1.4284E+01    4.3664E+00    1.6298E+01    1.5292E+01    1.0359E+01   
 1.0958E+02    4.6186E+01    5.4331E+01    1.9822E+01    1.6380E+01    1.2474E+01    7.2930E+01    4.9453E+01    1.4206E+01    4.3868E+00    1.6216E+01    1.5560E+01    1.0289E+01   
 1.1066E+02    4.6174E+01    5.4314E+01    1.9867E+01    1.6288E+01    1.2420E+01    7.2963E+01    4.9292E+01    1.4101E+01    4.3664E+00    1.6339E+01    1.5060E+01    1.0324E+01   
 1.1177E+02    4.6160E+01    5.4305E+01    1.9818E+01    1.6285E+01    1.2394E+01    7.2997E+01    4.9165E+01    1.4064E+01    4.3664E+00    1.6196E+01    1.5365E+01    1.0324E+01   
 1.1290E+02    4.6129E+01    5.4297E+01    1.9767E+01    1.6153E+01    1.2402E+01    7.3040E+01    4.9068E+01    1.3985E+01    4.3257E+00    1.6257E+01    1.5487E+01    1.0394E+01   
 1.1400E+02    4.6123E+01    5.4280E+01    1.9757E+01    1.6102E+01    1.2402E+01    7.3080E+01    4.8981E+01    1.3908E+01    4.3257E+00    1.6237E+01    1.5048E+01    1.0324E+01   
 1.1510E+02    4.6138E+01    5.4281E+01    1.9766E+01    1.6086E+01    1.2450E+01    7.3108E+01    4.8842E+01    1.3827E+01    4.3257E+00    1.6216E+01    1.5535E+01    1.0253E+01   
 1.1618E+02    4.6156E+01    5.4308E+01    1.9826E+01    1.6024E+01    1.2483E+01    7.3144E+01    4.8729E+01    1.3788E+01    4.3053E+00    1.6196E+01    1.5036E+01    1.0289E+01   
 1.1726E+02    4.6147E+01    5.4294E+01    1.9789E+01    1.5937E+01    1.2592E+01    7.3190E+01    4.8624E+01    1.3698E+01    4.2849E+00    1.6318E+01    1.5523E+01    1.0289E+01   
 1.1835E+02    4.6146E+01    5.4282E+01    1.9762E+01    1.5922E+01    1.2727E+01    7.3182E+01    4.8572E+01    1.3655E+01    4.2849E+00    1.6114E+01    1.5182E+01    1.0324E+01   
 1.1942E+02    4.6139E+01    5.4281E+01    1.9986E+01    1.5949E+01    1.2886E+01    7.3243E+01    4.8523E+01    1.3648E+01    4.2645E+00    1.6318E+01    1.5499E+01    1.0253E+01   
 1.2051E+02    4.6117E+01    5.4247E+01    1.9828E+01    1.5902E+01    1.2973E+01    7.3278E+01    4.8483E+01    1.3573E+01    4.2442E+00    1.6176E+01    1.5328E+01    1.0253E+01   
 1.2159E+02    4.6128E+01    5.4246E+01    1.9824E+01    1.5927E+01    1.3104E+01    7.3253E+01    4.8438E+01    1.3509E+01    4.2442E+00    1.6176E+01    1.5206E+01    1.0289E+01   
 1.2268E+02    4.6112E+01    5.4207E+01    1.9796E+01    1.5863E+01    1.3264E+01    7.3261E+01    4.8434E+01    1.3443E+01    4.2034E+00    1.6216E+01    1.4963E+01    1.0359E+01   
 1.2377E+02    4.6114E+01    5.4188E+01    1.9841E+01    1.5915E+01    1.3451E+01    7.3273E+01    4.8450E+01    1.3430E+01    4.2238E+00    1.6094E+01    1.4938E+01    1.0253E+01   
 1.2486E+02    4.6111E+01    5.4169E+01    1.9798E+01    1.5891E+01    1.3528E+01    7.3285E+01    4.8469E+01    1.3410E+01    4.2238E+00    1.6216E+01    1.5243E+01    1.0253E+01   
 1.2595E+02    4.6125E+01    5.4138E+01    1.9796E+01    1.5771E+01    1.3736E+01    7.3331E+01    4.8482E+01    1.3414E+01    4.2238E+00    1.6074E+01    1.5365E+01    1.0289E+01   
 1.2704E+02    4.6115E+01    5.4099E+01    1.9764E+01    1.5826E+01    1.3912E+01    7.3343E+01    4.8545E+01    1.3440E+01    4.2238E+00    1.6074E+01    1.5279E+01    1.0289E+01   
 1.2812E+02    4.6111E+01    5.4054E+01    1.9754E+01    1.5924E+01    1.3962E+01    7.3372E+01    4.8595E+01    1.3422E+01    4.2238E+00    1.6094E+01    1.4890E+01    1.0289E+01   
 1.2921E+02    4.6138E+01    5.4038E+01    1.9785E+01    1.5932E+01    1.4164E+01    7.3457E+01    4.8686E+01    1.3458E+01    4.2442E+00    1.6013E+01    1.4902E+01    1.0289E+01   
 1.3030E+02    4.6139E+01    5.4028E+01    1.9780E+01    1.5892E+01    1.4325E+01    7.3442E+01    4.8738E+01    1.3471E+01    4.2238E+00    1.6094E+01    1.4950E+01    1.0324E+01   
# Time (s)      T1w (C)       T2w (C)       T1a (C)       T2a (C)       T1r (C)       T2r (C)       T3r (C)       T4r (C)       P1 (bar)      P2 (bar)      Pow (W/100)      Qc (l/min)    
 1.3139E+02    4.6132E+01    5.3994E+01    1.9719E+01    1.5932E+01    1.4479E+01    7.3403E+01    4.8837E+01    1.3515E+01    4.2645E+00    1.6053E+01    1.5255E+01    1.0324E+01   
 1.3248E+02    4.6142E+01    5.3981E+01    1.9726E+01    1.5873E+01    1.4568E+01    7.3398E+01    4.8969E+01    1.3535E+01    4.2442E+00    1.6176E+01    1.5011E+01    1.0253E+01   
 1.3357E+02    4.6133E+01    5.3951E+01    1.9687E+01    1.5979E+01    1.4712E+01    7.3378E+01    4.9011E+01    1.3553E+01    4.2645E+00    1.6053E+01    1.5279E+01    1.0324E+01   
 1.3466E+02    4.6124E+01    5.3943E+01    1.9692E+01    1.5956E+01    1.4859E+01    7.3397E+01    4.9117E+01    1.3562E+01    4.2645E+00    1.6094E+01    1.5316E+01    1.0324E+01   
 1.3575E+02    4.6133E+01    5.3935E+01    1.9720E+01    1.5943E+01    1.4984E+01    7.3443E+01    4.9231E+01    1.3575E+01    4.2442E+00    1.6135E+01    1.5340E+01    1.0289E+01   
 1.3684E+02    4.6135E+01    5.3925E+01    1.9686E+01    1.5947E+01    1.5062E+01    7.3459E+01    4.9353E+01    1.3598E+01    4.2645E+00    1.6033E+01    1.4914E+01    1.0289E+01   
 1.3792E+02    4.6126E+01    5.3927E+01    1.9670E+01    1.5962E+01    1.5188E+01    7.3521E+01    4.9418E+01    1.3656E+01    4.2645E+00    1.6033E+01    1.5121E+01    1.0253E+01   
 1.3901E+02    4.6140E+01    5.3926E+01    1.9783E+01    1.5972E+01    1.5308E+01    7.3534E+01    4.9534E+01    1.3709E+01    4.2849E+00    1.5992E+01    1.5194E+01    1.0253E+01   
 1.4009E+02    4.6155E+01    5.3915E+01    1.9890E+01    1.5976E+01    1.5416E+01    7.3552E+01    4.9651E+01    1.3726E+01    4.2849E+00    1.6013E+01    1.5365E+01    1.0359E+01   
 1.4118E+02    4.6141E+01    5.3910E+01    2.0063E+01    1.6054E+01    1.5469E+01    7.3593E+01    4.9715E+01    1.3757E+01    4.3053E+00    1.6135E+01    1.4877E+01    1.0324E+01   
 1.4227E+02    4.6146E+01    5.3916E+01    1.9924E+01    1.6069E+01    1.5582E+01    7.3608E+01    4.9771E+01    1.3759E+01    4.2849E+00    1.6074E+01    1.5011E+01    1.0324E+01   
 1.4336E+02    4.6147E+01    5.3895E+01    1.9718E+01    1.6071E+01    1.5715E+01    7.3646E+01    4.9890E+01    1.3793E+01    4.2849E+00    1.6074E+01    1.5133E+01    1.0324E+01   
 1.4445E+02    4.6146E+01    5.3891E+01    1.9654E+01    1.6121E+01    1.5779E+01    7.3610E+01    4.9994E+01    1.3800E+01    4.3053E+00    1.6094E+01    1.5353E+01    1.0324E+01   
 1.4553E+02    4.6144E+01    5.3895E+01    1.9652E+01    1.6071E+01    1.5877E+01    7.3589E+01    5.0034E+01    1.3811E+01    4.3257E+00    1.5972E+01    1.5316E+01    1.0253E+01   
 1.4662E+02    4.6139E+01    5.3901E+01    1.9778E+01    1.6196E+01    1.5931E+01    7.3596E+01    5.0112E+01    1.3830E+01    4.3257E+00    1.6094E+01    1.4999E+01    1.0289E+01   
 1.4771E+02    4.6146E+01    5.3903E+01    1.9820E+01    1.6181E+01    1.6023E+01    7.3601E+01    5.0169E+01    1.3864E+01    4.3257E+00    1.5972E+01    1.4950E+01    1.0289E+01   
 1.4885E+02    4.6159E+01    5.3933E+01    1.9681E+01    1.6194E+01    1.6076E+01    7.3583E+01    5.0246E+01    1.3888E+01    4.3460E+00    1.6135E+01    1.5353E+01    1.0289E+01   
 1.4995E+02    4.6177E+01    5.3959E+01    1.9697E+01    1.6207E+01    1.6175E+01    7.3533E+01    5.0334E+01    1.3930E+01    4.3257E+00    1.6135E+01    1.5438E+01    1.0359E+01   
 1.5107E+02    4.6175E+01    5.3976E+01    1.9683E+01    1.6223E+01    1.6236E+01    7.3508E+01    5.0327E+01    1.3977E+01    4.3460E+00    1.6074E+01    1.5011E+01    1.0218E+01   
 1.5215E+02    4.6169E+01    5.4003E+01    1.9665E+01    1.6215E+01    1.6329E+01    7.3455E+01    5.0391E+01    1.4023E+01    4.3460E+00    1.6114E+01    1.4987E+01    1.0289E+01   
 1.5323E+02    4.6159E+01    5.3982E+01    1.9613E+01    1.6248E+01    1.6366E+01    7.3411E+01    5.0424E+01    1.4027E+01    4.3664E+00    1.6114E+01    1.4975E+01    1.0359E+01   
 1.5431E+02    4.6168E+01    5.3983E+01    1.9624E+01    1.6232E+01    1.6423E+01    7.3330E+01    5.0443E+01    1.4068E+01    4.3664E+00    1.6094E+01    1.5243E+01    1.0289E+01   
 1.5541E+02    4.6168E+01    5.3997E+01    1.9674E+01    1.6281E+01    1.6471E+01    7.3284E+01    5.0462E+01    1.4077E+01    4.3664E+00    1.6074E+01    1.5438E+01    1.0359E+01   
 1.5650E+02    4.6184E+01    5.3999E+01    1.9679E+01    1.6281E+01    1.6531E+01    7.3282E+01    5.0497E+01    1.4116E+01    4.4071E+00    1.6074E+01    1.5292E+01    1.0359E+01   
 1.5758E+02    4.6166E+01    5.4007E+01    1.9755E+01    1.6173E+01    1.6565E+01    7.3334E+01    5.0563E+01    1.4161E+01    4.3664E+00    1.6074E+01    1.5231E+01    1.0359E+01   
 1.5867E+02    4.6172E+01    5.4025E+01    1.9770E+01    1.6249E+01    1.6612E+01    7.3379E+01    5.0557E+01    1.4224E+01    4.4071E+00    1.6074E+01    1.5048E+01    1.0289E+01   
 1.5976E+02    4.6175E+01    5.4019E+01    1.9710E+01    1.6213E+01    1.6662E+01    7.3386E+01    5.0589E+01    1.4261E+01    4.3664E+00    1.6176E+01    1.4963E+01    1.0289E+01   
 1.6085E+02    4.6154E+01    5.4021E+01    1.9663E+01    1.6278E+01    1.6702E+01    7.3339E+01    5.0577E+01    1.4254E+01    4.3868E+00    1.6013E+01    1.4987E+01    1.0289E+01   
 1.6194E+02    4.6143E+01    5.4010E+01    1.9645E+01    1.6251E+01    1.6726E+01    7.3337E+01    5.0594E+01    1.4295E+01    4.4071E+00    1.6033E+01    1.5450E+01    1.0289E+01   
 1.6302E+02    4.6126E+01    5.4008E+01    1.9656E+01    1.6298E+01    1.6759E+01    7.3347E+01    5.0609E+01    1.4337E+01    4.3868E+00    1.6155E+01    1.5011E+01    1.0253E+01   
# Time (s)      T1w (C)       T2w (C)       T1a (C)       T2a (C)       T1r (C)       T2r (C)       T3r (C)       T4r (C)       P1 (bar)      P2 (bar)      Pow (W/100)      Qc (l/min)    
 1.6411E+02    4.6140E+01    5.4034E+01    1.9629E+01    1.6349E+01    1.6799E+01    7.3351E+01    5.0623E+01    1.4361E+01    4.4071E+00    1.6237E+01    1.5255E+01    1.0324E+01   
 1.6519E+02    4.6152E+01    5.4055E+01    1.9684E+01    1.6393E+01    1.6827E+01    7.3327E+01    5.0676E+01    1.4398E+01    4.4071E+00    1.6094E+01    1.5109E+01    1.0289E+01   
 1.6627E+02    4.6165E+01    5.4057E+01    1.9665E+01    1.6309E+01    1.6838E+01    7.3277E+01    5.0651E+01    1.4398E+01    4.4071E+00    1.6176E+01    1.5194E+01    1.0253E+01   
 1.6736E+02    4.6161E+01    5.4079E+01    1.9664E+01    1.6388E+01    1.6889E+01    7.3280E+01    5.0676E+01    1.4451E+01    4.4275E+00    1.6114E+01    1.5462E+01    1.0253E+01   
 1.6845E+02    4.6160E+01    5.4079E+01    1.9804E+01    1.6375E+01    1.6901E+01    7.3297E+01    5.0676E+01    1.4487E+01    4.4275E+00    1.6094E+01    1.5316E+01    1.0289E+01   
 1.6954E+02    4.6175E+01    5.4086E+01    1.9693E+01    1.6501E+01    1.6888E+01    7.3259E+01    5.0688E+01    1.4515E+01    4.4479E+00    1.6176E+01    1.5109E+01    1.0253E+01   
 1.7063E+02    4.6165E+01    5.4096E+01    1.9723E+01    1.6501E+01    1.6917E+01    7.3215E+01    5.0712E+01    1.4554E+01    4.4479E+00    1.6074E+01    1.5060E+01    1.0289E+01   
 1.7172E+02    4.6179E+01    5.4092E+01    1.9694E+01    1.6453E+01    1.6902E+01    7.3218E+01    5.0700E+01    1.4592E+01    4.4479E+00    1.6257E+01    1.4999E+01    1.0359E+01   
 1.7280E+02    4.6182E+01    5.4113E+01    1.9791E+01    1.6523E+01    1.6896E+01    7.3209E+01    5.0675E+01    1.4611E+01    4.4275E+00    1.6074E+01    1.5474E+01    1.0289E+01   
 1.7390E+02    4.6172E+01    5.4115E+01    1.9745E+01    1.6539E+01    1.6884E+01    7.3268E+01    5.0718E+01    1.4648E+01    4.4683E+00    1.6196E+01    1.5523E+01    1.0289E+01   
 1.7499E+02    4.6192E+01    5.4116E+01    1.9747E+01    1.6566E+01    1.6840E+01    7.3267E+01    5.0700E+01    1.4682E+01    4.4479E+00    1.6074E+01    1.5036E+01    1.0218E+01   
 1.7608E+02    4.6186E+01    5.4113E+01    1.9760E+01    1.6565E+01    1.6756E+01    7.3288E+01    5.0710E+01    1.4708E+01    4.4479E+00    1.6237E+01    1.5182E+01    1.0324E+01   
 1.7717E+02    4.6192E+01    5.4127E+01    1.9742E+01    1.6613E+01    1.6698E+01    7.3303E+01    5.0686E+01    1.4696E+01    4.4479E+00    1.6135E+01    1.5511E+01    1.0359E+01   
 1.7826E+02    4.6199E+01    5.4117E+01    1.9728E+01    1.6518E+01    1.6586E+01    7.3268E+01    5.0711E+01    1.4731E+01    4.4479E+00    1.6216E+01    1.5548E+01    1.0324E+01   
 1.7935E+02    4.6181E+01    5.4125E+01    1.9749E+01    1.6572E+01    1.6495E+01    7.3281E+01    5.0735E+01    1.4773E+01    4.4683E+00    1.6155E+01    1.5548E+01    1.0289E+01   
 1.8044E+02    4.6185E+01    5.4124E+01    1.9777E+01    1.6597E+01    1.6347E+01    7.3213E+01    5.0768E+01    1.4809E+01    4.4683E+00    1.6155E+01    1.5072E+01    1.0324E+01   
 1.8153E+02    4.6199E+01    5.4141E+01    1.9825E+01    1.6605E+01    1.6231E+01    7.3210E+01    5.0755E+01    1.4801E+01    4.4683E+00    1.6155E+01    1.5243E+01    1.0289E+01   
 1.8265E+02    4.6189E+01    5.4150E+01    1.9779E+01    1.6664E+01    1.6002E+01    7.3246E+01    5.0754E+01    1.4839E+01    4.4886E+00    1.6176E+01    1.5145E+01    1.0324E+01   
 1.8375E+02    4.6195E+01    5.4154E+01    1.9766E+01    1.6590E+01    1.5719E+01    7.3249E+01    5.0751E+01    1.4851E+01    4.4886E+00    1.6155E+01    1.5072E+01    1.0253E+01   
 1.8486E+02    4.6203E+01    5.4158E+01    1.9754E+01    1.6680E+01    1.5383E+01    7.3211E+01    5.0769E+01    1.4868E+01    4.5090E+00    1.6278E+01    1.5085E+01    1.0289E+01   
 1.8595E+02    4.6195E+01    5.4181E+01    1.9775E+01    1.6650E+01    1.5179E+01    7.3163E+01    5.0755E+01    1.4880E+01    4.5090E+00    1.6155E+01    1.5097E+01    1.0253E+01   
 1.8704E+02    4.6210E+01    5.4196E+01    1.9891E+01    1.6637E+01    1.4705E+01    7.3077E+01    5.0752E+01    1.4877E+01    4.4683E+00    1.6278E+01    1.5109E+01    1.0253E+01   
 1.8812E+02    4.6161E+01    5.4167E+01    1.9858E+01    1.6580E+01    1.4312E+01    7.3035E+01    5.0735E+01    1.4858E+01    4.4886E+00    1.6278E+01    1.5158E+01    1.0218E+01   
 1.8920E+02    4.6148E+01    5.4188E+01    1.9929E+01    1.6587E+01    1.4007E+01    7.2940E+01    5.0725E+01    1.4863E+01    4.4886E+00    1.6176E+01    1.5109E+01    1.0324E+01   
 1.9029E+02    4.6120E+01    5.4184E+01    1.9811E+01    1.6618E+01    1.3854E+01    7.2904E+01    5.0685E+01    1.4841E+01    4.5294E+00    1.6237E+01    1.5085E+01    1.0324E+01   
 1.9138E+02    4.6120E+01    5.4211E+01    1.9777E+01    1.6598E+01    1.3656E+01    7.2946E+01    5.0660E+01    1.4822E+01    4.4683E+00    1.6318E+01    1.5316E+01    1.0253E+01   
 1.9247E+02    4.6132E+01    5.4234E+01    1.9725E+01    1.6572E+01    1.3463E+01    7.2985E+01    5.0612E+01    1.4770E+01    4.4886E+00    1.6216E+01    1.5560E+01    1.0218E+01   
 1.9356E+02    4.6139E+01    5.4235E+01    1.9718E+01    1.6549E+01    1.3382E+01    7.3005E+01    5.0512E+01    1.4747E+01    4.4479E+00    1.6380E+01    1.5621E+01    1.0253E+01   
 1.9465E+02    4.6152E+01    5.4260E+01    1.9739E+01    1.6551E+01    1.3232E+01    7.2993E+01    5.0439E+01    1.4691E+01    4.4479E+00    1.6257E+01    1.5219E+01    1.0324E+01   
 1.9574E+02    4.6138E+01    5.4284E+01    1.9923E+01    1.6538E+01    1.3078E+01    7.2972E+01    5.0393E+01    1.4608E+01    4.4275E+00    1.6298E+01    1.5121E+01    1.0289E+01   
# Time (s)      T1w (C)       T2w (C)       T1a (C)       T2a (C)       T1r (C)       T2r (C)       T3r (C)       T4r (C)       P1 (bar)      P2 (bar)      Pow (W/100)      Qc (l/min)    
 1.9683E+02    4.6137E+01    5.4300E+01    2.0087E+01    1.6595E+01    1.2963E+01    7.2984E+01    5.0312E+01    1.4578E+01    4.3868E+00    1.6278E+01    1.5133E+01    1.0359E+01   
 1.9792E+02    4.6140E+01    5.4314E+01    1.9851E+01    1.6568E+01    1.2922E+01    7.2944E+01    5.0207E+01    1.4554E+01    4.4071E+00    1.6339E+01    1.5170E+01    1.0324E+01   
 1.9901E+02    4.6133E+01    5.4324E+01    1.9762E+01    1.6456E+01    1.2834E+01    7.2909E+01    5.0075E+01    1.4506E+01    4.3868E+00    1.6298E+01    1.5377E+01    1.0359E+01   
 2.0010E+02    4.6162E+01    5.4324E+01    1.9739E+01    1.6401E+01    1.2740E+01    7.2904E+01    5.0028E+01    1.4428E+01    4.4071E+00    1.6298E+01    1.5596E+01    1.0253E+01   
 2.0118E+02    4.6169E+01    5.4333E+01    1.9723E+01    1.6321E+01    1.2662E+01    7.2894E+01    4.9908E+01    1.4409E+01    4.4071E+00    1.6420E+01    1.5474E+01    1.0324E+01   
 2.0227E+02    4.6192E+01    5.4364E+01    1.9748E+01    1.6451E+01    1.2614E+01    7.2903E+01    4.9779E+01    1.4345E+01    4.3868E+00    1.6278E+01    1.5426E+01    1.0324E+01   
 2.0336E+02    4.6197E+01    5.4362E+01    1.9751E+01    1.6398E+01    1.2554E+01    7.2938E+01    4.9672E+01    1.4285E+01    4.3868E+00    1.6380E+01    1.5255E+01    1.0394E+01   
 2.0445E+02    4.6220E+01    5.4388E+01    1.9772E+01    1.6398E+01    1.2464E+01    7.2974E+01    4.9598E+01    1.4191E+01    4.3868E+00    1.6237E+01    1.5072E+01    1.0289E+01   
 2.0554E+02    4.6214E+01    5.4386E+01    1.9818E+01    1.6328E+01    1.2399E+01    7.3075E+01    4.9450E+01    1.4136E+01    4.3868E+00    1.6318E+01    1.5072E+01    1.0253E+01   
 2.0662E+02    4.6223E+01    5.4379E+01    1.9832E+01    1.6262E+01    1.2383E+01    7.3145E+01    4.9315E+01    1.4064E+01    4.3664E+00    1.6298E+01    1.5085E+01    1.0324E+01   
 2.0771E+02    4.6230E+01    5.4379E+01    1.9841E+01    1.6194E+01    1.2392E+01    7.3178E+01    4.9246E+01    1.3983E+01    4.3664E+00    1.6216E+01    1.5133E+01    1.0253E+01   
 2.0880E+02    4.6219E+01    5.4383E+01    1.9841E+01    1.6167E+01    1.2448E+01    7.3233E+01    4.9152E+01    1.3896E+01    4.3460E+00    1.6400E+01    1.5060E+01    1.0253E+01   
 2.0989E+02    4.6217E+01    5.4382E+01    1.9797E+01    1.6165E+01    1.2513E+01    7.3265E+01    4.9031E+01    1.3865E+01    4.3460E+00    1.6257E+01    1.5560E+01    1.0289E+01   
 2.1098E+02    4.6200E+01    5.4381E+01    1.9814E+01    1.6079E+01    1.2632E+01    7.3295E+01    4.8907E+01    1.3830E+01    4.3257E+00    1.6257E+01    1.5048E+01    1.0289E+01   
 2.1206E+02    4.6185E+01    5.4342E+01    1.9789E+01    1.5987E+01    1.2774E+01    7.3324E+01    4.8837E+01    1.3774E+01    4.3257E+00    1.6400E+01    1.5036E+01    1.0359E+01   
 2.1315E+02    4.6199E+01    5.4351E+01    1.9960E+01    1.5940E+01    1.2931E+01    7.3382E+01    4.8775E+01    1.3692E+01    4.3053E+00    1.6257E+01    1.5206E+01    1.0324E+01   
 2.1424E+02    4.6193E+01    5.4327E+01    1.9994E+01    1.5925E+01    1.3005E+01    7.3432E+01    4.8700E+01    1.3665E+01    4.3053E+00    1.6359E+01    1.5401E+01    1.0253E+01   
 2.1533E+02    4.6238E+01    5.4342E+01    2.0010E+01    1.5918E+01    1.3163E+01    7.3473E+01    4.8686E+01    1.3584E+01    4.2849E+00    1.6298E+01    1.5158E+01    1.0324E+01   
 2.1645E+02    4.6236E+01    5.4327E+01    2.0124E+01    1.5950E+01    1.3357E+01    7.3492E+01    4.8668E+01    1.3560E+01    4.2645E+00    1.6216E+01    1.5194E+01    1.0289E+01   
 2.1755E+02    4.6237E+01    5.4313E+01    2.0108E+01    1.5918E+01    1.3525E+01    7.3531E+01    4.8668E+01    1.3526E+01    4.2849E+00    1.6196E+01    1.5145E+01    1.0324E+01   
 2.1866E+02    4.6215E+01    5.4259E+01    1.9974E+01    1.5876E+01    1.3615E+01    7.3569E+01    4.8664E+01    1.3515E+01    4.2645E+00    1.6278E+01    1.5243E+01    1.0359E+01   
 2.1975E+02    4.6230E+01    5.4228E+01    1.9930E+01    1.5824E+01    1.3787E+01    7.3597E+01    4.8708E+01    1.3488E+01    4.2442E+00    1.6135E+01    1.5377E+01    1.0289E+01   
 2.2084E+02    4.6217E+01    5.4227E+01    1.9862E+01    1.5817E+01    1.3948E+01    7.3569E+01    4.8710E+01    1.3439E+01    4.2442E+00    1.6135E+01    1.5401E+01    1.0253E+01   
 2.2193E+02    4.6204E+01    5.4176E+01    1.9778E+01    1.5820E+01    1.4101E+01    7.3568E+01    4.8785E+01    1.3463E+01    4.2238E+00    1.6155E+01    1.5267E+01    1.0394E+01   
 2.2301E+02    4.6210E+01    5.4154E+01    1.9784E+01    1.5865E+01    1.4173E+01    7.3541E+01    4.8852E+01    1.3449E+01    4.2238E+00    1.6033E+01    1.5353E+01    1.0218E+01   
 2.2410E+02    4.6229E+01    5.4136E+01    1.9758E+01    1.5860E+01    1.4312E+01    7.3551E+01    4.8948E+01    1.3462E+01    4.2442E+00    1.6114E+01    1.5194E+01    1.0289E+01   
 2.2519E+02    4.6216E+01    5.4123E+01    1.9776E+01    1.5886E+01    1.4460E+01    7.3547E+01    4.8992E+01    1.3494E+01    4.2442E+00    1.6074E+01    1.5133E+01    1.0289E+01   
 2.2628E+02    4.6251E+01    5.4117E+01    1.9747E+01    1.6013E+01    1.4512E+01    7.3531E+01    4.9028E+01    1.3490E+01    4.2442E+00    1.6155E+01    1.4963E+01    1.0324E+01   
 2.2736E+02    4.6209E+01    5.4092E+01    1.9711E+01    1.5991E+01    1.4668E+01    7.3507E+01    4.9154E+01    1.3511E+01    4.2645E+00    1.6094E+01    1.4938E+01    1.0359E+01   
 2.2845E+02    4.6219E+01    5.4076E+01    1.9707E+01    1.5941E+01    1.4799E+01    7.3505E+01    4.9226E+01    1.3545E+01    4.2442E+00    1.6033E+01    1.5072E+01    1.0324E+01   
# Time (s)      T1w (C)       T2w (C)       T1a (C)       T2a (C)       T1r (C)       T2r (C)       T3r (C)       T4r (C)       P1 (bar)      P2 (bar)      Pow (W/100)      Qc (l/min)    
 2.2954E+02    4.6219E+01    5.4073E+01    1.9676E+01    1.6012E+01    1.4926E+01    7.3496E+01    4.9323E+01    1.3579E+01    4.2442E+00    1.6114E+01    1.5158E+01    1.0289E+01   
 2.3063E+02    4.6244E+01    5.4054E+01    1.9734E+01    1.6015E+01    1.4984E+01    7.3505E+01    4.9456E+01    1.3589E+01    4.2645E+00    1.5992E+01    1.5365E+01    1.0289E+01   
 2.3172E+02    4.6225E+01    5.4050E+01    1.9773E+01    1.5983E+01    1.5103E+01    7.3531E+01    4.9555E+01    1.3649E+01    4.2849E+00    1.6155E+01    1.5255E+01    1.0324E+01   
 2.3280E+02    4.6233E+01    5.4051E+01    1.9767E+01    1.6106E+01    1.5224E+01    7.3541E+01    4.9609E+01    1.3688E+01    4.2645E+00    1.6074E+01    1.5011E+01    1.0289E+01   
 2.3389E+02    4.6233E+01    5.4044E+01    1.9757E+01    1.6008E+01    1.5340E+01    7.3538E+01    4.9723E+01    1.3722E+01    4.2849E+00    1.6155E+01    1.4999E+01    1.0218E+01   
 2.3498E+02    4.6248E+01    5.4045E+01    1.9852E+01    1.6133E+01    1.5385E+01    7.3586E+01    4.9816E+01    1.3715E+01    4.2849E+00    1.6094E+01    1.4926E+01    1.0289E+01   
 2.3607E+02    4.6242E+01    5.4018E+01    1.9935E+01    1.6101E+01    1.5494E+01    7.3612E+01    4.9949E+01    1.3727E+01    4.3257E+00    1.5992E+01    1.4950E+01    1.0289E+01   
 2.3716E+02    4.6232E+01    5.4022E+01    1.9829E+01    1.6150E+01    1.5606E+01    7.3611E+01    4.9976E+01    1.3761E+01    4.3257E+00    1.6094E+01    1.5182E+01    1.0253E+01   
 2.3824E+02    4.6237E+01    5.4032E+01    1.9819E+01    1.6193E+01    1.5639E+01    7.3595E+01    5.0069E+01    1.3777E+01    4.2849E+00    1.6053E+01    1.5206E+01    1.0253E+01   
 2.3933E+02    4.6237E+01    5.4034E+01    1.9833E+01    1.6236E+01    1.5751E+01    7.3579E+01    5.0125E+01    1.3778E+01    4.3053E+00    1.6155E+01    1.5401E+01    1.0289E+01   
 2.4042E+02    4.6238E+01    5.4032E+01    1.9852E+01    1.6208E+01    1.5843E+01    7.3594E+01    5.0161E+01    1.3815E+01    4.3053E+00    1.6053E+01    1.5121E+01    1.0324E+01   
 2.4152E+02    4.6235E+01    5.4032E+01    1.9819E+01    1.6220E+01    1.5957E+01    7.3625E+01    5.0262E+01    1.3863E+01    4.3460E+00    1.6216E+01    1.5072E+01    1.0253E+01   
 2.4260E+02    4.6250E+01    5.4028E+01    1.9769E+01    1.6216E+01    1.5991E+01    7.3582E+01    5.0315E+01    1.3888E+01    4.3053E+00    1.6074E+01    1.5048E+01    1.0394E+01   
 2.4371E+02    4.6258E+01    5.4046E+01    1.9779E+01    1.6342E+01    1.6088E+01    7.3533E+01    5.0400E+01    1.3923E+01    4.3460E+00    1.5992E+01    1.4938E+01    1.0324E+01   
 2.4480E+02    4.6262E+01    5.4046E+01    1.9719E+01    1.6320E+01    1.6166E+01    7.3504E+01    5.0419E+01    1.3966E+01    4.3460E+00    1.6114E+01    1.4999E+01    1.0359E+01   
 2.4588E+02    4.6275E+01    5.4056E+01    1.9763E+01    1.6374E+01    1.6257E+01    7.3497E+01    5.0475E+01    1.3992E+01    4.3460E+00    1.6074E+01    1.5231E+01    1.0324E+01   
 2.4697E+02    4.6271E+01    5.4055E+01    1.9850E+01    1.6308E+01    1.6293E+01    7.3506E+01    5.0536E+01    1.4028E+01    4.3868E+00    1.6074E+01    1.5036E+01    1.0324E+01   
 2.4809E+02    4.6256E+01    5.4037E+01    1.9739E+01    1.6149E+01    1.6369E+01    7.3496E+01    5.0594E+01    1.4074E+01    4.3868E+00    1.6074E+01    1.5450E+01    1.0253E+01   
 2.4919E+02    4.6249E+01    5.4036E+01    1.9733E+01    1.6335E+01    1.6442E+01    7.3531E+01    5.0595E+01    1.4117E+01    4.3664E+00    1.6176E+01    1.5060E+01    1.0359E+01   
 2.5030E+02    4.6256E+01    5.4042E+01    1.9707E+01    1.6316E+01    1.6489E+01    7.3591E+01    5.0612E+01    1.4175E+01    4.3868E+00    1.6114E+01    1.5109E+01    1.0289E+01   
 2.5138E+02    4.6241E+01    5.4057E+01    1.9662E+01    1.6412E+01    1.6521E+01    7.3576E+01    5.0618E+01    1.4189E+01    4.3868E+00    1.6094E+01    1.5462E+01    1.0324E+01   
 2.5248E+02    4.6244E+01    5.4057E+01    1.9677E+01    1.6319E+01    1.6607E+01    7.3552E+01    5.0650E+01    1.4235E+01    4.3664E+00    1.6013E+01    1.5121E+01    1.0289E+01   
 2.5355E+02    4.6257E+01    5.4057E+01    1.9664E+01    1.6296E+01    1.6676E+01    7.3551E+01    5.0665E+01    1.4279E+01    4.4071E+00    1.6094E+01    1.5474E+01    1.0324E+01   
 2.5462E+02    4.6250E+01    5.4067E+01    1.9696E+01    1.6358E+01    1.6731E+01    7.3501E+01    5.0678E+01    1.4334E+01    4.4071E+00    1.6094E+01    1.5243E+01    1.0289E+01   
 2.5571E+02    4.6256E+01    5.4076E+01    1.9810E+01    1.6354E+01    1.6752E+01    7.3521E+01    5.0695E+01    1.4338E+01    4.4071E+00    1.6033E+01    1.5426E+01    1.0324E+01   
 2.5679E+02    4.6266E+01    5.4084E+01    1.9796E+01    1.6431E+01    1.6810E+01    7.3535E+01    5.0711E+01    1.4394E+01    4.3868E+00    1.6135E+01    1.5438E+01    1.0289E+01   
 2.5788E+02    4.6262E+01    5.4093E+01    1.9784E+01    1.6422E+01    1.6843E+01    7.3541E+01    5.0741E+01    1.4451E+01    4.4275E+00    1.6074E+01    1.5267E+01    1.0359E+01   
 2.5897E+02    4.6259E+01    5.4080E+01    1.9752E+01    1.6487E+01    1.6875E+01    7.3517E+01    5.0765E+01    1.4473E+01    4.4479E+00    1.6278E+01    1.5036E+01    1.0394E+01   
 2.6006E+02    4.6280E+01    5.4119E+01    1.9734E+01    1.6479E+01    1.6916E+01    7.3529E+01    5.0762E+01    1.4525E+01    4.4071E+00    1.6135E+01    1.5109E+01    1.0324E+01   
 2.6115E+02    4.6257E+01    5.4115E+01    1.9760E+01    1.6367E+01    1.6954E+01    7.3544E+01    5.0776E+01    1.4584E+01    4.4275E+00    1.6176E+01    1.5109E+01    1.0253E+01   
# Time (s)      T1w (C)       T2w (C)       T1a (C)       T2a (C)       T1r (C)       T2r (C)       T3r (C)       T4r (C)       P1 (bar)      P2 (bar)      Pow (W/100)      Qc (l/min)    
 2.6224E+02    4.6259E+01    5.4129E+01    1.9814E+01    1.6427E+01    1.6997E+01    7.3528E+01    5.0812E+01    1.4611E+01    4.4275E+00    1.6074E+01    1.5316E+01    1.0253E+01   
 2.6333E+02    4.6278E+01    5.4142E+01    1.9813E+01    1.6500E+01    1.7012E+01    7.3529E+01    5.0810E+01    1.4630E+01    4.4275E+00    1.6257E+01    1.5572E+01    1.0359E+01   
 2.6442E+02    4.6256E+01    5.4137E+01    1.9832E+01    1.6473E+01    1.7032E+01    7.3564E+01    5.0845E+01    1.4688E+01    4.4479E+00    1.6216E+01    1.5048E+01    1.0289E+01   
 2.6552E+02    4.6239E+01    5.4123E+01    1.9839E+01    1.6456E+01    1.7012E+01    7.3575E+01    5.0839E+01    1.4709E+01    4.4275E+00    1.6094E+01    1.5036E+01    1.0359E+01   
 2.6661E+02    4.6248E+01    5.4123E+01    1.9797E+01    1.6448E+01    1.7019E+01    7.3565E+01    5.0878E+01    1.4773E+01    4.4479E+00    1.6257E+01    1.5060E+01    1.0359E+01   
 2.6770E+02    4.6245E+01    5.4137E+01    1.9830E+01    1.6528E+01    1.6987E+01    7.3517E+01    5.0858E+01    1.4774E+01    4.4275E+00    1.6094E+01    1.5328E+01    1.0324E+01   
 2.6879E+02    4.6255E+01    5.4157E+01    1.9832E+01    1.6545E+01    1.6918E+01    7.3501E+01    5.0839E+01    1.4828E+01    4.4275E+00    1.6237E+01    1.5474E+01    1.0324E+01   
 2.6987E+02    4.6239E+01    5.4151E+01    1.9808E+01    1.6604E+01    1.6856E+01    7.3487E+01    5.0845E+01    1.4862E+01    4.4275E+00    1.6114E+01    1.5438E+01    1.0324E+01   
 2.7096E+02    4.6273E+01    5.4170E+01    1.9909E+01    1.6659E+01    1.6748E+01    7.3444E+01    5.0865E+01    1.4871E+01    4.4683E+00    1.6237E+01    1.5535E+01    1.0324E+01   
 2.7205E+02    4.6262E+01    5.4174E+01    2.0232E+01    1.6615E+01    1.6699E+01    7.3468E+01    5.0889E+01    1.4920E+01    4.4683E+00    1.6216E+01    1.5365E+01    1.0289E+01   
 2.7314E+02    4.6272E+01    5.4198E+01    2.0097E+01    1.6714E+01    1.6571E+01    7.3508E+01    5.0909E+01    1.4955E+01    4.4886E+00    1.6135E+01    1.5231E+01    1.0253E+01   
 2.7423E+02    4.6292E+01    5.4202E+01    1.9937E+01    1.6730E+01    1.6358E+01    7.3521E+01    5.0910E+01    1.4984E+01    4.4886E+00    1.6216E+01    1.5243E+01    1.0289E+01   
 2.7532E+02    4.6295E+01    5.4212E+01    1.9810E+01    1.6742E+01    1.6232E+01    7.3510E+01    5.0898E+01    1.5004E+01    4.5090E+00    1.6155E+01    1.5121E+01    1.0359E+01   
 2.7640E+02    4.6319E+01    5.4234E+01    1.9760E+01    1.6761E+01    1.5863E+01    7.3419E+01    5.0907E+01    1.5017E+01    4.5090E+00    1.6176E+01    1.5608E+01    1.0324E+01   
 2.7749E+02    4.6333E+01    5.4243E+01    1.9740E+01    1.6718E+01    1.5416E+01    7.3354E+01    5.0889E+01    1.5026E+01    4.5090E+00    1.6298E+01    1.5560E+01    1.0289E+01   
 2.7858E+02    4.6307E+01    5.4228E+01    1.9733E+01    1.6748E+01    1.4923E+01    7.3281E+01    5.0875E+01    1.5017E+01    4.4886E+00    1.6216E+01    1.5523E+01    1.0253E+01   
 2.7967E+02    4.6301E+01    5.4265E+01    1.9785E+01    1.6761E+01    1.4730E+01    7.3239E+01    5.0892E+01    1.5029E+01    4.5090E+00    1.6298E+01    1.5389E+01    1.0324E+01   
 2.8075E+02    4.6308E+01    5.4282E+01    1.9798E+01    1.6782E+01    1.4389E+01    7.3210E+01    5.0849E+01    1.5016E+01    4.4886E+00    1.6237E+01    1.5279E+01    1.0253E+01   
 2.8188E+02    4.6306E+01    5.4290E+01    1.9843E+01    1.6793E+01    1.4088E+01    7.3208E+01    5.0847E+01    1.4961E+01    4.5090E+00    1.6318E+01    1.5231E+01    1.0253E+01   
 2.8298E+02    4.6297E+01    5.4314E+01    1.9825E+01    1.6761E+01    1.3829E+01    7.3141E+01    5.0742E+01    1.4925E+01    4.4683E+00    1.6400E+01    1.5182E+01    1.0289E+01   
 2.8410E+02    4.6300E+01    5.4327E+01    1.9940E+01    1.6714E+01    1.3722E+01    7.3095E+01    5.0694E+01    1.4893E+01    4.4479E+00    1.6237E+01    1.5133E+01    1.0324E+01   
 2.8519E+02    4.6303E+01    5.4365E+01    1.9884E+01    1.6768E+01    1.3559E+01    7.3068E+01    5.0618E+01    1.4836E+01    4.4886E+00    1.6298E+01    1.5097E+01    1.0289E+01   
 2.8627E+02    4.6312E+01    5.4379E+01    1.9872E+01    1.6729E+01    1.3383E+01    7.3044E+01    5.0568E+01    1.4786E+01    4.4886E+00    1.6420E+01    1.5438E+01    1.0324E+01   
 2.8736E+02    4.6286E+01    5.4393E+01    1.9872E+01    1.6595E+01    1.3225E+01    7.3101E+01    5.0439E+01    1.4724E+01    4.4479E+00    1.6318E+01    1.5584E+01    1.0324E+01   
 2.8844E+02    4.6293E+01    5.4418E+01    1.9865E+01    1.6650E+01    1.3152E+01    7.3132E+01    5.0336E+01    1.4672E+01    4.4479E+00    1.6257E+01    1.5596E+01    1.0218E+01   
 2.8951E+02    4.6304E+01    5.4455E+01    1.9908E+01    1.6601E+01    1.3032E+01    7.3127E+01    5.0221E+01    1.4609E+01    4.4275E+00    1.6278E+01    1.5572E+01    1.0324E+01   
 2.9059E+02    4.6314E+01    5.4456E+01    2.0061E+01    1.6650E+01    1.2905E+01    7.3151E+01    5.0135E+01    1.4546E+01    4.4071E+00    1.6441E+01    1.5621E+01    1.0324E+01   
 2.9168E+02    4.6327E+01    5.4484E+01    2.0000E+01    1.6623E+01    1.2846E+01    7.3135E+01    5.0030E+01    1.4486E+01    4.4071E+00    1.6298E+01    1.5584E+01    1.0218E+01   
 2.9277E+02    4.6342E+01    5.4481E+01    2.0047E+01    1.6598E+01    1.2735E+01    7.3090E+01    4.9890E+01    1.4389E+01    4.3868E+00    1.6482E+01    1.5267E+01    1.0253E+01   
 2.9385E+02    4.6346E+01    5.4505E+01    2.0051E+01    1.6536E+01    1.2646E+01    7.3095E+01    4.9811E+01    1.4312E+01    4.3868E+00    1.6298E+01    1.5145E+01    1.0253E+01   
# Time (s)      T1w (C)       T2w (C)       T1a (C)       T2a (C)       T1r (C)       T2r (C)       T3r (C)       T4r (C)       P1 (bar)      P2 (bar)      Pow (W/100)      Qc (l/min)    
 2.9494E+02    4.6339E+01    5.4497E+01    2.0018E+01    1.6499E+01    1.2581E+01    7.3102E+01    4.9692E+01    1.4223E+01    4.3664E+00    1.6339E+01    1.5109E+01    1.0289E+01   
 2.9603E+02    4.6320E+01    5.4498E+01    2.0032E+01    1.6455E+01    1.2538E+01    7.3110E+01    4.9571E+01    1.4208E+01    4.3868E+00    1.6441E+01    1.5109E+01    1.0324E+01   
 2.9712E+02    4.6327E+01    5.4510E+01    2.0046E+01    1.6388E+01    1.2487E+01    7.3158E+01    4.9420E+01    1.4136E+01    4.3868E+00    1.6339E+01    1.5365E+01    1.0359E+01   
 2.9821E+02    4.6339E+01    5.4528E+01    1.9967E+01    1.6410E+01    1.2510E+01    7.3201E+01    4.9356E+01    1.4051E+01    4.3664E+00    1.6400E+01    1.5535E+01    1.0289E+01   
 2.9929E+02    4.6336E+01    5.4510E+01    1.9939E+01    1.6284E+01    1.2564E+01    7.3267E+01    4.9236E+01    1.3948E+01    4.3664E+00    1.6380E+01    1.5572E+01    1.0253E+01   
 3.0038E+02    4.6349E+01    5.4509E+01    1.9967E+01    1.6253E+01    1.2627E+01    7.3365E+01    4.9134E+01    1.3930E+01    4.3460E+00    1.6318E+01    1.5584E+01    1.0289E+01   
 3.0147E+02    4.6351E+01    5.4518E+01    1.9966E+01    1.6300E+01    1.2702E+01    7.3412E+01    4.9009E+01    1.3809E+01    4.3460E+00    1.6359E+01    1.5219E+01    1.0289E+01   
 3.0256E+02    4.6337E+01    5.4496E+01    1.9937E+01    1.6143E+01    1.2836E+01    7.3438E+01    4.8941E+01    1.3763E+01    4.3257E+00    1.6278E+01    1.5072E+01    1.0253E+01   
 3.0365E+02    4.6349E+01    5.4480E+01    1.9925E+01    1.6119E+01    1.2891E+01    7.3486E+01    4.8857E+01    1.3710E+01    4.3257E+00    1.6380E+01    1.5048E+01    1.0253E+01   
 3.0474E+02    4.6346E+01    5.4481E+01    1.9898E+01    1.6117E+01    1.3028E+01    7.3558E+01    4.8780E+01    1.3689E+01    4.3053E+00    1.6339E+01    1.5255E+01    1.0324E+01   
 3.0583E+02    4.6335E+01    5.4455E+01    1.9872E+01    1.6008E+01    1.3203E+01    7.3594E+01    4.8763E+01    1.3654E+01    4.2849E+00    1.6318E+01    1.5548E+01    1.0324E+01   
 3.0692E+02    4.6314E+01    5.4419E+01    1.9951E+01    1.5984E+01    1.3366E+01    7.3632E+01    4.8732E+01    1.3620E+01    4.3053E+00    1.6176E+01    1.5097E+01    1.0253E+01   
 3.0801E+02    4.6318E+01    5.4394E+01    2.0025E+01    1.5979E+01    1.3441E+01    7.3666E+01    4.8734E+01    1.3593E+01    4.3053E+00    1.6278E+01    1.5121E+01    1.0289E+01   
 3.0910E+02    4.6315E+01    5.4351E+01    1.9856E+01    1.6018E+01    1.3609E+01    7.3705E+01    4.8712E+01    1.3556E+01    4.2645E+00    1.6176E+01    1.5328E+01    1.0289E+01   
 3.1019E+02    4.6308E+01    5.4335E+01    1.9815E+01    1.5922E+01    1.3814E+01    7.3738E+01    4.8731E+01    1.3592E+01    4.2645E+00    1.6196E+01    1.5182E+01    1.0253E+01   
 3.1126E+02    4.6322E+01    5.4326E+01    1.9802E+01    1.6005E+01    1.3977E+01    7.3775E+01    4.8743E+01    1.3582E+01    4.2849E+00    1.6114E+01    1.4963E+01    1.0289E+01   
 3.1235E+02    4.6318E+01    5.4287E+01    1.9806E+01    1.5914E+01    1.4064E+01    7.3807E+01    4.8823E+01    1.3574E+01    4.2645E+00    1.6074E+01    1.4963E+01    1.0253E+01   
 3.1347E+02    4.6327E+01    5.4274E+01    1.9779E+01    1.6012E+01    1.4254E+01    7.3811E+01    4.8915E+01    1.3558E+01    4.2442E+00    1.6155E+01    1.5158E+01    1.0289E+01   
 3.1457E+02    4.6325E+01    5.4243E+01    1.9774E+01    1.5803E+01    1.4415E+01    7.3818E+01    4.8958E+01    1.3585E+01    4.2442E+00    1.6094E+01    1.5097E+01    1.0289E+01   
 3.1567E+02    4.6323E+01    5.4223E+01    1.9773E+01    1.5916E+01    1.4564E+01    7.3858E+01    4.9038E+01    1.3599E+01    4.2442E+00    1.6155E+01    1.4963E+01    1.0289E+01   
 3.1676E+02    4.6316E+01    5.4195E+01    1.9809E+01    1.5983E+01    1.4630E+01    7.3922E+01    4.9137E+01    1.3632E+01    4.2442E+00    1.6237E+01    1.5365E+01    1.0253E+01   
 3.1783E+02    4.6325E+01    5.4163E+01    1.9898E+01    1.5990E+01    1.4790E+01    7.3930E+01    4.9268E+01    1.3656E+01    4.2645E+00    1.6074E+01    1.5097E+01    1.0324E+01   
 3.1891E+02    4.6331E+01    5.4160E+01    1.9999E+01    1.5959E+01    1.4929E+01    7.3952E+01    4.9314E+01    1.3706E+01    4.2849E+00    1.6114E+01    1.5316E+01    1.0324E+01   
 3.1999E+02    4.6322E+01    5.4136E+01    1.9857E+01    1.5961E+01    1.4987E+01    7.3984E+01    4.9411E+01    1.3763E+01    4.2645E+00    1.6176E+01    1.5072E+01    1.0359E+01   
 3.2107E+02    4.6345E+01    5.4143E+01    1.9777E+01    1.6087E+01    1.5114E+01    7.3966E+01    4.9521E+01    1.3773E+01    4.2849E+00    1.6155E+01    1.5231E+01    1.0289E+01   
 3.2215E+02    4.6347E+01    5.4124E+01    1.9757E+01    1.6045E+01    1.5241E+01    7.3964E+01    4.9562E+01    1.3791E+01    4.2849E+00    1.6074E+01    1.5304E+01    1.0289E+01   
 3.2324E+02    4.6341E+01    5.4127E+01    1.9753E+01    1.6053E+01    1.5355E+01    7.4001E+01    4.9669E+01    1.3847E+01    4.2849E+00    1.6135E+01    1.5194E+01    1.0218E+01   
 3.2433E+02    4.6340E+01    5.4114E+01    1.9806E+01    1.6049E+01    1.5404E+01    7.4016E+01    4.9796E+01    1.3845E+01    4.2849E+00    1.6074E+01    1.4963E+01    1.0324E+01   
 3.2542E+02    4.6339E+01    5.4111E+01    1.9786E+01    1.6109E+01    1.5519E+01    7.4071E+01    4.9876E+01    1.3872E+01    4.2849E+00    1.6155E+01    1.4938E+01    1.0253E+01   
 3.2651E+02    4.6343E+01    5.4097E+01    1.9771E+01    1.6146E+01    1.5604E+01    7.4063E+01    4.9923E+01    1.3843E+01    4.3053E+00    1.6135E+01    1.4926E+01    1.0289E+01   
# Time (s)      T1w (C)       T2w (C)       T1a (C)       T2a (C)       T1r (C)       T2r (C)       T3r (C)       T4r (C)       P1 (bar)      P2 (bar)      Pow (W/100)      Qc (l/min)    
 3.2760E+02    4.6365E+01    5.4108E+01    1.9876E+01    1.6125E+01    1.5721E+01    7.4104E+01    5.0018E+01    1.3856E+01    4.3053E+00    1.6074E+01    1.4963E+01    1.0324E+01   
 3.2869E+02    4.6357E+01    5.4120E+01    2.0127E+01    1.6167E+01    1.5793E+01    7.4081E+01    5.0133E+01    1.3878E+01    4.3053E+00    1.6114E+01    1.5194E+01    1.0289E+01   
 3.2978E+02    4.6363E+01    5.4104E+01    1.9957E+01    1.6203E+01    1.5888E+01    7.4049E+01    5.0230E+01    1.3916E+01    4.3053E+00    1.6053E+01    1.5438E+01    1.0253E+01   
 3.3088E+02    4.6375E+01    5.4116E+01    1.9813E+01    1.6301E+01    1.5989E+01    7.4038E+01    5.0277E+01    1.3942E+01    4.3053E+00    1.6216E+01    1.5462E+01    1.0289E+01   
 3.3196E+02    4.6371E+01    5.4126E+01    1.9797E+01    1.6181E+01    1.6007E+01    7.3962E+01    5.0334E+01    1.3944E+01    4.3257E+00    1.6114E+01    1.5401E+01    1.0253E+01   
 3.3305E+02    4.6365E+01    5.4136E+01    1.9812E+01    1.6249E+01    1.6113E+01    7.3927E+01    5.0387E+01    1.3951E+01    4.3257E+00    1.6196E+01    1.5182E+01    1.0359E+01   
 3.3414E+02    4.6381E+01    5.4139E+01    1.9889E+01    1.6334E+01    1.6171E+01    7.3916E+01    5.0445E+01    1.3989E+01    4.3257E+00    1.6135E+01    1.5072E+01    1.0324E+01   
 3.3523E+02    4.6392E+01    5.4157E+01    2.0039E+01    1.6392E+01    1.6267E+01    7.3929E+01    5.0468E+01    1.4071E+01    4.3460E+00    1.6298E+01    1.5145E+01    1.0253E+01   
 3.3632E+02    4.6404E+01    5.4164E+01    2.0426E+01    1.6375E+01    1.6294E+01    7.3899E+01    5.0476E+01    1.4075E+01    4.3460E+00    1.6155E+01    1.5024E+01    1.0218E+01   
 3.3741E+02    4.6396E+01    5.4174E+01    2.0056E+01    1.6378E+01    1.6381E+01    7.3951E+01    5.0544E+01    1.4130E+01    4.3460E+00    1.6135E+01    1.5365E+01    1.0324E+01   
 3.3850E+02    4.6413E+01    5.4180E+01    1.9997E+01    1.6396E+01    1.6448E+01    7.3958E+01    5.0532E+01    1.4139E+01    4.3664E+00    1.6094E+01    1.5206E+01    1.0324E+01   
 3.3959E+02    4.6432E+01    5.4192E+01    1.9966E+01    1.6444E+01    1.6520E+01    7.3993E+01    5.0596E+01    1.4157E+01    4.3664E+00    1.6196E+01    1.5267E+01    1.0253E+01   
 3.4068E+02    4.6438E+01    5.4198E+01    2.0156E+01    1.6487E+01    1.6530E+01    7.4027E+01    5.0594E+01    1.4177E+01    4.4071E+00    1.6114E+01    1.5011E+01    1.0253E+01   
 3.4177E+02    4.6445E+01    5.4237E+01    2.0110E+01    1.6547E+01    1.6596E+01    7.3972E+01    5.0615E+01    1.4212E+01    4.3868E+00    1.6318E+01    1.5036E+01    1.0324E+01   
 3.4286E+02    4.6455E+01    5.4250E+01    2.0008E+01    1.6432E+01    1.6640E+01    7.3953E+01    5.0633E+01    1.4258E+01    4.3868E+00    1.6176E+01    1.5109E+01    1.0324E+01   
 3.4395E+02    4.6438E+01    5.4230E+01    1.9925E+01    1.6510E+01    1.6700E+01    7.3943E+01    5.0658E+01    1.4292E+01    4.4071E+00    1.6155E+01    1.5170E+01    1.0253E+01   
 3.4508E+02    4.6427E+01    5.4261E+01    2.0033E+01    1.6547E+01    1.6722E+01    7.3930E+01    5.0699E+01    1.4333E+01    4.4071E+00    1.6114E+01    1.5511E+01    1.0253E+01   
 3.4617E+02    4.6431E+01    5.4245E+01    1.9999E+01    1.6489E+01    1.6767E+01    7.3927E+01    5.0721E+01    1.4345E+01    4.4275E+00    1.6114E+01    1.5194E+01    1.0289E+01   
 3.4727E+02    4.6409E+01    5.4264E+01    1.9845E+01    1.6580E+01    1.6821E+01    7.3938E+01    5.0722E+01    1.4360E+01    4.4275E+00    1.6237E+01    1.5365E+01    1.0324E+01   
 3.4837E+02    4.6411E+01    5.4276E+01    1.9807E+01    1.6492E+01    1.6864E+01    7.3966E+01    5.0717E+01    1.4394E+01    4.4071E+00    1.6237E+01    1.5121E+01    1.0253E+01   
 3.4945E+02    4.6412E+01    5.4270E+01    1.9791E+01    1.6540E+01    1.6884E+01    7.3985E+01    5.0748E+01    1.4418E+01    4.4275E+00    1.6278E+01    1.5438E+01    1.0289E+01   
 3.5054E+02    4.6409E+01    5.4278E+01    1.9829E+01    1.6590E+01    1.6939E+01    7.3992E+01    5.0793E+01    1.4475E+01    4.4275E+00    1.6176E+01    1.5560E+01    1.0289E+01   
 3.5162E+02    4.6418E+01    5.4280E+01    1.9848E+01    1.6573E+01    1.6981E+01    7.4019E+01    5.0808E+01    1.4517E+01    4.4479E+00    1.6318E+01    1.5584E+01    1.0289E+01   
 3.5269E+02    4.6435E+01    5.4290E+01    1.9823E+01    1.6647E+01    1.6995E+01    7.4004E+01    5.0816E+01    1.4555E+01    4.4683E+00    1.6196E+01    1.5548E+01    1.0289E+01   
 3.5378E+02    4.6427E+01    5.4300E+01    1.9829E+01    1.6552E+01    1.7032E+01    7.4021E+01    5.0841E+01    1.4580E+01    4.4479E+00    1.6237E+01    1.5243E+01    1.0289E+01   
 3.5486E+02    4.6431E+01    5.4311E+01    1.9947E+01    1.6576E+01    1.7017E+01    7.4007E+01    5.0836E+01    1.4611E+01    4.4479E+00    1.6196E+01    1.5109E+01    1.0253E+01   
 3.5594E+02    4.6421E+01    5.4299E+01    1.9946E+01    1.6634E+01    1.7034E+01    7.4040E+01    5.0872E+01    1.4653E+01    4.4275E+00    1.6216E+01    1.5121E+01    1.0359E+01   
 3.5702E+02    4.6433E+01    5.4308E+01    1.9922E+01    1.6562E+01    1.7047E+01    7.4087E+01    5.0866E+01    1.4715E+01    4.4479E+00    1.6237E+01    1.5097E+01    1.0359E+01   
 3.5810E+02    4.6424E+01    5.4326E+01    1.9881E+01    1.6623E+01    1.7048E+01    7.4120E+01    5.0892E+01    1.4750E+01    4.4275E+00    1.6196E+01    1.5121E+01    1.0324E+01   
 3.5918E+02    4.6406E+01    5.4320E+01    1.9855E+01    1.6608E+01    1.7034E+01    7.4122E+01    5.0938E+01    1.4807E+01    4.4683E+00    1.6216E+01    1.5231E+01    1.0359E+01   
# Time (s)      T1w (C)       T2w (C)       T1a (C)       T2a (C)       T1r (C)       T2r (C)       T3r (C)       T4r (C)       P1 (bar)      P2 (bar)      Pow (W/100)      Qc (l/min)    
 3.6026E+02    4.6419E+01    5.4351E+01    1.9857E+01    1.6662E+01    1.7006E+01    7.4099E+01    5.0940E+01    1.4851E+01    4.4683E+00    1.6176E+01    1.5255E+01    1.0289E+01   
 3.6134E+02    4.6421E+01    5.4327E+01    1.9845E+01    1.6668E+01    1.6977E+01    7.4095E+01    5.0940E+01    1.4861E+01    4.4479E+00    1.6216E+01    1.5462E+01    1.0289E+01   
 3.6242E+02    4.6403E+01    5.4343E+01    1.9826E+01    1.6632E+01    1.6892E+01    7.4111E+01    5.0969E+01    1.4913E+01    4.4479E+00    1.6176E+01    1.5560E+01    1.0289E+01   
 3.6350E+02    4.6407E+01    5.4345E+01    1.9818E+01    1.6690E+01    1.6774E+01    7.4105E+01    5.0969E+01    1.4954E+01    4.4886E+00    1.6237E+01    1.5365E+01    1.0253E+01   
 3.6458E+02    4.6400E+01    5.4356E+01    1.9784E+01    1.6688E+01    1.6673E+01    7.4037E+01    5.0961E+01    1.4948E+01    4.4886E+00    1.6196E+01    1.5377E+01    1.0218E+01   
 3.6566E+02    4.6421E+01    5.4352E+01    1.9817E+01    1.6696E+01    1.6488E+01    7.4063E+01    5.0984E+01    1.4994E+01    4.4886E+00    1.6237E+01    1.5170E+01    1.0324E+01   
 3.6674E+02    4.6414E+01    5.4358E+01    1.9907E+01    1.6781E+01    1.6286E+01    7.4044E+01    5.0987E+01    1.5019E+01    4.4886E+00    1.6216E+01    1.5085E+01    1.0359E+01   
 3.6782E+02    4.6402E+01    5.4359E+01    1.9781E+01    1.6735E+01    1.6190E+01    7.3991E+01    5.1024E+01    1.5094E+01    4.5294E+00    1.6216E+01    1.5109E+01    1.0289E+01   
 3.6890E+02    4.6395E+01    5.4360E+01    1.9749E+01    1.6807E+01    1.5888E+01    7.4007E+01    5.0997E+01    1.5084E+01    4.5090E+00    1.6216E+01    1.5133E+01    1.0324E+01   
 3.6998E+02    4.6394E+01    5.4376E+01    1.9838E+01    1.6806E+01    1.5256E+01    7.4009E+01    5.1012E+01    1.5098E+01    4.5090E+00    1.6380E+01    1.5158E+01    1.0253E+01   
 3.7107E+02    4.6398E+01    5.4385E+01    1.9901E+01    1.6865E+01    1.4815E+01    7.3968E+01    5.1036E+01    1.5105E+01    4.5090E+00    1.6380E+01    1.5657E+01    1.0253E+01   
 3.7215E+02    4.6429E+01    5.4409E+01    1.9979E+01    1.6902E+01    1.4620E+01    7.3852E+01    5.0997E+01    1.5094E+01    4.5090E+00    1.6257E+01    1.5133E+01    1.0324E+01   
 3.7323E+02    4.6430E+01    5.4450E+01    2.0030E+01    1.6855E+01    1.4339E+01    7.3798E+01    5.0956E+01    1.5057E+01    4.5090E+00    1.6237E+01    1.5621E+01    1.0324E+01   
 3.7432E+02    4.6416E+01    5.4474E+01    2.0182E+01    1.6792E+01    1.4074E+01    7.3779E+01    5.0943E+01    1.5032E+01    4.4886E+00    1.6257E+01    1.5158E+01    1.0289E+01   
 3.7540E+02    4.6428E+01    5.4486E+01    2.0045E+01    1.6830E+01    1.3827E+01    7.3735E+01    5.0875E+01    1.4959E+01    4.4683E+00    1.6257E+01    1.5158E+01    1.0324E+01   
 3.7648E+02    4.6418E+01    5.4489E+01    1.9857E+01    1.6780E+01    1.3738E+01    7.3764E+01    5.0813E+01    1.4964E+01    4.4683E+00    1.6339E+01    1.5657E+01    1.0253E+01   
 3.7757E+02    4.6421E+01    5.4509E+01    1.9857E+01    1.6615E+01    1.3551E+01    7.3779E+01    5.0719E+01    1.4914E+01    4.4479E+00    1.6359E+01    1.5572E+01    1.0289E+01   
 3.7866E+02    4.6402E+01    5.4521E+01    1.9916E+01    1.6764E+01    1.3386E+01    7.3762E+01    5.0654E+01    1.4826E+01    4.4479E+00    1.6339E+01    1.5377E+01    1.0359E+01   
 3.7975E+02    4.6414E+01    5.4537E+01    1.9965E+01    1.6765E+01    1.3319E+01    7.3687E+01    5.0545E+01    1.4742E+01    4.4479E+00    1.6298E+01    1.5170E+01    1.0359E+01   
 3.8084E+02    4.6401E+01    5.4540E+01    1.9919E+01    1.6703E+01    1.3187E+01    7.3641E+01    5.0413E+01    1.4747E+01    4.4071E+00    1.6339E+01    1.5255E+01    1.0394E+01   
 3.8194E+02    4.6420E+01    5.4561E+01    2.0035E+01    1.6679E+01    1.3041E+01    7.3606E+01    5.0340E+01    1.4671E+01    4.4071E+00    1.6420E+01    1.5182E+01    1.0253E+01   
 3.8309E+02    4.6404E+01    5.4555E+01    2.0166E+01    1.6708E+01    1.2907E+01    7.3571E+01    5.0258E+01    1.4585E+01    4.4275E+00    1.6339E+01    1.5365E+01    1.0324E+01   
 3.8419E+02    4.6418E+01    5.4574E+01    2.0128E+01    1.6606E+01    1.2849E+01    7.3541E+01    5.0122E+01    1.4497E+01    4.4275E+00    1.6339E+01    1.5499E+01    1.0253E+01   
 3.8528E+02    4.6405E+01    5.4576E+01    1.9960E+01    1.6523E+01    1.2736E+01    7.3514E+01    4.9968E+01    1.4446E+01    4.4071E+00    1.6461E+01    1.5499E+01    1.0394E+01   
 3.8637E+02    4.6404E+01    5.4579E+01    1.9922E+01    1.6473E+01    1.2647E+01    7.3498E+01    4.9832E+01    1.4381E+01    4.4071E+00    1.6441E+01    1.5401E+01    1.0324E+01   
 3.8745E+02    4.6390E+01    5.4567E+01    1.9974E+01    1.6477E+01    1.2582E+01    7.3510E+01    4.9774E+01    1.4291E+01    4.4071E+00    1.6400E+01    1.5206E+01    1.0289E+01   
 3.8853E+02    4.6381E+01    5.4572E+01    2.0054E+01    1.6441E+01    1.2539E+01    7.3471E+01    4.9613E+01    1.4233E+01    4.3868E+00    1.6359E+01    1.5389E+01    1.0253E+01   
 3.8961E+02    4.6381E+01    5.4577E+01    2.0022E+01    1.6367E+01    1.2466E+01    7.3488E+01    4.9480E+01    1.4154E+01    4.3664E+00    1.6400E+01    1.5645E+01    1.0359E+01   
 3.9069E+02    4.6401E+01    5.4598E+01    1.9936E+01    1.6371E+01    1.2422E+01    7.3500E+01    4.9396E+01    1.4004E+01    4.3460E+00    1.6400E+01    1.5401E+01    1.0218E+01   
 3.9177E+02    4.6428E+01    5.4627E+01    1.9974E+01    1.6309E+01    1.2427E+01    7.3518E+01    4.9278E+01    1.3914E+01    4.3460E+00    1.6400E+01    1.5279E+01    1.0289E+01   
# Time (s)      T1w (C)       T2w (C)       T1a (C)       T2a (C)       T1r (C)       T2r (C)       T3r (C)       T4r (C)       P1 (bar)      P2 (bar)      Pow (W/100)      Qc (l/min)    
 3.9285E+02    4.6433E+01    5.4627E+01    1.9847E+01    1.6259E+01    1.2442E+01    7.3586E+01    4.9168E+01    1.3846E+01    4.3460E+00    1.6359E+01    1.5121E+01    1.0324E+01   
 3.9393E+02    4.6419E+01    5.4606E+01    2.0004E+01    1.6101E+01    1.2531E+01    7.3618E+01    4.8996E+01    1.3775E+01    4.3257E+00    1.6339E+01    1.5145E+01    1.0324E+01   
 3.9501E+02    4.6391E+01    5.4599E+01    1.9871E+01    1.6071E+01    1.2657E+01    7.3660E+01    4.8919E+01    1.3723E+01    4.3053E+00    1.6278E+01    1.5316E+01    1.0289E+01   
 3.9609E+02    4.6394E+01    5.4591E+01    1.9803E+01    1.6058E+01    1.2718E+01    7.3715E+01    4.8812E+01    1.3665E+01    4.3053E+00    1.6359E+01    1.5072E+01    1.0289E+01   
 3.9719E+02    4.6410E+01    5.4585E+01    1.9876E+01    1.6043E+01    1.2866E+01    7.3760E+01    4.8752E+01    1.3646E+01    4.2849E+00    1.6318E+01    1.5036E+01    1.0218E+01   
 3.9827E+02    4.6401E+01    5.4556E+01    1.9842E+01    1.5967E+01    1.3044E+01    7.3780E+01    4.8743E+01    1.3585E+01    4.2442E+00    1.6278E+01    1.5243E+01    1.0253E+01   
 3.9935E+02    4.6422E+01    5.4568E+01    1.9833E+01    1.5932E+01    1.3223E+01    7.3820E+01    4.8711E+01    1.3530E+01    4.2645E+00    1.6257E+01    1.5426E+01    1.0289E+01   
 4.0043E+02    4.6435E+01    5.4539E+01    1.9832E+01    1.5968E+01    1.3297E+01    7.3844E+01    4.8660E+01    1.3490E+01    4.2645E+00    1.6237E+01    1.5487E+01    1.0253E+01   
 4.0151E+02    4.6453E+01    5.4516E+01    1.9853E+01    1.5990E+01    1.3469E+01    7.3879E+01    4.8631E+01    1.3429E+01    4.2238E+00    1.6176E+01    1.5487E+01    1.0359E+01   
 4.0259E+02    4.6451E+01    5.4499E+01    1.9867E+01    1.5908E+01    1.3631E+01    7.3880E+01    4.8636E+01    1.3379E+01    4.2442E+00    1.6155E+01    1.5048E+01    1.0253E+01   
 4.0367E+02    4.6445E+01    5.4449E+01    1.9832E+01    1.5943E+01    1.3714E+01    7.3869E+01    4.8668E+01    1.3376E+01    4.2238E+00    1.6257E+01    1.4987E+01    1.0253E+01   
 4.0475E+02    4.6415E+01    5.4403E+01    1.9788E+01    1.5868E+01    1.3892E+01    7.3874E+01    4.8739E+01    1.3411E+01    4.2442E+00    1.6257E+01    1.4975E+01    1.0289E+01   
 4.0583E+02    4.6403E+01    5.4354E+01    1.9765E+01    1.5862E+01    1.4073E+01    7.3855E+01    4.8775E+01    1.3437E+01    4.2238E+00    1.6216E+01    1.4950E+01    1.0289E+01   
 4.0691E+02    4.6422E+01    5.4339E+01    1.9933E+01    1.5912E+01    1.4225E+01    7.3860E+01    4.8846E+01    1.3458E+01    4.2442E+00    1.6176E+01    1.5194E+01    1.0253E+01   
 4.0799E+02    4.6429E+01    5.4318E+01    1.9802E+01    1.5901E+01    1.4309E+01    7.3906E+01    4.8934E+01    1.3477E+01    4.2442E+00    1.6216E+01    1.5377E+01    1.0324E+01   
 4.0907E+02    4.6419E+01    5.4285E+01    1.9774E+01    1.6018E+01    1.4493E+01    7.3946E+01    4.9058E+01    1.3522E+01    4.2442E+00    1.6216E+01    1.5401E+01    1.0253E+01   
 4.1015E+02    4.6411E+01    5.4277E+01    1.9764E+01    1.5925E+01    1.4661E+01    7.3988E+01    4.9121E+01    1.3557E+01    4.2645E+00    1.6278E+01    1.5426E+01    1.0359E+01   
 4.1123E+02    4.6413E+01    5.4242E+01    1.9750E+01    1.5956E+01    1.4714E+01    7.4051E+01    4.9217E+01    1.3594E+01    4.2442E+00    1.6237E+01    1.5097E+01    1.0359E+01   
 4.1231E+02    4.6412E+01    5.4232E+01    1.9763E+01    1.5965E+01    1.4851E+01    7.4114E+01    4.9371E+01    1.3609E+01    4.2849E+00    1.6257E+01    1.4938E+01    1.0359E+01   
 4.1339E+02    4.6422E+01    5.4220E+01    1.9746E+01    1.6003E+01    1.4991E+01    7.4143E+01    4.9464E+01    1.3621E+01    4.2645E+00    1.6135E+01    1.5158E+01    1.0289E+01   
 4.1448E+02    4.6413E+01    5.4215E+01    1.9750E+01    1.5944E+01    1.5118E+01    7.4184E+01    4.9510E+01    1.3652E+01    4.2645E+00    1.6114E+01    1.5036E+01    1.0253E+01   
 4.1557E+02    4.6440E+01    5.4209E+01    1.9946E+01    1.6129E+01    1.5213E+01    7.4213E+01    4.9640E+01    1.3687E+01    4.2645E+00    1.6216E+01    1.5060E+01    1.0394E+01   
 4.1666E+02    4.6424E+01    5.4196E+01    2.0224E+01    1.6035E+01    1.5344E+01    7.4219E+01    4.9803E+01    1.3730E+01    4.2645E+00    1.6318E+01    1.4938E+01    1.0324E+01   
 4.1775E+02    4.6432E+01    5.4193E+01    2.0044E+01    1.6048E+01    1.5460E+01    7.4229E+01    4.9879E+01    1.3776E+01    4.2645E+00    1.6135E+01    1.5450E+01    1.0289E+01   
 4.1885E+02    4.6431E+01    5.4195E+01    1.9851E+01    1.6103E+01    1.5569E+01    7.4229E+01    4.9973E+01    1.3794E+01    4.3053E+00    1.6196E+01    1.5450E+01    1.0182E+01   
 4.1994E+02    4.6420E+01    5.4196E+01    1.9764E+01    1.6116E+01    1.5634E+01    7.4233E+01    5.0100E+01    1.3827E+01    4.3053E+00    1.6196E+01    1.5365E+01    1.0253E+01   
 4.2106E+02    4.6443E+01    5.4179E+01    1.9768E+01    1.6143E+01    1.5748E+01    7.4260E+01    5.0204E+01    1.3835E+01    4.3257E+00    1.6114E+01    1.5109E+01    1.0253E+01   
 4.2214E+02    4.6424E+01    5.4196E+01    1.9770E+01    1.6183E+01    1.5855E+01    7.4273E+01    5.0271E+01    1.3849E+01    4.3053E+00    1.6135E+01    1.5340E+01    1.0289E+01   
 4.2326E+02    4.6423E+01    5.4194E+01    1.9766E+01    1.6236E+01    1.5960E+01    7.4288E+01    5.0344E+01    1.3884E+01    4.3460E+00    1.6257E+01    1.5438E+01    1.0324E+01   
 4.2435E+02    4.6429E+01    5.4193E+01    1.9777E+01    1.6239E+01    1.6000E+01    7.4332E+01    5.0426E+01    1.3884E+01    4.3257E+00    1.6114E+01    1.5487E+01    1.0253E+01   
# Time (s)      T1w (C)       T2w (C)       T1a (C)       T2a (C)       T1r (C)       T2r (C)       T3r (C)       T4r (C)       P1 (bar)      P2 (bar)      Pow (W/100)      Qc (l/min)    
 4.2544E+02    4.6428E+01    5.4198E+01    1.9791E+01    1.6159E+01    1.6112E+01    7.4302E+01    5.0503E+01    1.3929E+01    4.3460E+00    1.6155E+01    1.4987E+01    1.0324E+01   
 4.2652E+02    4.6430E+01    5.4208E+01    1.9862E+01    1.6142E+01    1.6195E+01    7.4263E+01    5.0529E+01    1.3979E+01    4.3460E+00    1.6298E+01    1.5401E+01    1.0324E+01   
 4.2761E+02    4.6418E+01    5.4200E+01    1.9839E+01    1.6210E+01    1.6238E+01    7.4261E+01    5.0639E+01    1.4021E+01    4.3664E+00    1.6114E+01    1.5085E+01    1.0218E+01   
 4.2867E+02    4.6416E+01    5.4221E+01    1.9933E+01    1.6269E+01    1.6323E+01    7.4270E+01    5.0647E+01    1.4049E+01    4.3460E+00    1.6135E+01    1.5231E+01    1.0359E+01   
 4.2975E+02    4.6423E+01    5.4216E+01    1.9852E+01    1.6355E+01    1.6390E+01    7.4273E+01    5.0708E+01    1.4084E+01    4.3460E+00    1.6114E+01    1.5523E+01    1.0324E+01   
 4.3084E+02    4.6438E+01    5.4224E+01    1.9811E+01    1.6367E+01    1.6468E+01    7.4264E+01    5.0737E+01    1.4126E+01    4.3868E+00    1.6114E+01    1.5438E+01    1.0359E+01   
 4.3192E+02    4.6441E+01    5.4246E+01    1.9797E+01    1.6431E+01    1.6504E+01    7.4251E+01    5.0749E+01    1.4141E+01    4.3664E+00    1.6155E+01    1.5474E+01    1.0218E+01   
 4.3299E+02    4.6443E+01    5.4246E+01    1.9763E+01    1.6514E+01    1.6563E+01    7.4221E+01    5.0799E+01    1.4174E+01    4.3664E+00    1.6135E+01    1.5353E+01    1.0289E+01   
 4.3407E+02    4.6446E+01    5.4261E+01    1.9774E+01    1.6328E+01    1.6648E+01    7.4214E+01    5.0786E+01    1.4219E+01    4.3664E+00    1.6094E+01    1.5085E+01    1.0359E+01   
 4.3516E+02    4.6443E+01    5.4253E+01    1.9793E+01    1.6419E+01    1.6675E+01    7.4196E+01    5.0824E+01    1.4270E+01    4.4071E+00    1.6114E+01    1.5024E+01    1.0253E+01   
 4.3624E+02    4.6445E+01    5.4280E+01    1.9792E+01    1.6447E+01    1.6711E+01    7.4200E+01    5.0848E+01    1.4273E+01    4.4071E+00    1.6257E+01    1.5353E+01    1.0253E+01   
 4.3732E+02    4.6455E+01    5.4292E+01    1.9799E+01    1.6490E+01    1.6782E+01    7.4189E+01    5.0872E+01    1.4322E+01    4.4275E+00    1.6216E+01    1.5194E+01    1.0289E+01   
 4.3840E+02    4.6443E+01    5.4292E+01    1.9750E+01    1.6455E+01    1.6812E+01    7.4211E+01    5.0859E+01    1.4333E+01    4.4071E+00    1.6298E+01    1.5060E+01    1.0324E+01   
 4.3948E+02    4.6452E+01    5.4291E+01    1.9764E+01    1.6512E+01    1.6844E+01    7.4229E+01    5.0876E+01    1.4396E+01    4.4071E+00    1.6216E+01    1.5097E+01    1.0289E+01   
 4.4057E+02    4.6420E+01    5.4312E+01    1.9784E+01    1.6402E+01    1.6879E+01    7.4180E+01    5.0875E+01    1.4434E+01    4.4071E+00    1.6216E+01    1.5133E+01    1.0289E+01   
 4.4165E+02    4.6429E+01    5.4323E+01    1.9825E+01    1.6426E+01    1.6920E+01    7.4158E+01    5.0893E+01    1.4488E+01    4.4071E+00    1.6216E+01    1.5072E+01    1.0218E+01   
 4.4273E+02    4.6421E+01    5.4307E+01    1.9873E+01    1.6337E+01    1.6986E+01    7.4085E+01    5.0926E+01    1.4549E+01    4.4275E+00    1.6196E+01    1.5072E+01    1.0289E+01   
 4.4381E+02    4.6429E+01    5.4317E+01    1.9985E+01    1.6428E+01    1.7022E+01    7.4022E+01    5.0940E+01    1.4555E+01    4.4479E+00    1.6216E+01    1.5133E+01    1.0324E+01   
 4.4489E+02    4.6437E+01    5.4341E+01    1.9900E+01    1.6522E+01    1.7028E+01    7.3970E+01    5.0955E+01    1.4580E+01    4.4479E+00    1.6216E+01    1.5145E+01    1.0289E+01   
 4.4597E+02    4.6463E+01    5.4347E+01    1.9866E+01    1.6470E+01    1.7049E+01    7.3921E+01    5.0953E+01    1.4610E+01    4.4479E+00    1.6176E+01    1.5267E+01    1.0324E+01   
 4.4705E+02    4.6468E+01    5.4384E+01    1.9909E+01    1.6549E+01    1.7042E+01    7.3899E+01    5.0966E+01    1.4615E+01    4.4683E+00    1.6216E+01    1.5572E+01    1.0324E+01   
 4.4813E+02    4.6471E+01    5.4395E+01    1.9922E+01    1.6635E+01    1.7045E+01    7.3933E+01    5.0941E+01    1.4628E+01    4.4683E+00    1.6196E+01    1.5608E+01    1.0253E+01   
 4.4921E+02    4.6470E+01    5.4381E+01    1.9976E+01    1.6563E+01    1.7075E+01    7.3951E+01    5.0941E+01    1.4681E+01    4.4683E+00    1.6196E+01    1.5608E+01    1.0218E+01   
 4.5029E+02    4.6453E+01    5.4389E+01    1.9955E+01    1.6572E+01    1.7060E+01    7.3926E+01    5.0943E+01    1.4682E+01    4.4479E+00    1.6237E+01    1.5572E+01    1.0289E+01   
 4.5137E+02    4.6464E+01    5.4407E+01    1.9941E+01    1.6603E+01    1.7046E+01    7.3905E+01    5.0931E+01    1.4678E+01    4.4886E+00    1.6176E+01    1.5231E+01    1.0289E+01   
 4.5245E+02    4.6470E+01    5.4404E+01    1.9926E+01    1.6623E+01    1.7045E+01    7.3887E+01    5.0935E+01    1.4721E+01    4.4683E+00    1.6176E+01    1.5145E+01    1.0218E+01   
 4.5353E+02    4.6473E+01    5.4425E+01    2.0105E+01    1.6731E+01    1.7038E+01    7.3893E+01    5.0934E+01    1.4764E+01    4.4683E+00    1.6196E+01    1.5255E+01    1.0218E+01   
 4.5462E+02    4.6478E+01    5.4418E+01    2.0060E+01    1.6719E+01    1.7035E+01    7.3824E+01    5.0953E+01    1.4791E+01    4.4479E+00    1.6400E+01    1.5401E+01    1.0218E+01   
 4.5570E+02    4.6473E+01    5.4427E+01    2.0108E+01    1.6714E+01    1.7039E+01    7.3783E+01    5.0996E+01    1.4825E+01    4.4683E+00    1.6400E+01    1.5328E+01    1.0253E+01   
 4.5679E+02    4.6473E+01    5.4452E+01    2.0010E+01    1.6686E+01    1.6995E+01    7.3784E+01    5.0999E+01    1.4868E+01    4.4479E+00    1.6216E+01    1.5170E+01    1.0253E+01   
# Time (s)      T1w (C)       T2w (C)       T1a (C)       T2a (C)       T1r (C)       T2r (C)       T3r (C)       T4r (C)       P1 (bar)      P2 (bar)      Pow (W/100)      Qc (l/min)    
 4.5788E+02    4.6460E+01    5.4448E+01    2.0056E+01    1.6724E+01    1.6894E+01    7.3748E+01    5.0992E+01    1.4881E+01    4.4886E+00    1.6298E+01    1.5085E+01    1.0324E+01   
 4.5896E+02    4.6453E+01    5.4427E+01    2.0057E+01    1.6660E+01    1.6817E+01    7.3719E+01    5.1014E+01    1.4896E+01    4.4886E+00    1.6278E+01    1.5133E+01    1.0324E+01   
 4.6005E+02    4.6471E+01    5.4435E+01    1.9888E+01    1.6685E+01    1.6684E+01    7.3766E+01    5.0994E+01    1.4923E+01    4.5294E+00    1.6420E+01    1.5243E+01    1.0253E+01   
 4.6117E+02    4.6453E+01    5.4439E+01    1.9838E+01    1.6730E+01    1.6510E+01    7.3781E+01    5.1025E+01    1.4957E+01    4.5090E+00    1.6237E+01    1.5121E+01    1.0324E+01   
 4.6226E+02    4.6455E+01    5.4431E+01    1.9821E+01    1.6770E+01    1.6303E+01    7.3872E+01    5.1061E+01    1.5002E+01    4.5090E+00    1.6237E+01    1.5645E+01    1.0253E+01   
 4.6342E+02    4.6468E+01    5.4435E+01    1.9873E+01    1.6755E+01    1.6131E+01    7.3905E+01    5.1109E+01    1.5036E+01    4.4886E+00    1.6339E+01    1.5669E+01    1.0289E+01   
 4.6450E+02    4.6453E+01    5.4447E+01    2.0033E+01    1.6790E+01    1.5479E+01    7.3917E+01    5.1149E+01    1.5035E+01    4.4886E+00    1.6257E+01    1.5328E+01    1.0253E+01   
 4.6560E+02    4.6458E+01    5.4454E+01    2.0011E+01    1.6764E+01    1.4953E+01    7.3854E+01    5.1107E+01    1.5075E+01    4.4886E+00    1.6318E+01    1.5669E+01    1.0324E+01   
 4.6667E+02    4.6443E+01    5.4471E+01    1.9869E+01    1.6740E+01    1.4561E+01    7.3775E+01    5.1093E+01    1.5075E+01    4.5090E+00    1.6318E+01    1.5145E+01    1.0324E+01   
 4.6776E+02    4.6449E+01    5.4476E+01    1.9829E+01    1.6822E+01    1.4407E+01    7.3702E+01    5.1079E+01    1.5063E+01    4.5090E+00    1.6339E+01    1.5596E+01    1.0289E+01   
 4.6883E+02    4.6432E+01    5.4502E+01    1.9890E+01    1.6750E+01    1.4105E+01    7.3635E+01    5.1049E+01    1.5015E+01    4.4683E+00    1.6359E+01    1.5414E+01    1.0359E+01   
 4.6991E+02    4.6449E+01    5.4517E+01    1.9849E+01    1.6786E+01    1.3886E+01    7.3605E+01    5.1002E+01    1.4991E+01    4.4886E+00    1.6318E+01    1.5158E+01    1.0324E+01   
 4.7099E+02    4.6440E+01    5.4521E+01    1.9831E+01    1.6728E+01    1.3785E+01    7.3571E+01    5.0953E+01    1.4933E+01    4.4886E+00    1.6380E+01    1.5243E+01    1.0289E+01   
 4.7208E+02    4.6429E+01    5.4570E+01    1.9789E+01    1.6766E+01    1.3589E+01    7.3577E+01    5.0874E+01    1.4906E+01    4.4479E+00    1.6339E+01    1.5243E+01    1.0253E+01   
 4.7316E+02    4.6436E+01    5.4592E+01    1.9766E+01    1.6737E+01    1.3400E+01    7.3564E+01    5.0738E+01    1.4846E+01    4.4683E+00    1.6420E+01    1.5170E+01    1.0253E+01   
 4.7424E+02    4.6437E+01    5.4595E+01    1.9780E+01    1.6748E+01    1.3282E+01    7.3546E+01    5.0682E+01    1.4783E+01    4.4683E+00    1.6502E+01    1.5243E+01    1.0218E+01   
 4.7532E+02    4.6450E+01    5.4614E+01    1.9845E+01    1.6704E+01    1.3218E+01    7.3562E+01    5.0552E+01    1.4733E+01    4.4275E+00    1.6461E+01    1.5401E+01    1.0359E+01   
 4.7640E+02    4.6423E+01    5.4615E+01    1.9852E+01    1.6709E+01    1.3097E+01    7.3552E+01    5.0459E+01    1.4710E+01    4.4275E+00    1.6502E+01    1.5414E+01    1.0253E+01   
 4.7748E+02    4.6450E+01    5.4628E+01    1.9810E+01    1.6641E+01    1.2975E+01    7.3560E+01    5.0410E+01    1.4638E+01    4.4071E+00    1.6522E+01    1.5584E+01    1.0218E+01   
 4.7856E+02    4.6468E+01    5.4660E+01    1.9793E+01    1.6680E+01    1.2927E+01    7.3537E+01    5.0295E+01    1.4593E+01    4.4071E+00    1.6502E+01    1.5608E+01    1.0324E+01   
 4.7964E+02    4.6483E+01    5.4698E+01    1.9891E+01    1.6623E+01    1.2806E+01    7.3552E+01    5.0155E+01    1.4566E+01    4.4071E+00    1.6420E+01    1.5645E+01    1.0289E+01   
