# Run number 05 on Tue May 21 09:33:28 2024
# Time (s)      T1w (C)       T2w (C)       T1a (C)       T2a (C)       T1r (C)       T2r (C)       T3r (C)       T4r (C)       P1 (bar)      P2 (bar)      Pow (W/100)      Qc (l/min)    
 2.9774E-01    3.0282E+01    2.7076E+01    2.0025E+01    1.7327E+01    2.1785E+01    4.4102E+01    3.3900E+01    1.6524E+01    6.0067E+00    6.1517E+00    7.3351E+00    7.1602E+00   
 1.4431E+00    3.0256E+01    2.6981E+01    2.0021E+01    1.7413E+01    2.1968E+01    4.4005E+01    3.3892E+01    1.6777E+01    6.0067E+00    6.1517E+00    7.4081E+00    7.0990E+00   
 2.5391E+00    3.0253E+01    2.7002E+01    2.0000E+01    1.7280E+01    2.2051E+01    4.3923E+01    3.3866E+01    1.7175E+01    6.0067E+00    6.1109E+00    7.3108E+00    7.1296E+00   
 3.6652E+00    3.0217E+01    2.7147E+01    1.9994E+01    1.7347E+01    2.2136E+01    4.3815E+01    3.3832E+01    1.7409E+01    6.0067E+00    6.1313E+00    7.3960E+00    7.1906E+00   
 4.7465E+00    3.0223E+01    2.7376E+01    1.9991E+01    1.7342E+01    2.2224E+01    4.3794E+01    3.3811E+01    1.7555E+01    6.0067E+00    6.1517E+00    7.4446E+00    7.1906E+00   
 5.8346E+00    3.0220E+01    2.7682E+01    2.0024E+01    1.7356E+01    2.2266E+01    4.3701E+01    3.3755E+01    1.7634E+01    6.0271E+00    6.1517E+00    7.3473E+00    7.1906E+00   
 6.9237E+00    3.0207E+01    2.7841E+01    2.0042E+01    1.7352E+01    2.2292E+01    4.3621E+01    3.3675E+01    1.7874E+01    6.0271E+00    6.1517E+00    7.4446E+00    7.1602E+00   
 8.0199E+00    3.0205E+01    2.8121E+01    2.0057E+01    1.7391E+01    2.2313E+01    4.3575E+01    3.3656E+01    1.8129E+01    6.0679E+00    6.1924E+00    7.3473E+00    7.1602E+00   
 9.1071E+00    3.0204E+01    2.8368E+01    2.0084E+01    1.7349E+01    2.2327E+01    4.3494E+01    3.3637E+01    1.8387E+01    6.0679E+00    6.2128E+00    7.3351E+00    7.1906E+00   
 1.0195E+01    3.0160E+01    2.8575E+01    2.0085E+01    1.7346E+01    2.2340E+01    4.3423E+01    3.3599E+01    1.8544E+01    6.0475E+00    6.1924E+00    7.3595E+00    7.1296E+00   
 1.1284E+01    3.0153E+01    2.8650E+01    2.0095E+01    1.7282E+01    2.2351E+01    4.3354E+01    3.3526E+01    1.8701E+01    6.0475E+00    6.2128E+00    7.3230E+00    7.1602E+00   
 1.2380E+01    3.0128E+01    2.8776E+01    2.0081E+01    1.7277E+01    2.2342E+01    4.3321E+01    3.3528E+01    1.8840E+01    6.0679E+00    6.1924E+00    7.4324E+00    7.1906E+00   
 1.3468E+01    3.0130E+01    2.8893E+01    2.0147E+01    1.7204E+01    2.2335E+01    4.3242E+01    3.3429E+01    1.8964E+01    6.0882E+00    6.2332E+00    7.3351E+00    7.2209E+00   
 1.4560E+01    3.0112E+01    2.8953E+01    2.0150E+01    1.7096E+01    2.2326E+01    4.3159E+01    3.3395E+01    1.8995E+01    6.0882E+00    6.2128E+00    7.3595E+00    7.1602E+00   
 1.5653E+01    3.0095E+01    2.8968E+01    2.0177E+01    1.6986E+01    2.2322E+01    4.3064E+01    3.3364E+01    1.9040E+01    6.0882E+00    6.2128E+00    7.3716E+00    7.1602E+00   
 1.6749E+01    3.0095E+01    2.8993E+01    2.0145E+01    1.6983E+01    2.2328E+01    4.3048E+01    3.3327E+01    1.9027E+01    6.1086E+00    6.2332E+00    7.3595E+00    7.1296E+00   
 1.7838E+01    3.0074E+01    2.9000E+01    2.0145E+01    1.6927E+01    2.2332E+01    4.2979E+01    3.3265E+01    1.9091E+01    6.1086E+00    6.2128E+00    7.3838E+00    7.1906E+00   
 1.8932E+01    3.0057E+01    2.9022E+01    2.0147E+01    1.6973E+01    2.2349E+01    4.2902E+01    3.3234E+01    1.9200E+01    6.0882E+00    6.2536E+00    7.3716E+00    7.1906E+00   
 2.0021E+01    3.0045E+01    2.9033E+01    2.0139E+01    1.6993E+01    2.2360E+01    4.2853E+01    3.3194E+01    1.9177E+01    6.1086E+00    6.2332E+00    7.4446E+00    7.1906E+00   
 2.1118E+01    3.0066E+01    2.9067E+01    2.0132E+01    1.6974E+01    2.2331E+01    4.2807E+01    3.3145E+01    1.9197E+01    6.1290E+00    6.2332E+00    7.3108E+00    7.1602E+00   
 2.2213E+01    3.0058E+01    2.9068E+01    2.0127E+01    1.6935E+01    2.2331E+01    4.2717E+01    3.3120E+01    1.9265E+01    6.1290E+00    6.2740E+00    7.4446E+00    7.1906E+00   
 2.3301E+01    3.0034E+01    2.9073E+01    2.0164E+01    1.6912E+01    2.2306E+01    4.2645E+01    3.3047E+01    1.9423E+01    6.1086E+00    6.2536E+00    7.4203E+00    7.1296E+00   
 2.4390E+01    3.0026E+01    2.9104E+01    2.0158E+01    1.6992E+01    2.2303E+01    4.2567E+01    3.3025E+01    1.9476E+01    6.1493E+00    6.2944E+00    7.4446E+00    7.1906E+00   
 2.5494E+01    3.0026E+01    2.9105E+01    2.0303E+01    1.6998E+01    2.2302E+01    4.2551E+01    3.3003E+01    1.9446E+01    6.1697E+00    6.2740E+00    7.3838E+00    7.1906E+00   
 2.6582E+01    3.0000E+01    2.9105E+01    2.0335E+01    1.7187E+01    2.2314E+01    4.2475E+01    3.2961E+01    1.9477E+01    6.1493E+00    6.2536E+00    7.4446E+00    7.1602E+00   
 2.7685E+01    2.9971E+01    2.9135E+01    2.0277E+01    1.7096E+01    2.2322E+01    4.2410E+01    3.2917E+01    1.9538E+01    6.1493E+00    6.2740E+00    7.4446E+00    7.1602E+00   
 2.8838E+01    2.9941E+01    2.9133E+01    2.0297E+01    1.7140E+01    2.2314E+01    4.2324E+01    3.2891E+01    1.9636E+01    6.1697E+00    6.2944E+00    7.3838E+00    7.1602E+00   
 2.9927E+01    2.9943E+01    2.9152E+01    2.0325E+01    1.7154E+01    2.2285E+01    4.2265E+01    3.2820E+01    1.9711E+01    6.1493E+00    6.2944E+00    7.4446E+00    7.1906E+00   
 3.1019E+01    2.9925E+01    2.9151E+01    2.0300E+01    1.7077E+01    2.2261E+01    4.2167E+01    3.2747E+01    1.9721E+01    6.1697E+00    6.3148E+00    7.4203E+00    7.1296E+00   
 3.2092E+01    2.9907E+01    2.9159E+01    2.0391E+01    1.7082E+01    2.2267E+01    4.2104E+01    3.2691E+01    1.9852E+01    6.1493E+00    6.2944E+00    7.4446E+00    7.1906E+00   
# Time (s)      T1w (C)       T2w (C)       T1a (C)       T2a (C)       T1r (C)       T2r (C)       T3r (C)       T4r (C)       P1 (bar)      P2 (bar)      Pow (W/100)      Qc (l/min)    
 3.3174E+01    2.9894E+01    2.9160E+01    2.0318E+01    1.7055E+01    2.2276E+01    4.2016E+01    3.2659E+01    1.9944E+01    6.1901E+00    6.2944E+00    7.4203E+00    7.1602E+00   
 3.4255E+01    2.9878E+01    2.9168E+01    2.0271E+01    1.7060E+01    2.2253E+01    4.1983E+01    3.2605E+01    2.0053E+01    6.1697E+00    6.2944E+00    7.4081E+00    7.1906E+00   
 3.5343E+01    2.9860E+01    2.9187E+01    2.0254E+01    1.7105E+01    2.2266E+01    4.1902E+01    3.2535E+01    2.0133E+01    6.1901E+00    6.2944E+00    7.3351E+00    7.1602E+00   
 3.6432E+01    2.9819E+01    2.9183E+01    2.0228E+01    1.7088E+01    2.2255E+01    4.1815E+01    3.2505E+01    2.0217E+01    6.1901E+00    6.3352E+00    7.4081E+00    7.2209E+00   
 3.7521E+01    2.9776E+01    2.9177E+01    2.0223E+01    1.7108E+01    2.2256E+01    4.1783E+01    3.2475E+01    2.0254E+01    6.1697E+00    6.3148E+00    7.3230E+00    7.1906E+00   
 3.8616E+01    2.9757E+01    2.9181E+01    2.0183E+01    1.7070E+01    2.2263E+01    4.1709E+01    3.2424E+01    2.0264E+01    6.1697E+00    6.3352E+00    7.3960E+00    7.1296E+00   
 3.9704E+01    2.9754E+01    2.9180E+01    2.0218E+01    1.7101E+01    2.2255E+01    4.1634E+01    3.2402E+01    2.0270E+01    6.1901E+00    6.3148E+00    7.3230E+00    7.1602E+00   
 4.0799E+01    2.9704E+01    2.9187E+01    2.0184E+01    1.7217E+01    2.2261E+01    4.1559E+01    3.2353E+01    2.0309E+01    6.1901E+00    6.3556E+00    7.4568E+00    7.1296E+00   
 4.1887E+01    2.9703E+01    2.9193E+01    2.0134E+01    1.7248E+01    2.2278E+01    4.1537E+01    3.2299E+01    2.0372E+01    6.2308E+00    6.3148E+00    7.4568E+00    7.1296E+00   
 4.2976E+01    2.9691E+01    2.9176E+01    2.0137E+01    1.7328E+01    2.2277E+01    4.1449E+01    3.2247E+01    2.0427E+01    6.2308E+00    6.3148E+00    7.3595E+00    7.1906E+00   
 4.4064E+01    2.9695E+01    2.9178E+01    2.0123E+01    1.7182E+01    2.2268E+01    4.1377E+01    3.2218E+01    2.0473E+01    6.2105E+00    6.3352E+00    7.3230E+00    7.1602E+00   
 4.5154E+01    2.9668E+01    2.9167E+01    2.0102E+01    1.7184E+01    2.2284E+01    4.1303E+01    3.2202E+01    2.0476E+01    6.2308E+00    6.3556E+00    7.4324E+00    7.1906E+00   
 4.6242E+01    2.9655E+01    2.9164E+01    2.0103E+01    1.7121E+01    2.2280E+01    4.1266E+01    3.2142E+01    2.0475E+01    6.2105E+00    6.3352E+00    7.3716E+00    7.1906E+00   
 4.7329E+01    2.9639E+01    2.9153E+01    2.0126E+01    1.7354E+01    2.2283E+01    4.1204E+01    3.2081E+01    2.0437E+01    6.2105E+00    6.3352E+00    7.3108E+00    7.1602E+00   
 4.8417E+01    2.9633E+01    2.9176E+01    2.0139E+01    1.7323E+01    2.2284E+01    4.1146E+01    3.2029E+01    2.0354E+01    6.1901E+00    6.3556E+00    7.4446E+00    7.1906E+00   
 4.9514E+01    2.9657E+01    2.9184E+01    2.0157E+01    1.7344E+01    2.2268E+01    4.1087E+01    3.1994E+01    2.0359E+01    6.2105E+00    6.3352E+00    7.3595E+00    7.1602E+00   
 5.0602E+01    2.9643E+01    2.9186E+01    2.0200E+01    1.7284E+01    2.2280E+01    4.1010E+01    3.1967E+01    2.0411E+01    6.2105E+00    6.3556E+00    7.3595E+00    7.2209E+00   
 5.1689E+01    2.9621E+01    2.9168E+01    2.0161E+01    1.7336E+01    2.2288E+01    4.0946E+01    3.1898E+01    2.0446E+01    6.2105E+00    6.3352E+00    7.3473E+00    7.1296E+00   
 5.2786E+01    2.9586E+01    2.9153E+01    2.0171E+01    1.7307E+01    2.2279E+01    4.0889E+01    3.1858E+01    2.0458E+01    6.2105E+00    6.3556E+00    7.4324E+00    7.2209E+00   
 5.3873E+01    2.9565E+01    2.9162E+01    2.0192E+01    1.7261E+01    2.2293E+01    4.0852E+01    3.1854E+01    2.0492E+01    6.2512E+00    6.3760E+00    7.4568E+00    7.1906E+00   
 5.4961E+01    2.9575E+01    2.9144E+01    2.0201E+01    1.7183E+01    2.2295E+01    4.0778E+01    3.1806E+01    2.0528E+01    6.2308E+00    6.3556E+00    7.4568E+00    7.1602E+00   
 5.6042E+01    2.9577E+01    2.9152E+01    2.0228E+01    1.7350E+01    2.2318E+01    4.0721E+01    3.1761E+01    2.0588E+01    6.2105E+00    6.3556E+00    7.3230E+00    7.1602E+00   
 5.7138E+01    2.9559E+01    2.9151E+01    2.0223E+01    1.7312E+01    2.2350E+01    4.0663E+01    3.1742E+01    2.0568E+01    6.2105E+00    6.3556E+00    7.3230E+00    7.1602E+00   
 5.8249E+01    2.9521E+01    2.9143E+01    2.0267E+01    1.7293E+01    2.2356E+01    4.0652E+01    3.1711E+01    2.0637E+01    6.2308E+00    6.3556E+00    7.4568E+00    7.1906E+00   
 5.9346E+01    2.9517E+01    2.9131E+01    2.0312E+01    1.7214E+01    2.2347E+01    4.0583E+01    3.1663E+01    2.0742E+01    6.2512E+00    6.3964E+00    7.4568E+00    7.1602E+00   
 6.0466E+01    2.9502E+01    2.9134E+01    2.0324E+01    1.7280E+01    2.2365E+01    4.0526E+01    3.1622E+01    2.0758E+01    6.2308E+00    6.3556E+00    7.4203E+00    7.1906E+00   
 6.1555E+01    2.9497E+01    2.9139E+01    2.0348E+01    1.7291E+01    2.2381E+01    4.0462E+01    3.1607E+01    2.0781E+01    6.2512E+00    6.3760E+00    7.3473E+00    7.1906E+00   
 6.2643E+01    2.9475E+01    2.9127E+01    2.0343E+01    1.7299E+01    2.2404E+01    4.0443E+01    3.1607E+01    2.0852E+01    6.2716E+00    6.3760E+00    7.4568E+00    7.1296E+00   
 6.3726E+01    2.9472E+01    2.9125E+01    2.0355E+01    1.7437E+01    2.2436E+01    4.0402E+01    3.1568E+01    2.0860E+01    6.2512E+00    6.3964E+00    7.3473E+00    7.1906E+00   
 6.4812E+01    2.9446E+01    2.9127E+01    2.0395E+01    1.7409E+01    2.2440E+01    4.0345E+01    3.1531E+01    2.0838E+01    6.2308E+00    6.3556E+00    7.3595E+00    7.2209E+00   
# Time (s)      T1w (C)       T2w (C)       T1a (C)       T2a (C)       T1r (C)       T2r (C)       T3r (C)       T4r (C)       P1 (bar)      P2 (bar)      Pow (W/100)      Qc (l/min)    
 6.5903E+01    2.9448E+01    2.9131E+01    2.0342E+01    1.7396E+01    2.2447E+01    4.0268E+01    3.1494E+01    2.0810E+01    6.2308E+00    6.3760E+00    7.3595E+00    7.1906E+00   
 6.6984E+01    2.9435E+01    2.9111E+01    2.0368E+01    1.7368E+01    2.2460E+01    4.0254E+01    3.1472E+01    2.0840E+01    6.2308E+00    6.3964E+00    7.3716E+00    7.1296E+00   
 6.8067E+01    2.9406E+01    2.9109E+01    2.0392E+01    1.7443E+01    2.2489E+01    4.0194E+01    3.1433E+01    2.0865E+01    6.2308E+00    6.3964E+00    7.3351E+00    7.1602E+00   
 6.9173E+01    2.9377E+01    2.9100E+01    2.0359E+01    1.7389E+01    2.2499E+01    4.0130E+01    3.1409E+01    2.0884E+01    6.2716E+00    6.3964E+00    7.3716E+00    7.1906E+00   
 7.0268E+01    2.9379E+01    2.9090E+01    2.0346E+01    1.7521E+01    2.2510E+01    4.0119E+01    3.1384E+01    2.0919E+01    6.2512E+00    6.3760E+00    7.3351E+00    7.1906E+00   
 7.1364E+01    2.9390E+01    2.9091E+01    2.0324E+01    1.7560E+01    2.2502E+01    4.0052E+01    3.1328E+01    2.0926E+01    6.2308E+00    6.3760E+00    7.3960E+00    7.1296E+00   
 7.2453E+01    2.9378E+01    2.9088E+01    2.0333E+01    1.7739E+01    2.2517E+01    4.0008E+01    3.1330E+01    2.0919E+01    6.2716E+00    6.3964E+00    7.3351E+00    7.1602E+00   
 7.3548E+01    2.9370E+01    2.9087E+01    2.0341E+01    1.7560E+01    2.2543E+01    3.9945E+01    3.1303E+01    2.0934E+01    6.2716E+00    6.3964E+00    7.3838E+00    7.2209E+00   
 7.4637E+01    2.9369E+01    2.9082E+01    2.0334E+01    1.7508E+01    2.2537E+01    3.9929E+01    3.1272E+01    2.0954E+01    6.2512E+00    6.3964E+00    7.4689E+00    7.2209E+00   
 7.5725E+01    2.9358E+01    2.9068E+01    2.0265E+01    1.7503E+01    2.2573E+01    3.9882E+01    3.1244E+01    2.0987E+01    6.2512E+00    6.3760E+00    7.3716E+00    7.1602E+00   
 7.6812E+01    2.9351E+01    2.9077E+01    2.0271E+01    1.7626E+01    2.2579E+01    3.9809E+01    3.1210E+01    2.1083E+01    6.2716E+00    6.3964E+00    7.4446E+00    7.1906E+00   
 7.7902E+01    2.9344E+01    2.9084E+01    2.0252E+01    1.7601E+01    2.2587E+01    3.9757E+01    3.1210E+01    2.1081E+01    6.2512E+00    6.4168E+00    7.4568E+00    7.2209E+00   
 7.8997E+01    2.9303E+01    2.9077E+01    2.0214E+01    1.7589E+01    2.2584E+01    3.9743E+01    3.1167E+01    2.1055E+01    6.2512E+00    6.3964E+00    7.4689E+00    7.1906E+00   
 8.0085E+01    2.9280E+01    2.9064E+01    2.0214E+01    1.7637E+01    2.2606E+01    3.9691E+01    3.1141E+01    2.1060E+01    6.2716E+00    6.4168E+00    7.3351E+00    7.1906E+00   
 8.1180E+01    2.9251E+01    2.9037E+01    2.0175E+01    1.7758E+01    2.2618E+01    3.9623E+01    3.1090E+01    2.1025E+01    6.2512E+00    6.3964E+00    7.4811E+00    7.1906E+00   
 8.2277E+01    2.9253E+01    2.9039E+01    2.0170E+01    1.7754E+01    2.2632E+01    3.9581E+01    3.1089E+01    2.1078E+01    6.2716E+00    6.4168E+00    7.4689E+00    7.1906E+00   
 8.3366E+01    2.9242E+01    2.9030E+01    2.0170E+01    1.7751E+01    2.2629E+01    3.9558E+01    3.1042E+01    2.1107E+01    6.2716E+00    6.4168E+00    7.3473E+00    7.1602E+00   
 8.4462E+01    2.9244E+01    2.9051E+01    2.0184E+01    1.7735E+01    2.2627E+01    3.9466E+01    3.0981E+01    2.1092E+01    6.2512E+00    6.4168E+00    7.4324E+00    7.1906E+00   
 8.5549E+01    2.9250E+01    2.9048E+01    2.0207E+01    1.7744E+01    2.2635E+01    3.9430E+01    3.0950E+01    2.1136E+01    6.2919E+00    6.4168E+00    7.4689E+00    7.1602E+00   
 8.6637E+01    2.9245E+01    2.9039E+01    2.0227E+01    1.7726E+01    2.2631E+01    3.9362E+01    3.0925E+01    2.1189E+01    6.2919E+00    6.4168E+00    7.3838E+00    7.1602E+00   
 8.7774E+01    2.9241E+01    2.9040E+01    2.0239E+01    1.7693E+01    2.2642E+01    3.9338E+01    3.0891E+01    2.1212E+01    6.2919E+00    6.4168E+00    7.3473E+00    7.1602E+00   
 8.8870E+01    2.9229E+01    2.9028E+01    2.0242E+01    1.7713E+01    2.2659E+01    3.9288E+01    3.0853E+01    2.1213E+01    6.2716E+00    6.3964E+00    7.3595E+00    7.1906E+00   
 8.9983E+01    2.9232E+01    2.9007E+01    2.0250E+01    1.7625E+01    2.2654E+01    3.9232E+01    3.0803E+01    2.1225E+01    6.2716E+00    6.4168E+00    7.3473E+00    7.1602E+00   
 9.1062E+01    2.9212E+01    2.9009E+01    2.0244E+01    1.7598E+01    2.2653E+01    3.9184E+01    3.0787E+01    2.1173E+01    6.2716E+00    6.4168E+00    7.3838E+00    7.2209E+00   
 9.2150E+01    2.9205E+01    2.9008E+01    2.0264E+01    1.7540E+01    2.2659E+01    3.9131E+01    3.0736E+01    2.1125E+01    6.2919E+00    6.4168E+00    7.3351E+00    7.1906E+00   
 9.3238E+01    2.9167E+01    2.9003E+01    2.0255E+01    1.7502E+01    2.2635E+01    3.9064E+01    3.0699E+01    2.1096E+01    6.2919E+00    6.4372E+00    7.4446E+00    7.1296E+00   
 9.4327E+01    2.9146E+01    2.8991E+01    2.0241E+01    1.7462E+01    2.2650E+01    3.9016E+01    3.0648E+01    2.1081E+01    6.2919E+00    6.4168E+00    7.4811E+00    7.1602E+00   
 9.5416E+01    2.9118E+01    2.8997E+01    2.0242E+01    1.7487E+01    2.2634E+01    3.8966E+01    3.0597E+01    2.1107E+01    6.2512E+00    6.3964E+00    7.4568E+00    7.1296E+00   
 9.6504E+01    2.9108E+01    2.9012E+01    2.0261E+01    1.7546E+01    2.2645E+01    3.8930E+01    3.0574E+01    2.1210E+01    6.2716E+00    6.4168E+00    7.3473E+00    7.1906E+00   
 9.7591E+01    2.9096E+01    2.9009E+01    2.0253E+01    1.7585E+01    2.2650E+01    3.8873E+01    3.0554E+01    2.1249E+01    6.2919E+00    6.3964E+00    7.3716E+00    7.1906E+00   
# Time (s)      T1w (C)       T2w (C)       T1a (C)       T2a (C)       T1r (C)       T2r (C)       T3r (C)       T4r (C)       P1 (bar)      P2 (bar)      Pow (W/100)      Qc (l/min)    
 9.8680E+01    2.9086E+01    2.9017E+01    2.0238E+01    1.7620E+01    2.2646E+01    3.8785E+01    3.0507E+01    2.1273E+01    6.2919E+00    6.4168E+00    7.4446E+00    7.1906E+00   
 9.9769E+01    2.9101E+01    2.9027E+01    2.0251E+01    1.7604E+01    2.2658E+01    3.8797E+01    3.0474E+01    2.1296E+01    6.2716E+00    6.4372E+00    7.4446E+00    7.1602E+00   
 1.0086E+02    2.9083E+01    2.8995E+01    2.0235E+01    1.7653E+01    2.2677E+01    3.8753E+01    3.0470E+01    2.1292E+01    6.2919E+00    6.4168E+00    7.3230E+00    7.1906E+00   
 1.0194E+02    2.9077E+01    2.8988E+01    2.0188E+01    1.7621E+01    2.2690E+01    3.8730E+01    3.0452E+01    2.1304E+01    6.2919E+00    6.4168E+00    7.4203E+00    7.1906E+00   
 1.0303E+02    2.9045E+01    2.8972E+01    2.0204E+01    1.7679E+01    2.2713E+01    3.8670E+01    3.0460E+01    2.1328E+01    6.2716E+00    6.4168E+00    7.4568E+00    7.1906E+00   
 1.0412E+02    2.9026E+01    2.8947E+01    2.0203E+01    1.7616E+01    2.2710E+01    3.8629E+01    3.0390E+01    2.1297E+01    6.2716E+00    6.4168E+00    7.3838E+00    7.1906E+00   
 1.0521E+02    2.9009E+01    2.8970E+01    2.0228E+01    1.7755E+01    2.2712E+01    3.8587E+01    3.0369E+01    2.1267E+01    6.2919E+00    6.3964E+00    7.3473E+00    7.1602E+00   
 1.0630E+02    2.9008E+01    2.8950E+01    2.0235E+01    1.7688E+01    2.2726E+01    3.8529E+01    3.0322E+01    2.1299E+01    6.3123E+00    6.4168E+00    7.4689E+00    7.1906E+00   
 1.0738E+02    2.8998E+01    2.8940E+01    2.0244E+01    1.7669E+01    2.2721E+01    3.8511E+01    3.0311E+01    2.1308E+01    6.2716E+00    6.4372E+00    7.4568E+00    7.1906E+00   
 1.0847E+02    2.8976E+01    2.8944E+01    2.0213E+01    1.7692E+01    2.2731E+01    3.8449E+01    3.0260E+01    2.1260E+01    6.2919E+00    6.4372E+00    7.3716E+00    7.1906E+00   
 1.0956E+02    2.8968E+01    2.8940E+01    2.0204E+01    1.7659E+01    2.2725E+01    3.8404E+01    3.0236E+01    2.1249E+01    6.2716E+00    6.4372E+00    7.4081E+00    7.1602E+00   
 1.1065E+02    2.8949E+01    2.8927E+01    2.0205E+01    1.7673E+01    2.2719E+01    3.8335E+01    3.0201E+01    2.1295E+01    6.2919E+00    6.4372E+00    7.4689E+00    7.2209E+00   
 1.1174E+02    2.8918E+01    2.8883E+01    2.0204E+01    1.7652E+01    2.2755E+01    3.8339E+01    3.0193E+01    2.1348E+01    6.3123E+00    6.4372E+00    7.4081E+00    7.1602E+00   
 1.1283E+02    2.8940E+01    2.8898E+01    2.0218E+01    1.7632E+01    2.2793E+01    3.8312E+01    3.0177E+01    2.1357E+01    6.2919E+00    6.4168E+00    1.4938E+01    7.1906E+00   
 1.1393E+02    2.8894E+01    2.8853E+01    2.0195E+01    1.7640E+01    2.2790E+01    3.8256E+01    3.0149E+01    2.1315E+01    6.2919E+00    6.4168E+00    1.4634E+01    7.1906E+00   
 1.1503E+02    2.8887E+01    2.8873E+01    2.0217E+01    1.7622E+01    2.2829E+01    3.8130E+01    3.0128E+01    2.1318E+01    5.3548E+00    7.0695E+00    9.8655E+00    7.1296E+00   
 1.1611E+02    2.8891E+01    2.8862E+01    2.0231E+01    1.7651E+01    2.3132E+01    3.7559E+01    3.0097E+01    2.1314E+01    4.9066E+00    7.1918E+00    9.8046E+00    7.1602E+00   
 1.1720E+02    2.8875E+01    2.8830E+01    2.0232E+01    1.7631E+01    2.3474E+01    3.6939E+01    3.0086E+01    2.1290E+01    4.7233E+00    7.1918E+00    9.6830E+00    7.1906E+00   
 1.1828E+02    2.8890E+01    2.8648E+01    2.0247E+01    1.7638E+01    2.3664E+01    3.7049E+01    3.0203E+01    2.1396E+01    4.5807E+00    7.2938E+00    9.6222E+00    7.1602E+00   
 1.1942E+02    2.8883E+01    2.8356E+01    2.0245E+01    1.7651E+01    2.3982E+01    3.7491E+01    3.0299E+01    2.1463E+01    4.4992E+00    7.3958E+00    9.5978E+00    7.1602E+00   
 1.2051E+02    2.8869E+01    2.7920E+01    2.0360E+01    1.7680E+01    2.4263E+01    3.7798E+01    3.0295E+01    2.1724E+01    4.4788E+00    7.4570E+00    9.4518E+00    7.1906E+00   
 1.2160E+02    2.8848E+01    2.7479E+01    2.0567E+01    1.7701E+01    2.4504E+01    3.8440E+01    2.9886E+01    2.1879E+01    4.4381E+00    7.4978E+00    9.5005E+00    7.1296E+00   
 1.2268E+02    2.8835E+01    2.6707E+01    2.0641E+01    1.7714E+01    2.4615E+01    3.9065E+01    2.8561E+01    2.2127E+01    4.3770E+00    7.6405E+00    9.4883E+00    7.1296E+00   
 1.2377E+02    2.8841E+01    2.6382E+01    2.0735E+01    1.7744E+01    2.4762E+01    3.9397E+01    2.7983E+01    2.2190E+01    4.3973E+00    7.6813E+00    9.6465E+00    7.1906E+00   
 1.2485E+02    2.8844E+01    2.5718E+01    2.0679E+01    1.7733E+01    2.4847E+01    4.0009E+01    2.7192E+01    2.2459E+01    4.3362E+00    7.7833E+00    9.5735E+00    7.1602E+00   
 1.2593E+02    2.8816E+01    2.5101E+01    2.0732E+01    1.7779E+01    2.4893E+01    4.0597E+01    2.7012E+01    2.2612E+01    4.3566E+00    7.8649E+00    9.5370E+00    7.1296E+00   
 1.2702E+02    2.8857E+01    2.4802E+01    2.0751E+01    1.7860E+01    2.4910E+01    4.1122E+01    2.7180E+01    2.2822E+01    4.3770E+00    7.9057E+00    9.6952E+00    7.1602E+00   
 1.2811E+02    2.8847E+01    2.4207E+01    2.0765E+01    1.7810E+01    2.4881E+01    4.1382E+01    2.7323E+01    2.2940E+01    4.3362E+00    7.9669E+00    9.7438E+00    7.1296E+00   
 1.2920E+02    2.8833E+01    2.3570E+01    2.0719E+01    1.7839E+01    2.4816E+01    4.1848E+01    2.7650E+01    2.3041E+01    4.3566E+00    8.0484E+00    9.6465E+00    7.1602E+00   
 1.3028E+02    2.8845E+01    2.2979E+01    2.0702E+01    1.7827E+01    2.4730E+01    4.2236E+01    2.7960E+01    2.3081E+01    4.3566E+00    8.1708E+00    9.7438E+00    7.1296E+00   
# Time (s)      T1w (C)       T2w (C)       T1a (C)       T2a (C)       T1r (C)       T2r (C)       T3r (C)       T4r (C)       P1 (bar)      P2 (bar)      Pow (W/100)      Qc (l/min)    
 1.3137E+02    2.8857E+01    2.2719E+01    2.0805E+01    1.7826E+01    2.4603E+01    4.2621E+01    2.8138E+01    2.3485E+01    4.3566E+00    8.2320E+00    9.9506E+00    7.1296E+00   
 1.3246E+02    2.8826E+01    2.2222E+01    2.0737E+01    1.7787E+01    2.4439E+01    4.2805E+01    2.8480E+01    2.3996E+01    4.3770E+00    8.2932E+00    9.7438E+00    7.1602E+00   
 1.3355E+02    2.8837E+01    2.1882E+01    2.0754E+01    1.7871E+01    2.4377E+01    4.3165E+01    2.8857E+01    2.4139E+01    4.3973E+00    8.4360E+00    9.9263E+00    7.0990E+00   
 1.3463E+02    2.8790E+01    2.1619E+01    2.0753E+01    1.7977E+01    2.4194E+01    4.3512E+01    2.9210E+01    2.4587E+01    4.3973E+00    8.4360E+00    9.9506E+00    7.1296E+00   
 1.3573E+02    2.8767E+01    2.1460E+01    2.0747E+01    1.7973E+01    2.3989E+01    4.3662E+01    2.9403E+01    2.4636E+01    4.4177E+00    8.5379E+00    9.8776E+00    7.1602E+00   
 1.3682E+02    2.8733E+01    2.1256E+01    2.0816E+01    1.7888E+01    2.4031E+01    4.3951E+01    2.9746E+01    2.4835E+01    5.8845E+00    7.2938E+00    9.8411E+00    7.1296E+00   
 1.3792E+02    2.8735E+01    2.1105E+01    2.0826E+01    1.7924E+01    2.4518E+01    4.3570E+01    2.9746E+01    2.4880E+01    6.4957E+00    8.0484E+00    1.0498E+01    7.1296E+00   
 1.3901E+02    2.8707E+01    2.1209E+01    2.0774E+01    1.7929E+01    2.5447E+01    4.2632E+01    2.9603E+01    2.5022E+01    6.5160E+00    8.5379E+00    1.1155E+01    7.1296E+00   
 1.4009E+02    2.8709E+01    2.2683E+01    2.0768E+01    1.7985E+01    2.6172E+01    4.2150E+01    2.9562E+01    2.5217E+01    6.3938E+00    9.0478E+00    1.1167E+01    7.0990E+00   
 1.4117E+02    2.8711E+01    2.5205E+01    2.0827E+01    1.8069E+01    2.6651E+01    4.1572E+01    3.0079E+01    2.5174E+01    6.2716E+00    9.3130E+00    1.1228E+01    7.0681E+00   
 1.4226E+02    2.8665E+01    2.7102E+01    2.0883E+01    1.8164E+01    2.6832E+01    4.1500E+01    3.1100E+01    2.5264E+01    6.1493E+00    9.6393E+00    1.1471E+01    7.1296E+00   
 1.4334E+02    2.8644E+01    2.8187E+01    2.0864E+01    1.8220E+01    2.7062E+01    4.1814E+01    3.2287E+01    2.5116E+01    6.0679E+00    9.8025E+00    1.1362E+01    7.1602E+00   
 1.4443E+02    2.8616E+01    3.0365E+01    2.0874E+01    1.8135E+01    2.7140E+01    4.2061E+01    3.2858E+01    2.4981E+01    5.9253E+00    1.0047E+01    1.1423E+01    7.0990E+00   
 1.4552E+02    2.8615E+01    3.2070E+01    2.0800E+01    1.8075E+01    2.7035E+01    4.2609E+01    3.3979E+01    2.4909E+01    5.8030E+00    1.0190E+01    1.1654E+01    7.0990E+00   
 1.4661E+02    2.8620E+01    3.3328E+01    2.0694E+01    1.8078E+01    2.6926E+01    4.3174E+01    3.4912E+01    2.4700E+01    5.6604E+00    1.0353E+01    1.1386E+01    7.1602E+00   
 1.4769E+02    2.8626E+01    3.3858E+01    2.0623E+01    1.8038E+01    2.6574E+01    4.3452E+01    3.5161E+01    2.4283E+01    5.5586E+00    1.0476E+01    1.1520E+01    7.1602E+00   
 1.4879E+02    2.8624E+01    3.4745E+01    2.0560E+01    1.8095E+01    2.6079E+01    4.4034E+01    3.4651E+01    2.3893E+01    5.4363E+00    1.0516E+01    1.1325E+01    7.1602E+00   
 1.4988E+02    2.8632E+01    3.5482E+01    2.0529E+01    1.8150E+01    2.5752E+01    4.4585E+01    3.3405E+01    2.3641E+01    5.3345E+00    1.0639E+01    1.1532E+01    7.1296E+00   
 1.5097E+02    2.8609E+01    3.6041E+01    2.0569E+01    1.8197E+01    2.4721E+01    4.5062E+01    3.1936E+01    2.3190E+01    5.2937E+00    1.0741E+01    1.1398E+01    7.0990E+00   
 1.5205E+02    2.8610E+01    3.6285E+01    2.0643E+01    1.8300E+01    2.3453E+01    4.5251E+01    3.1288E+01    2.2804E+01    5.2122E+00    1.0700E+01    1.1264E+01    7.1602E+00   
 1.5314E+02    2.8616E+01    3.6696E+01    2.0640E+01    1.8414E+01    2.2452E+01    4.5697E+01    3.0243E+01    2.2450E+01    5.1511E+00    1.0761E+01    1.1520E+01    7.1602E+00   
 1.5424E+02    2.8601E+01    3.7057E+01    2.0639E+01    1.8380E+01    2.2037E+01    4.6125E+01    2.9313E+01    2.2322E+01    5.0696E+00    1.0863E+01    1.1228E+01    7.1296E+00   
 1.5533E+02    2.8606E+01    3.7211E+01    2.0626E+01    1.8386E+01    2.1240E+01    4.6482E+01    2.8222E+01    2.2001E+01    4.9881E+00    1.0863E+01    1.1374E+01    7.1602E+00   
 1.5641E+02    2.8580E+01    3.7447E+01    2.0594E+01    1.8433E+01    2.0452E+01    4.6650E+01    2.7623E+01    2.1676E+01    4.9066E+00    1.0924E+01    1.1155E+01    7.1296E+00   
 1.5756E+02    2.8562E+01    3.7653E+01    2.0559E+01    1.8555E+01    1.9706E+01    4.7018E+01    2.6334E+01    2.1325E+01    4.8455E+00    1.0945E+01    1.1386E+01    7.1296E+00   
 1.5865E+02    2.8572E+01    3.7837E+01    2.0562E+01    1.8595E+01    1.9379E+01    4.7405E+01    2.5058E+01    2.1190E+01    4.7233E+00    1.1006E+01    1.1374E+01    7.1296E+00   
 1.5977E+02    2.8558E+01    3.7987E+01    2.0510E+01    1.8624E+01    1.8842E+01    4.7742E+01    2.3770E+01    2.0845E+01    4.6622E+00    1.0863E+01    1.1252E+01    7.1906E+00   
 1.6085E+02    2.8513E+01    3.8051E+01    2.0453E+01    1.8638E+01    1.8417E+01    4.7929E+01    2.3190E+01    2.0473E+01    4.6214E+00    1.0904E+01    1.1033E+01    7.1602E+00   
 1.6193E+02    2.8483E+01    3.8150E+01    2.0382E+01    1.8704E+01    1.8098E+01    4.8261E+01    2.2060E+01    2.0077E+01    4.5603E+00    1.1006E+01    1.1240E+01    7.1906E+00   
 1.6301E+02    2.8414E+01    3.8216E+01    2.0320E+01    1.8896E+01    1.7961E+01    4.8584E+01    2.1125E+01    1.9830E+01    4.4992E+00    1.0924E+01    1.1252E+01    7.2209E+00   
# Time (s)      T1w (C)       T2w (C)       T1a (C)       T2a (C)       T1r (C)       T2r (C)       T3r (C)       T4r (C)       P1 (bar)      P2 (bar)      Pow (W/100)      Qc (l/min)    
 1.6408E+02    2.8339E+01    3.8224E+01    2.0192E+01    1.8942E+01    1.7738E+01    4.8906E+01    2.0423E+01    1.9444E+01    4.4381E+00    1.0883E+01    1.1009E+01    7.1296E+00   
 1.6517E+02    2.8291E+01    3.8261E+01    2.0203E+01    1.9005E+01    1.7557E+01    4.9052E+01    2.0152E+01    1.9048E+01    4.3973E+00    1.0863E+01    1.0960E+01    7.1906E+00   
 1.6625E+02    2.8267E+01    3.8281E+01    2.0206E+01    1.8994E+01    1.7471E+01    4.9361E+01    1.9799E+01    1.8857E+01    4.3362E+00    1.0883E+01    1.1118E+01    7.1296E+00   
 1.6734E+02    2.8283E+01    3.8279E+01    2.0192E+01    1.8932E+01    1.7315E+01    4.9672E+01    1.9642E+01    1.8518E+01    4.2955E+00    1.0904E+01    1.0912E+01    7.1296E+00   
 1.6843E+02    2.8282E+01    3.8265E+01    2.0028E+01    1.8946E+01    1.7182E+01    4.9824E+01    1.9641E+01    1.8202E+01    4.2140E+00    1.0802E+01    1.0899E+01    7.1602E+00   
 1.6951E+02    2.8303E+01    3.8247E+01    2.0052E+01    1.8795E+01    1.7017E+01    5.0134E+01    1.9731E+01    1.7812E+01    4.1733E+00    1.0863E+01    1.0972E+01    7.1296E+00   
 1.7060E+02    2.8284E+01    3.8201E+01    2.0087E+01    1.8551E+01    1.6943E+01    5.0388E+01    2.0032E+01    1.7634E+01    4.1121E+00    1.0822E+01    1.0741E+01    7.1296E+00   
 1.7169E+02    2.8260E+01    3.8147E+01    1.9942E+01    1.8352E+01    1.6777E+01    5.0634E+01    2.0470E+01    1.7137E+01    4.0918E+00    1.0720E+01    1.0766E+01    7.1602E+00   
 1.7278E+02    2.8223E+01    3.8113E+01    1.9985E+01    1.8281E+01    1.6656E+01    5.0756E+01    2.0756E+01    1.6770E+01    4.0510E+00    1.0802E+01    1.0802E+01    7.1602E+00   
 1.7387E+02    2.8204E+01    3.8066E+01    1.9999E+01    1.8169E+01    1.6538E+01    5.1006E+01    2.1458E+01    1.6572E+01    4.0307E+00    1.0720E+01    1.0644E+01    7.1296E+00   
 1.7495E+02    2.8200E+01    3.7987E+01    1.9699E+01    1.8140E+01    1.6493E+01    5.1235E+01    2.2308E+01    1.6496E+01    3.9899E+00    1.0679E+01    1.0608E+01    7.1296E+00   
 1.7605E+02    2.8216E+01    3.7966E+01    1.9752E+01    1.8105E+01    1.6366E+01    5.1438E+01    2.3215E+01    1.6269E+01    3.9492E+00    1.0741E+01    1.0741E+01    7.1906E+00   
 1.7713E+02    2.8205E+01    3.7901E+01    1.9818E+01    1.8054E+01    1.6284E+01    5.1560E+01    2.3702E+01    1.5942E+01    3.9492E+00    1.0618E+01    1.0571E+01    7.1906E+00   
 1.7822E+02    2.8195E+01    3.7828E+01    1.9847E+01    1.7993E+01    1.6162E+01    5.1736E+01    2.4643E+01    1.5550E+01    3.9288E+00    1.0679E+01    1.0535E+01    7.1906E+00   
 1.7932E+02    2.8201E+01    3.7795E+01    1.9862E+01    1.7947E+01    1.6136E+01    5.1920E+01    2.5617E+01    1.5457E+01    3.9084E+00    1.0618E+01    1.0547E+01    7.1602E+00   
 1.8041E+02    2.8208E+01    3.7764E+01    1.9791E+01    1.7942E+01    1.6043E+01    5.2096E+01    2.6586E+01    1.5304E+01    3.8677E+00    1.0618E+01    1.0583E+01    7.1906E+00   
 1.8151E+02    2.8229E+01    3.7706E+01    1.9821E+01    1.8002E+01    1.5956E+01    5.2175E+01    2.7048E+01    1.5029E+01    3.8473E+00    1.0577E+01    1.0510E+01    7.1906E+00   
 1.8259E+02    2.8226E+01    3.7651E+01    1.9724E+01    1.8001E+01    1.5916E+01    5.2313E+01    2.7966E+01    1.4897E+01    3.8066E+00    1.0618E+01    1.0668E+01    7.2209E+00   
 1.8368E+02    2.8241E+01    3.7581E+01    1.9776E+01    1.8002E+01    1.5817E+01    5.2442E+01    2.8776E+01    1.4724E+01    3.8269E+00    1.0577E+01    1.2955E+01    7.1296E+00   
 1.8478E+02    2.8237E+01    3.7567E+01    1.9825E+01    1.8591E+01    1.5716E+01    5.2509E+01    2.9162E+01    1.4260E+01    3.7862E+00    1.0496E+01    1.2554E+01    7.1906E+00   
 1.8587E+02    2.8242E+01    3.7504E+01    1.9859E+01    1.4496E+01    1.5584E+01    5.2622E+01    2.9845E+01    1.3411E+01    3.8269E+00    1.0516E+01    1.2554E+01    7.2209E+00   
 1.8695E+02    2.8237E+01    3.7451E+01    1.9949E+01    1.4494E+01    1.5483E+01    5.2725E+01    3.0454E+01    1.2957E+01    3.8269E+00    1.0557E+01    1.1994E+01    7.1906E+00   
 1.8804E+02    2.8252E+01    3.7415E+01    2.0039E+01    1.4503E+01    1.4820E+01    5.2816E+01    3.1014E+01    1.2462E+01    3.8473E+00    1.0476E+01    1.1775E+01    7.1602E+00   
 1.8913E+02    2.8269E+01    3.7404E+01    2.0155E+01    1.4274E+01    1.3446E+01    5.2869E+01    3.1278E+01    1.2303E+01    3.8880E+00    1.0537E+01    1.2055E+01    7.1296E+00   
 1.9022E+02    2.8267E+01    3.7360E+01    2.0174E+01    1.4434E+01    1.2707E+01    5.2896E+01    3.1712E+01    1.2252E+01    3.9288E+00    1.0537E+01    1.1861E+01    7.1906E+00   
 1.9134E+02    2.8314E+01    3.7345E+01    2.0092E+01    1.4553E+01    1.2419E+01    5.2891E+01    3.2036E+01    1.2218E+01    3.9695E+00    1.0537E+01    1.2031E+01    7.1602E+00   
 1.9243E+02    2.8286E+01    3.7326E+01    2.0097E+01    1.4642E+01    1.1971E+01    5.2848E+01    3.2261E+01    1.2169E+01    3.9695E+00    1.0659E+01    1.1897E+01    7.1296E+00   
 1.9354E+02    2.8310E+01    3.7349E+01    2.0105E+01    1.4769E+01    1.1622E+01    5.2807E+01    3.2344E+01    1.2200E+01    3.9899E+00    1.0598E+01    1.1946E+01    7.2209E+00   
 1.9462E+02    2.8329E+01    3.7392E+01    2.0113E+01    1.4763E+01    1.1366E+01    5.2749E+01    3.2455E+01    1.2206E+01    3.9899E+00    1.0639E+01    1.2250E+01    7.1602E+00   
 1.9571E+02    2.8364E+01    3.7441E+01    2.0016E+01    1.4852E+01    1.1249E+01    5.2687E+01    3.2523E+01    1.2225E+01    4.0103E+00    1.0639E+01    1.2250E+01    7.1906E+00   
# Time (s)      T1w (C)       T2w (C)       T1a (C)       T2a (C)       T1r (C)       T2r (C)       T3r (C)       T4r (C)       P1 (bar)      P2 (bar)      Pow (W/100)      Qc (l/min)    
 1.9679E+02    2.8410E+01    3.7471E+01    1.9979E+01    1.4919E+01    1.1082E+01    5.2649E+01    3.2568E+01    1.2261E+01    3.9899E+00    1.0679E+01    1.2274E+01    7.1602E+00   
 1.9786E+02    2.8430E+01    3.7519E+01    1.9984E+01    1.4847E+01    1.0950E+01    5.2536E+01    3.2559E+01    1.2241E+01    4.0307E+00    1.0741E+01    1.2238E+01    7.2209E+00   
 1.9895E+02    2.8403E+01    3.7574E+01    1.9834E+01    1.4843E+01    1.0857E+01    5.2380E+01    3.2555E+01    1.2218E+01    4.0307E+00    1.0720E+01    1.1982E+01    7.1602E+00   
 2.0004E+02    2.8380E+01    3.7625E+01    1.9697E+01    1.4823E+01    1.0728E+01    5.2269E+01    3.2520E+01    1.2246E+01    4.0103E+00    1.0761E+01    1.2335E+01    7.1906E+00   
 2.0113E+02    2.8386E+01    3.7657E+01    1.9652E+01    1.4785E+01    1.0674E+01    5.2219E+01    3.2515E+01    1.2261E+01    4.0307E+00    1.0761E+01    1.2116E+01    7.1906E+00   
 2.0221E+02    2.8361E+01    3.7697E+01    1.9684E+01    1.4853E+01    1.0604E+01    5.2098E+01    3.2492E+01    1.2214E+01    4.0103E+00    1.0822E+01    1.2116E+01    7.1602E+00   
 2.0331E+02    2.8376E+01    3.7770E+01    1.9537E+01    1.4754E+01    1.0595E+01    5.1985E+01    3.2476E+01    1.2214E+01    4.0307E+00    1.0741E+01    1.2408E+01    7.2209E+00   
 2.0440E+02    2.8384E+01    3.7836E+01    1.9608E+01    1.4790E+01    1.0587E+01    5.1873E+01    3.2432E+01    1.2233E+01    4.0103E+00    1.0822E+01    1.2104E+01    7.1906E+00   
 2.0549E+02    2.8407E+01    3.7870E+01    1.9521E+01    1.4787E+01    1.0576E+01    5.1792E+01    3.2397E+01    1.2249E+01    4.0307E+00    1.0843E+01    1.2371E+01    7.1602E+00   
 2.0657E+02    2.8444E+01    3.7960E+01    1.9507E+01    1.4882E+01    1.0544E+01    5.1642E+01    3.2323E+01    1.2230E+01    4.0510E+00    1.0822E+01    1.2432E+01    7.1906E+00   
 2.0766E+02    2.8465E+01    3.8036E+01    1.9546E+01    1.4884E+01    1.0541E+01    5.1492E+01    3.2226E+01    1.2220E+01    4.0714E+00    1.0924E+01    1.2165E+01    7.1602E+00   
 2.0875E+02    2.8489E+01    3.8058E+01    1.9641E+01    1.4851E+01    1.0542E+01    5.1327E+01    3.2138E+01    1.2227E+01    4.0918E+00    1.0924E+01    1.2457E+01    7.1906E+00   
 2.0984E+02    2.8513E+01    3.8145E+01    1.9582E+01    1.4820E+01    1.0531E+01    5.1240E+01    3.2058E+01    1.2188E+01    4.0918E+00    1.0924E+01    1.2371E+01    7.1602E+00   
 2.1093E+02    2.8504E+01    3.8176E+01    1.9540E+01    1.4827E+01    1.0528E+01    5.1115E+01    3.1931E+01    1.2181E+01    4.1121E+00    1.1006E+01    1.2213E+01    7.1602E+00   
 2.1202E+02    2.8493E+01    3.8205E+01    1.9470E+01    1.4789E+01    1.0525E+01    5.1004E+01    3.1792E+01    1.2162E+01    4.0918E+00    1.0965E+01    1.2347E+01    7.1602E+00   
 2.1310E+02    2.8536E+01    3.8253E+01    1.9288E+01    1.4854E+01    1.0544E+01    5.0973E+01    3.1734E+01    1.2125E+01    4.1121E+00    1.0965E+01    1.2481E+01    7.1906E+00   
 2.1419E+02    2.8594E+01    3.8330E+01    1.9096E+01    1.4908E+01    1.0571E+01    5.0889E+01    3.1600E+01    1.2130E+01    4.1121E+00    1.1047E+01    1.2225E+01    7.1602E+00   
 2.1528E+02    2.8629E+01    3.8413E+01    1.9257E+01    1.4783E+01    1.0576E+01    5.0853E+01    3.1489E+01    1.2110E+01    4.0918E+00    1.0985E+01    1.2286E+01    7.1602E+00   
 2.1637E+02    2.8680E+01    3.8466E+01    1.9389E+01    1.4857E+01    1.0597E+01    5.0790E+01    3.1371E+01    1.2081E+01    4.0918E+00    1.1006E+01    1.2554E+01    7.2209E+00   
 2.1746E+02    2.8712E+01    3.8490E+01    1.9572E+01    1.4850E+01    1.0626E+01    5.0779E+01    3.1329E+01    1.2082E+01    4.1121E+00    1.1087E+01    1.2578E+01    7.1906E+00   
 2.1855E+02    2.8726E+01    3.8552E+01    1.9551E+01    1.4884E+01    1.0649E+01    5.0711E+01    3.1214E+01    1.2048E+01    4.1121E+00    1.1047E+01    1.2274E+01    7.1296E+00   
 2.1963E+02    2.8768E+01    3.8621E+01    1.9859E+01    1.4863E+01    1.0641E+01    5.0667E+01    3.1092E+01    1.2037E+01    4.0714E+00    1.1067E+01    1.2262E+01    7.1602E+00   
 2.2073E+02    2.8791E+01    3.8663E+01    1.9817E+01    1.4884E+01    1.0693E+01    5.0615E+01    3.0961E+01    1.1992E+01    4.0918E+00    1.1108E+01    1.2311E+01    7.2209E+00   
 2.2182E+02    2.8850E+01    3.8714E+01    1.9617E+01    1.4824E+01    1.0741E+01    5.0595E+01    3.0880E+01    1.1957E+01    4.0714E+00    1.1067E+01    1.2603E+01    7.2209E+00   
 2.2290E+02    2.8868E+01    3.8761E+01    1.9521E+01    1.4842E+01    1.0821E+01    5.0554E+01    3.0796E+01    1.1941E+01    4.0510E+00    1.1067E+01    1.2298E+01    7.2209E+00   
 2.2399E+02    2.8898E+01    3.8779E+01    1.9587E+01    1.4784E+01    1.0892E+01    5.0578E+01    3.0693E+01    1.1950E+01    4.0714E+00    1.1087E+01    1.2493E+01    7.1906E+00   
 2.2510E+02    2.8914E+01    3.8806E+01    1.9704E+01    1.4832E+01    1.1013E+01    5.0590E+01    3.0616E+01    1.1922E+01    4.0510E+00    1.1026E+01    1.2262E+01    7.1602E+00   
 2.2618E+02    2.8903E+01    3.8811E+01    1.9797E+01    1.4733E+01    1.1148E+01    5.0595E+01    3.0589E+01    1.1844E+01    4.0307E+00    1.1067E+01    1.2590E+01    7.1906E+00   
 2.2730E+02    2.8889E+01    3.8816E+01    1.9833E+01    1.4764E+01    1.1201E+01    5.0575E+01    3.0527E+01    1.1793E+01    4.0307E+00    1.1047E+01    1.2250E+01    7.1602E+00   
 2.2839E+02    2.8893E+01    3.8853E+01    1.9870E+01    1.4642E+01    1.1333E+01    5.0636E+01    3.0522E+01    1.1788E+01    4.0103E+00    1.1149E+01    1.2505E+01    7.1296E+00   
# Time (s)      T1w (C)       T2w (C)       T1a (C)       T2a (C)       T1r (C)       T2r (C)       T3r (C)       T4r (C)       P1 (bar)      P2 (bar)      Pow (W/100)      Qc (l/min)    
 2.2950E+02    2.8930E+01    3.8848E+01    1.9887E+01    1.4681E+01    1.1480E+01    5.0647E+01    3.0548E+01    1.1778E+01    4.0103E+00    1.1047E+01    1.2213E+01    7.1906E+00   
 2.3058E+02    2.8988E+01    3.8865E+01    1.9453E+01    1.4595E+01    1.1619E+01    5.0742E+01    3.0543E+01    1.1740E+01    3.9899E+00    1.1067E+01    1.2371E+01    7.1906E+00   
 2.3167E+02    2.9031E+01    3.8890E+01    1.9610E+01    1.4633E+01    1.1705E+01    5.0825E+01    3.0551E+01    1.1717E+01    3.9899E+00    1.1087E+01    1.2213E+01    7.2209E+00   
 2.3275E+02    2.9120E+01    3.8906E+01    1.9764E+01    1.4617E+01    1.1840E+01    5.0898E+01    3.0570E+01    1.1685E+01    3.9899E+00    1.1006E+01    1.2189E+01    7.2209E+00   
 2.3383E+02    2.9189E+01    3.8892E+01    1.9871E+01    1.4498E+01    1.1972E+01    5.0930E+01    3.0616E+01    1.1701E+01    3.9695E+00    1.1047E+01    1.2189E+01    7.1602E+00   
 2.3491E+02    2.9218E+01    3.8914E+01    1.9892E+01    1.4535E+01    1.2099E+01    5.0976E+01    3.0686E+01    1.1658E+01    3.9492E+00    1.1047E+01    1.2250E+01    7.1602E+00   
 2.3599E+02    2.9206E+01    3.8901E+01    1.9732E+01    1.4476E+01    1.2163E+01    5.1004E+01    3.0747E+01    1.1667E+01    3.9492E+00    1.1047E+01    1.2457E+01    7.1906E+00   
 2.3708E+02    2.9223E+01    3.8903E+01    1.9565E+01    1.4423E+01    1.2302E+01    5.1009E+01    3.0841E+01    1.1644E+01    3.9492E+00    1.1087E+01    1.2177E+01    7.1906E+00   
 2.3817E+02    2.9209E+01    3.8903E+01    1.9521E+01    1.4359E+01    1.2412E+01    5.1060E+01    3.0887E+01    1.1631E+01    3.9288E+00    1.1026E+01    1.2140E+01    7.1296E+00   
 2.3926E+02    2.9244E+01    3.8949E+01    1.9541E+01    1.4565E+01    1.2559E+01    5.1169E+01    3.0971E+01    1.1683E+01    3.8880E+00    1.1006E+01    1.2286E+01    7.1602E+00   
 2.4035E+02    2.9273E+01    3.8980E+01    1.9799E+01    1.4535E+01    1.2616E+01    5.1250E+01    3.1038E+01    1.1657E+01    3.9084E+00    1.1067E+01    1.2384E+01    7.1906E+00   
 2.4143E+02    2.9329E+01    3.8989E+01    1.9894E+01    1.4516E+01    1.2733E+01    5.1279E+01    3.1138E+01    1.1720E+01    3.8880E+00    1.1006E+01    1.2116E+01    7.1602E+00   
 2.4252E+02    2.9385E+01    3.8981E+01    1.9725E+01    1.4591E+01    1.2886E+01    5.1381E+01    3.1188E+01    1.1717E+01    3.8880E+00    1.0985E+01    1.2104E+01    7.1906E+00   
 2.4361E+02    2.9410E+01    3.8967E+01    1.9643E+01    1.4605E+01    1.2945E+01    5.1442E+01    3.1286E+01    1.1677E+01    3.9288E+00    1.1026E+01    1.2262E+01    7.1906E+00   
 2.4470E+02    2.9459E+01    3.8975E+01    1.9623E+01    1.4598E+01    1.3071E+01    5.1529E+01    3.1421E+01    1.1682E+01    3.9288E+00    1.1047E+01    1.2371E+01    7.1906E+00   
 2.4579E+02    2.9487E+01    3.8952E+01    1.9780E+01    1.4661E+01    1.3173E+01    5.1546E+01    3.1540E+01    1.1601E+01    3.8880E+00    1.1047E+01    1.2104E+01    7.1296E+00   
 2.4688E+02    2.9520E+01    3.8938E+01    1.9808E+01    1.4707E+01    1.3317E+01    5.1620E+01    3.1621E+01    1.1571E+01    3.9084E+00    1.1006E+01    1.2092E+01    7.1602E+00   
 2.4796E+02    2.9531E+01    3.8948E+01    1.9863E+01    1.4732E+01    1.3345E+01    5.1676E+01    3.1770E+01    1.1529E+01    3.8880E+00    1.0985E+01    1.2104E+01    7.2511E+00   
 2.4904E+02    2.9537E+01    3.8940E+01    1.9763E+01    1.4797E+01    1.3507E+01    5.1730E+01    3.1974E+01    1.1500E+01    3.9288E+00    1.1047E+01    1.2140E+01    7.1906E+00   
 2.5012E+02    2.9560E+01    3.8956E+01    1.9708E+01    1.4848E+01    1.3599E+01    5.1772E+01    3.2116E+01    1.1504E+01    3.9084E+00    1.0965E+01    1.2432E+01    7.1906E+00   
 2.5121E+02    2.9576E+01    3.8970E+01    1.9678E+01    1.4762E+01    1.3694E+01    5.1806E+01    3.2340E+01    1.1561E+01    3.8880E+00    1.0985E+01    1.2371E+01    7.1906E+00   
 2.5230E+02    2.9559E+01    3.8975E+01    1.9640E+01    1.4773E+01    1.3761E+01    5.1830E+01    3.2519E+01    1.1544E+01    3.8880E+00    1.1087E+01    1.2116E+01    7.1602E+00   
 2.5339E+02    2.9578E+01    3.8969E+01    1.9808E+01    1.4804E+01    1.3812E+01    5.1848E+01    3.2770E+01    1.1544E+01    3.9084E+00    1.0965E+01    1.2116E+01    7.1602E+00   
 2.5448E+02    2.9589E+01    3.8967E+01    1.9802E+01    1.4798E+01    1.3921E+01    5.1881E+01    3.2877E+01    1.1535E+01    3.8880E+00    1.0985E+01    1.2116E+01    7.1906E+00   
 2.5557E+02    2.9607E+01    3.8984E+01    1.9859E+01    1.4841E+01    1.3957E+01    5.1887E+01    3.3144E+01    1.1593E+01    3.9084E+00    1.1047E+01    1.2311E+01    7.2209E+00   
 2.5666E+02    2.9642E+01    3.8989E+01    1.9651E+01    1.4820E+01    1.4043E+01    5.1939E+01    3.3401E+01    1.1595E+01    3.9288E+00    1.1006E+01    1.2420E+01    7.1602E+00   
 2.5775E+02    2.9679E+01    3.8993E+01    1.9540E+01    1.4828E+01    1.4152E+01    5.1959E+01    3.3646E+01    1.1669E+01    3.9084E+00    1.1006E+01    1.2311E+01    7.1906E+00   
 2.5884E+02    2.9688E+01    3.8976E+01    1.9516E+01    1.4820E+01    1.4218E+01    5.1996E+01    3.3752E+01    1.1684E+01    3.9084E+00    1.1067E+01    1.2189E+01    7.1906E+00   
 2.5992E+02    2.9695E+01    3.9007E+01    1.9513E+01    1.4924E+01    1.4270E+01    5.2013E+01    3.3975E+01    1.1717E+01    3.9288E+00    1.1026E+01    1.2396E+01    7.1906E+00   
 2.6106E+02    2.9723E+01    3.9010E+01    1.9721E+01    1.4932E+01    1.4359E+01    5.2070E+01    3.4223E+01    1.1724E+01    3.9492E+00    1.1006E+01    1.2116E+01    7.1906E+00   
# Time (s)      T1w (C)       T2w (C)       T1a (C)       T2a (C)       T1r (C)       T2r (C)       T3r (C)       T4r (C)       P1 (bar)      P2 (bar)      Pow (W/100)      Qc (l/min)    
 2.6216E+02    2.9773E+01    3.9023E+01    1.9844E+01    1.4913E+01    1.4431E+01    5.2045E+01    3.4406E+01    1.1754E+01    3.9492E+00    1.1006E+01    1.2457E+01    7.2209E+00   
 2.6325E+02    2.9798E+01    3.9067E+01    1.9826E+01    1.4935E+01    1.4527E+01    5.2016E+01    3.4521E+01    1.1815E+01    3.9288E+00    1.1067E+01    1.2444E+01    7.1906E+00   
 2.6433E+02    2.9819E+01    3.9114E+01    1.9667E+01    1.4933E+01    1.4557E+01    5.2048E+01    3.4723E+01    1.1855E+01    3.9695E+00    1.1026E+01    1.2274E+01    7.1906E+00   
 2.6541E+02    2.9825E+01    3.9117E+01    1.9545E+01    1.4933E+01    1.4648E+01    5.2095E+01    3.4885E+01    1.1870E+01    3.9492E+00    1.1067E+01    1.2152E+01    7.1906E+00   
 2.6649E+02    2.9811E+01    3.9102E+01    1.9507E+01    1.4864E+01    1.4729E+01    5.2130E+01    3.4972E+01    1.1895E+01    3.9695E+00    1.1128E+01    1.2177E+01    7.1906E+00   
 2.6756E+02    2.9811E+01    3.9114E+01    1.9435E+01    1.4897E+01    1.4767E+01    5.2192E+01    3.5126E+01    1.1977E+01    3.9695E+00    1.1067E+01    1.2152E+01    7.1906E+00   
 2.6864E+02    2.9853E+01    3.9164E+01    1.9300E+01    1.4900E+01    1.4837E+01    5.2210E+01    3.5285E+01    1.1974E+01    3.9695E+00    1.1067E+01    1.2152E+01    7.1602E+00   
 2.6972E+02    2.9884E+01    3.9196E+01    1.9344E+01    1.4966E+01    1.4912E+01    5.2213E+01    3.5396E+01    1.1959E+01    3.9695E+00    1.1067E+01    1.2213E+01    7.1602E+00   
 2.7081E+02    2.9921E+01    3.9205E+01    1.9686E+01    1.4997E+01    1.4964E+01    5.2273E+01    3.5434E+01    1.1981E+01    3.9899E+00    1.1128E+01    1.2493E+01    7.1296E+00   
 2.7190E+02    2.9925E+01    3.9249E+01    1.9754E+01    1.5025E+01    1.4991E+01    5.2313E+01    3.5555E+01    1.1989E+01    3.9695E+00    1.1067E+01    1.2262E+01    7.2209E+00   
 2.7298E+02    2.9957E+01    3.9289E+01    1.9734E+01    1.5008E+01    1.5029E+01    5.2317E+01    3.5635E+01    1.1965E+01    3.9695E+00    1.1108E+01    1.2165E+01    7.1906E+00   
 2.7407E+02    2.9960E+01    3.9271E+01    1.9400E+01    1.5010E+01    1.5085E+01    5.2341E+01    3.5671E+01    1.2052E+01    3.9899E+00    1.1149E+01    1.2201E+01    7.2511E+00   
 2.7516E+02    2.9974E+01    3.9310E+01    1.9318E+01    1.4998E+01    1.5146E+01    5.2362E+01    3.5774E+01    1.2064E+01    3.9899E+00    1.1149E+01    1.2469E+01    7.1602E+00   
 2.7625E+02    2.9974E+01    3.9344E+01    1.9364E+01    1.5028E+01    1.5171E+01    5.2435E+01    3.5858E+01    1.2093E+01    3.9695E+00    1.1108E+01    1.2323E+01    7.1602E+00   
 2.7734E+02    2.9993E+01    3.9357E+01    1.9403E+01    1.5053E+01    1.5242E+01    5.2461E+01    3.5953E+01    1.2108E+01    4.0103E+00    1.1149E+01    1.2177E+01    7.2209E+00   
 2.7842E+02    3.0026E+01    3.9383E+01    1.9559E+01    1.5060E+01    1.5318E+01    5.2492E+01    3.5991E+01    1.2165E+01    4.0103E+00    1.1210E+01    1.2225E+01    7.1602E+00   
 2.7951E+02    3.0040E+01    3.9424E+01    1.9692E+01    1.5046E+01    1.5338E+01    5.2545E+01    3.6069E+01    1.2212E+01    4.0103E+00    1.1108E+01    1.2481E+01    7.1906E+00   
 2.8060E+02    3.0046E+01    3.9441E+01    1.9849E+01    1.5135E+01    1.5381E+01    5.2604E+01    3.6138E+01    1.2222E+01    4.0103E+00    1.1149E+01    1.2347E+01    7.2209E+00   
 2.8169E+02    3.0079E+01    3.9466E+01    1.9831E+01    1.5105E+01    1.5427E+01    5.2582E+01    3.6194E+01    1.2277E+01    4.0103E+00    1.1230E+01    1.2225E+01    7.2209E+00   
 2.8278E+02    3.0085E+01    3.9487E+01    1.9669E+01    1.5095E+01    1.5459E+01    5.2574E+01    3.6192E+01    1.2258E+01    4.0103E+00    1.1169E+01    1.2262E+01    7.2511E+00   
 2.8387E+02    3.0094E+01    3.9507E+01    1.9803E+01    1.5112E+01    1.5459E+01    5.2576E+01    3.6222E+01    1.2297E+01    4.0103E+00    1.1189E+01    1.2530E+01    7.1906E+00   
 2.8495E+02    3.0124E+01    3.9540E+01    2.0016E+01    1.5189E+01    1.5509E+01    5.2587E+01    3.6261E+01    1.2263E+01    4.0103E+00    1.1230E+01    1.2359E+01    7.1906E+00   
 2.8604E+02    3.0153E+01    3.9561E+01    2.0074E+01    1.5135E+01    1.5550E+01    5.2606E+01    3.6294E+01    1.2274E+01    4.0307E+00    1.1189E+01    1.2238E+01    7.2511E+00   
 2.8713E+02    3.0190E+01    3.9587E+01    2.0052E+01    1.5186E+01    1.5591E+01    5.2596E+01    3.6330E+01    1.2295E+01    4.0510E+00    1.1189E+01    1.2286E+01    7.1906E+00   
 2.8822E+02    3.0179E+01    3.9596E+01    2.0094E+01    1.5188E+01    1.5609E+01    5.2626E+01    3.6339E+01    1.2309E+01    4.0103E+00    1.1210E+01    1.2323E+01    7.2209E+00   
 2.8932E+02    3.0190E+01    3.9618E+01    2.0027E+01    1.5138E+01    1.5646E+01    5.2640E+01    3.6401E+01    1.2332E+01    4.0510E+00    1.1189E+01    1.2384E+01    7.2209E+00   
 2.9042E+02    3.0169E+01    3.9620E+01    1.9953E+01    1.5130E+01    1.5688E+01    5.2689E+01    3.6397E+01    1.2415E+01    4.0307E+00    1.1210E+01    1.2311E+01    7.2209E+00   
 2.9151E+02    3.0161E+01    3.9645E+01    2.0033E+01    1.5153E+01    1.5740E+01    5.2728E+01    3.6466E+01    1.2412E+01    4.0307E+00    1.1230E+01    1.2469E+01    7.1906E+00   
 2.9260E+02    3.0190E+01    3.9669E+01    2.0004E+01    1.5201E+01    1.5758E+01    5.2779E+01    3.6506E+01    1.2465E+01    4.0510E+00    1.1291E+01    1.2615E+01    7.1906E+00   
 2.9369E+02    3.0213E+01    3.9725E+01    2.0087E+01    1.5228E+01    1.5800E+01    5.2863E+01    3.6550E+01    1.2475E+01    4.0307E+00    1.1251E+01    1.2408E+01    7.2209E+00   
# Time (s)      T1w (C)       T2w (C)       T1a (C)       T2a (C)       T1r (C)       T2r (C)       T3r (C)       T4r (C)       P1 (bar)      P2 (bar)      Pow (W/100)      Qc (l/min)    
 2.9482E+02    3.0218E+01    3.9732E+01    2.0063E+01    1.5194E+01    1.5836E+01    5.2896E+01    3.6571E+01    1.2495E+01    4.0510E+00    1.1271E+01    1.2517E+01    7.2209E+00   
 2.9591E+02    3.0239E+01    3.9757E+01    2.0029E+01    1.5237E+01    1.5858E+01    5.2940E+01    3.6625E+01    1.2541E+01    4.0714E+00    1.1230E+01    1.2371E+01    7.1906E+00   
