# Run number 05 on Wed May 22 16:08:13 2024
# Time (s)      T1w (C)       T2w (C)       T1a (C)       T2a (C)       T1r (C)       T2r (C)       T3r (C)       T4r (C)       P1 (bar)      P2 (bar)      Pow (W/100)      Qc (l/min)    
 3.1367E-01    4.5904E+01    5.1696E+01    1.9984E+01    1.6238E+01    1.4311E+01    7.1000E+01    4.8812E+01    1.4522E+01    4.4223E+00    1.5253E+01    1.4974E+01    1.4017E+01   
 1.4510E+00    4.5910E+01    5.1722E+01    2.0142E+01    1.6219E+01    1.3992E+01    7.1066E+01    4.8819E+01    1.4470E+01    4.4019E+00    1.5355E+01    1.4729E+01    1.4017E+01   
 2.5370E+00    4.5932E+01    5.1733E+01    2.0111E+01    1.6199E+01    1.3711E+01    7.1087E+01    4.8728E+01    1.4414E+01    4.3816E+00    1.5293E+01    1.5073E+01    1.3939E+01   
 3.6493E+00    4.5948E+01    5.1756E+01    1.9991E+01    1.6175E+01    1.3435E+01    7.1163E+01    4.8662E+01    1.4381E+01    4.3816E+00    1.5375E+01    1.4717E+01    1.3913E+01   
 4.7384E+00    4.5937E+01    5.1767E+01    1.9977E+01    1.6195E+01    1.3309E+01    7.1229E+01    4.8617E+01    1.4312E+01    4.4223E+00    1.5457E+01    1.4766E+01    1.3965E+01   
 5.8265E+00    4.5957E+01    5.1791E+01    1.9957E+01    1.6204E+01    1.3123E+01    7.1283E+01    4.8524E+01    1.4231E+01    4.4019E+00    1.5355E+01    1.4815E+01    1.3991E+01   
 6.9297E+00    4.5965E+01    5.1801E+01    1.9956E+01    1.6185E+01    1.2931E+01    7.1323E+01    4.8412E+01    1.4214E+01    4.4019E+00    1.5457E+01    1.4766E+01    1.4017E+01   
 8.0178E+00    4.5967E+01    5.1819E+01    2.0065E+01    1.6125E+01    1.2744E+01    7.1330E+01    4.8315E+01    1.4124E+01    4.3612E+00    1.5375E+01    1.4901E+01    1.3965E+01   
 9.1070E+00    4.5992E+01    5.1846E+01    2.0029E+01    1.6087E+01    1.2686E+01    7.1291E+01    4.8264E+01    1.4076E+01    4.3816E+00    1.5436E+01    1.5171E+01    1.3991E+01   
 1.0195E+01    4.5999E+01    5.1865E+01    2.0059E+01    1.6068E+01    1.2547E+01    7.1221E+01    4.8124E+01    1.4001E+01    4.3205E+00    1.5395E+01    1.5269E+01    1.4017E+01   
 1.1282E+01    4.6002E+01    5.1878E+01    1.9861E+01    1.6084E+01    1.2404E+01    7.1204E+01    4.8016E+01    1.3976E+01    4.3612E+00    1.5416E+01    1.5085E+01    1.3939E+01   
 1.2370E+01    4.6002E+01    5.1886E+01    1.9655E+01    1.6050E+01    1.2303E+01    7.1172E+01    4.7892E+01    1.3915E+01    4.3612E+00    1.5497E+01    1.4778E+01    1.3939E+01   
 1.3460E+01    4.6004E+01    5.1888E+01    1.9848E+01    1.5959E+01    1.2273E+01    7.1183E+01    4.7844E+01    1.3852E+01    4.3612E+00    1.5395E+01    1.4999E+01    1.3939E+01   
 1.4541E+01    4.6015E+01    5.1890E+01    1.9821E+01    1.5923E+01    1.2161E+01    7.1181E+01    4.7673E+01    1.3783E+01    4.3612E+00    1.5518E+01    1.4803E+01    1.3991E+01   
 1.5629E+01    4.6018E+01    5.1904E+01    1.9773E+01    1.5914E+01    1.2095E+01    7.1201E+01    4.7535E+01    1.3738E+01    4.3205E+00    1.5395E+01    1.5158E+01    1.3965E+01   
 1.6715E+01    4.6055E+01    5.1945E+01    1.9679E+01    1.5878E+01    1.2058E+01    7.1254E+01    4.7388E+01    1.3682E+01    4.3408E+00    1.5579E+01    1.5269E+01    1.3913E+01   
 1.7798E+01    4.6069E+01    5.1959E+01    1.9909E+01    1.5853E+01    1.2021E+01    7.1274E+01    4.7320E+01    1.3592E+01    4.3205E+00    1.5477E+01    1.5073E+01    1.3965E+01   
 1.8884E+01    4.6070E+01    5.1970E+01    1.9690E+01    1.5776E+01    1.1983E+01    7.1310E+01    4.7153E+01    1.3575E+01    4.3408E+00    1.5416E+01    1.4754E+01    1.4017E+01   
 1.9965E+01    4.6076E+01    5.1971E+01    1.9849E+01    1.5796E+01    1.2001E+01    7.1343E+01    4.7034E+01    1.3510E+01    4.2797E+00    1.5416E+01    1.4925E+01    1.3913E+01   
 2.1053E+01    4.6079E+01    5.1980E+01    1.9719E+01    1.5725E+01    1.2005E+01    7.1366E+01    4.6977E+01    1.3439E+01    4.3001E+00    1.5559E+01    1.5256E+01    1.3913E+01   
 2.2142E+01    4.6067E+01    5.1969E+01    1.9565E+01    1.5735E+01    1.2089E+01    7.1379E+01    4.6876E+01    1.3394E+01    4.3001E+00    1.5395E+01    1.4962E+01    1.3939E+01   
 2.3231E+01    4.6070E+01    5.1975E+01    1.9560E+01    1.5700E+01    1.2191E+01    7.1391E+01    4.6763E+01    1.3390E+01    4.2593E+00    1.5538E+01    1.5232E+01    1.3939E+01   
 2.4316E+01    4.6050E+01    5.1968E+01    1.9491E+01    1.5656E+01    1.2241E+01    7.1345E+01    4.6637E+01    1.3292E+01    4.2390E+00    1.5416E+01    1.4901E+01    1.3939E+01   
 2.5398E+01    4.6073E+01    5.1981E+01    1.9529E+01    1.5511E+01    1.2392E+01    7.1292E+01    4.6586E+01    1.3237E+01    4.2593E+00    1.5518E+01    1.4790E+01    1.3965E+01   
 2.6485E+01    4.6085E+01    5.1961E+01    1.9512E+01    1.5585E+01    1.2512E+01    7.1261E+01    4.6464E+01    1.3184E+01    4.2593E+00    1.5416E+01    1.4705E+01    1.3991E+01   
 2.7567E+01    4.6104E+01    5.1970E+01    1.9514E+01    1.5653E+01    1.2688E+01    7.1218E+01    4.6408E+01    1.3160E+01    4.2390E+00    1.5477E+01    1.5207E+01    1.3939E+01   
 2.8661E+01    4.6134E+01    5.1978E+01    1.9796E+01    1.5618E+01    1.2768E+01    7.1168E+01    4.6369E+01    1.3132E+01    4.2186E+00    1.5314E+01    1.4889E+01    1.3939E+01   
 2.9749E+01    4.6138E+01    5.1950E+01    1.9719E+01    1.5563E+01    1.2963E+01    7.1137E+01    4.6353E+01    1.3133E+01    4.2186E+00    1.5375E+01    1.4656E+01    1.4017E+01   
 3.0838E+01    4.6169E+01    5.1962E+01    1.9588E+01    1.5610E+01    1.3107E+01    7.1102E+01    4.6329E+01    1.3121E+01    4.2186E+00    1.5457E+01    1.4864E+01    1.3965E+01   
 3.1926E+01    4.6160E+01    5.1931E+01    1.9808E+01    1.5638E+01    1.3258E+01    7.1111E+01    4.6299E+01    1.3097E+01    4.2186E+00    1.5293E+01    1.5060E+01    1.3965E+01   
# Time (s)      T1w (C)       T2w (C)       T1a (C)       T2a (C)       T1r (C)       T2r (C)       T3r (C)       T4r (C)       P1 (bar)      P2 (bar)      Pow (W/100)      Qc (l/min)    
 3.3013E+01    4.6168E+01    5.1909E+01    1.9936E+01    1.5667E+01    1.3320E+01    7.1160E+01    4.6286E+01    1.3084E+01    4.2186E+00    1.5355E+01    1.4987E+01    1.3965E+01   
 3.4101E+01    4.6177E+01    5.1867E+01    1.9813E+01    1.5650E+01    1.3507E+01    7.1213E+01    4.6332E+01    1.3100E+01    4.2186E+00    1.5436E+01    1.4619E+01    1.3991E+01   
 3.5230E+01    4.6165E+01    5.1846E+01    1.9757E+01    1.5652E+01    1.3661E+01    7.1250E+01    4.6372E+01    1.3146E+01    4.2390E+00    1.5395E+01    1.4631E+01    1.3913E+01   
 3.6327E+01    4.6188E+01    5.1851E+01    1.9700E+01    1.5638E+01    1.3819E+01    7.1349E+01    4.6422E+01    1.3166E+01    4.2186E+00    1.5293E+01    1.4606E+01    1.3939E+01   
 3.7431E+01    4.6185E+01    5.1844E+01    1.9734E+01    1.5628E+01    1.3893E+01    7.1427E+01    4.6446E+01    1.3223E+01    4.2186E+00    1.5416E+01    1.4901E+01    1.3991E+01   
 3.8512E+01    4.6185E+01    5.1828E+01    1.9808E+01    1.5666E+01    1.4039E+01    7.1512E+01    4.6535E+01    1.3255E+01    4.2186E+00    1.5395E+01    1.4839E+01    1.4017E+01   
 3.9590E+01    4.6194E+01    5.1828E+01    1.9814E+01    1.5700E+01    1.4174E+01    7.1527E+01    4.6615E+01    1.3259E+01    4.2186E+00    1.5273E+01    1.4631E+01    1.3991E+01   
 4.0677E+01    4.6183E+01    5.1830E+01    1.9720E+01    1.5701E+01    1.4232E+01    7.1504E+01    4.6667E+01    1.3323E+01    4.2390E+00    1.5355E+01    1.4925E+01    1.3939E+01   
 4.1745E+01    4.6211E+01    5.1826E+01    1.9676E+01    1.5722E+01    1.4367E+01    7.1479E+01    4.6748E+01    1.3329E+01    4.2186E+00    1.5395E+01    1.5146E+01    1.3991E+01   
 4.2832E+01    4.6210E+01    5.1836E+01    1.9717E+01    1.5747E+01    1.4486E+01    7.1444E+01    4.6828E+01    1.3352E+01    4.2186E+00    1.5253E+01    1.4827E+01    1.4017E+01   
 4.3920E+01    4.6237E+01    5.1856E+01    1.9706E+01    1.5750E+01    1.4627E+01    7.1391E+01    4.6966E+01    1.3380E+01    4.2390E+00    1.5436E+01    1.4901E+01    1.4043E+01   
 4.5008E+01    4.6247E+01    5.1865E+01    1.9622E+01    1.5668E+01    1.4677E+01    7.1356E+01    4.7085E+01    1.3439E+01    4.2390E+00    1.5273E+01    1.5122E+01    1.3965E+01   
 4.6090E+01    4.6282E+01    5.1866E+01    1.9643E+01    1.5761E+01    1.4809E+01    7.1350E+01    4.7123E+01    1.3452E+01    4.2186E+00    1.5416E+01    1.4913E+01    1.3991E+01   
 4.7175E+01    4.6255E+01    5.1877E+01    1.9565E+01    1.5710E+01    1.4902E+01    7.1315E+01    4.7238E+01    1.3484E+01    4.2186E+00    1.5293E+01    1.4717E+01    1.4017E+01   
 4.8257E+01    4.6267E+01    5.1890E+01    1.9651E+01    1.5812E+01    1.5036E+01    7.1266E+01    4.7339E+01    1.3497E+01    4.2186E+00    1.5375E+01    1.5146E+01    1.3939E+01   
 4.9346E+01    4.6282E+01    5.1888E+01    1.9637E+01    1.5854E+01    1.5090E+01    7.1241E+01    4.7409E+01    1.3505E+01    4.2390E+00    1.5253E+01    1.4987E+01    1.3965E+01   
 5.0450E+01    4.6284E+01    5.1892E+01    1.9916E+01    1.5856E+01    1.5190E+01    7.1267E+01    4.7515E+01    1.3494E+01    4.2186E+00    1.5334E+01    1.4656E+01    1.4017E+01   
 5.1544E+01    4.6305E+01    5.1909E+01    1.9998E+01    1.5895E+01    1.5312E+01    7.1284E+01    4.7599E+01    1.3486E+01    4.2390E+00    1.5395E+01    1.4754E+01    1.3913E+01   
 5.2626E+01    4.6317E+01    5.1891E+01    1.9991E+01    1.5926E+01    1.5364E+01    7.1257E+01    4.7666E+01    1.3514E+01    4.2390E+00    1.5253E+01    1.4643E+01    1.3939E+01   
 5.3715E+01    4.6324E+01    5.1896E+01    1.9992E+01    1.5921E+01    1.5463E+01    7.1251E+01    4.7719E+01    1.3547E+01    4.2390E+00    1.5314E+01    1.5011E+01    1.3965E+01   
 5.4803E+01    4.6319E+01    5.1889E+01    1.9703E+01    1.5918E+01    1.5558E+01    7.1271E+01    4.7824E+01    1.3586E+01    4.2593E+00    1.5273E+01    1.4692E+01    1.3965E+01   
 5.5888E+01    4.6332E+01    5.1901E+01    1.9595E+01    1.5998E+01    1.5651E+01    7.1308E+01    4.7929E+01    1.3599E+01    4.2390E+00    1.5395E+01    1.4668E+01    1.3939E+01   
 5.6970E+01    4.6322E+01    5.1905E+01    1.9556E+01    1.5968E+01    1.5692E+01    7.1323E+01    4.8004E+01    1.3622E+01    4.2797E+00    1.5375E+01    1.5036E+01    1.4068E+01   
 5.8059E+01    4.6343E+01    5.1927E+01    1.9530E+01    1.6016E+01    1.5802E+01    7.1317E+01    4.8049E+01    1.3693E+01    4.2593E+00    1.5375E+01    1.4815E+01    1.3913E+01   
 5.9146E+01    4.6337E+01    5.1903E+01    1.9684E+01    1.6033E+01    1.5884E+01    7.1299E+01    4.8132E+01    1.3712E+01    4.2797E+00    1.5314E+01    1.5048E+01    1.3913E+01   
 6.0233E+01    4.6344E+01    5.1923E+01    1.9541E+01    1.5987E+01    1.5963E+01    7.1312E+01    4.8184E+01    1.3739E+01    4.2797E+00    1.5314E+01    1.5036E+01    1.3965E+01   
 6.1321E+01    4.6338E+01    5.1925E+01    1.9533E+01    1.6022E+01    1.6013E+01    7.1343E+01    4.8230E+01    1.3785E+01    4.3205E+00    1.5416E+01    1.4692E+01    1.4017E+01   
 6.2410E+01    4.6339E+01    5.1935E+01    1.9753E+01    1.6099E+01    1.6089E+01    7.1337E+01    4.8288E+01    1.3805E+01    4.2797E+00    1.5355E+01    1.4839E+01    1.3965E+01   
 6.3498E+01    4.6366E+01    5.1940E+01    1.9652E+01    1.6020E+01    1.6184E+01    7.1354E+01    4.8367E+01    1.3842E+01    4.3205E+00    1.5395E+01    1.5060E+01    1.3861E+01   
 6.4585E+01    4.6382E+01    5.1967E+01    1.9665E+01    1.6045E+01    1.6214E+01    7.1329E+01    4.8417E+01    1.3892E+01    4.3001E+00    1.5457E+01    1.5109E+01    1.3965E+01   
# Time (s)      T1w (C)       T2w (C)       T1a (C)       T2a (C)       T1r (C)       T2r (C)       T3r (C)       T4r (C)       P1 (bar)      P2 (bar)      Pow (W/100)      Qc (l/min)    
 6.5674E+01    4.6379E+01    5.1979E+01    1.9749E+01    1.6079E+01    1.6279E+01    7.1319E+01    4.8422E+01    1.3926E+01    4.3408E+00    1.5314E+01    1.4705E+01    1.3991E+01   
 6.6763E+01    4.6387E+01    5.1976E+01    1.9693E+01    1.6066E+01    1.6331E+01    7.1294E+01    4.8461E+01    1.3938E+01    4.3001E+00    1.5375E+01    1.4815E+01    1.3965E+01   
 6.7851E+01    4.6386E+01    5.2000E+01    1.9894E+01    1.6131E+01    1.6373E+01    7.1258E+01    4.8486E+01    1.3930E+01    4.3205E+00    1.5314E+01    1.4950E+01    1.4017E+01   
 6.8972E+01    4.6395E+01    5.1994E+01    1.9973E+01    1.6097E+01    1.6413E+01    7.1259E+01    4.8515E+01    1.3958E+01    4.3205E+00    1.5314E+01    1.5134E+01    1.3913E+01   
 7.0066E+01    4.6428E+01    5.2018E+01    1.9992E+01    1.6082E+01    1.6473E+01    7.1319E+01    4.8521E+01    1.4007E+01    4.3205E+00    1.5334E+01    1.5023E+01    1.3939E+01   
 7.1163E+01    4.6440E+01    5.2043E+01    2.0228E+01    1.6122E+01    1.6524E+01    7.1342E+01    4.8599E+01    1.4030E+01    4.3408E+00    1.5334E+01    1.4839E+01    1.3939E+01   
 7.2259E+01    4.6456E+01    5.2067E+01    2.0372E+01    1.6127E+01    1.6602E+01    7.1336E+01    4.8636E+01    1.4061E+01    4.3408E+00    1.5457E+01    1.4864E+01    1.3991E+01   
 7.3380E+01    4.6452E+01    5.2049E+01    2.0109E+01    1.6097E+01    1.6613E+01    7.1319E+01    4.8671E+01    1.4077E+01    4.3612E+00    1.5477E+01    1.4729E+01    1.4017E+01   
 7.4471E+01    4.6453E+01    5.2069E+01    2.0077E+01    1.6110E+01    1.6674E+01    7.1294E+01    4.8687E+01    1.4133E+01    4.3612E+00    1.5477E+01    1.4889E+01    1.3965E+01   
 7.5569E+01    4.6443E+01    5.2063E+01    1.9847E+01    1.6112E+01    1.6720E+01    7.1300E+01    4.8712E+01    1.4126E+01    4.3408E+00    1.5416E+01    1.4827E+01    1.3939E+01   
 7.6642E+01    4.6449E+01    5.2053E+01    1.9756E+01    1.6084E+01    1.6748E+01    7.1276E+01    4.8724E+01    1.4151E+01    4.3612E+00    1.5334E+01    1.5158E+01    1.3965E+01   
 7.7712E+01    4.6448E+01    5.2069E+01    1.9766E+01    1.6139E+01    1.6778E+01    7.1289E+01    4.8756E+01    1.4161E+01    4.3408E+00    1.5395E+01    1.4815E+01    1.3939E+01   
 7.8782E+01    4.6446E+01    5.2070E+01    1.9735E+01    1.6154E+01    1.6814E+01    7.1303E+01    4.8774E+01    1.4182E+01    4.3612E+00    1.5497E+01    1.4729E+01    1.3965E+01   
 7.9870E+01    4.6458E+01    5.2076E+01    1.9750E+01    1.6183E+01    1.6847E+01    7.1304E+01    4.8813E+01    1.4183E+01    4.3816E+00    1.5436E+01    1.4790E+01    1.3991E+01   
 8.0965E+01    4.6453E+01    5.2081E+01    1.9723E+01    1.6208E+01    1.6885E+01    7.1279E+01    4.8840E+01    1.4219E+01    4.3612E+00    1.5375E+01    1.5232E+01    1.3939E+01   
 8.2055E+01    4.6477E+01    5.2088E+01    1.9682E+01    1.6174E+01    1.6891E+01    7.1274E+01    4.8839E+01    1.4237E+01    4.3816E+00    1.5416E+01    1.4741E+01    1.4017E+01   
 8.3148E+01    4.6456E+01    5.2085E+01    1.9610E+01    1.6135E+01    1.6948E+01    7.1287E+01    4.8885E+01    1.4267E+01    4.3816E+00    1.5395E+01    1.4913E+01    1.3913E+01   
 8.4238E+01    4.6478E+01    5.2107E+01    1.9630E+01    1.6161E+01    1.6977E+01    7.1271E+01    4.8911E+01    1.4296E+01    4.3816E+00    1.5436E+01    1.5073E+01    1.3965E+01   
 8.5319E+01    4.6482E+01    5.2118E+01    1.9793E+01    1.6149E+01    1.6976E+01    7.1270E+01    4.8950E+01    1.4311E+01    4.4019E+00    1.5538E+01    1.4815E+01    1.4017E+01   
 8.6399E+01    4.6478E+01    5.2130E+01    1.9967E+01    1.6172E+01    1.7011E+01    7.1267E+01    4.8975E+01    1.4338E+01    4.3612E+00    1.5436E+01    1.4889E+01    1.3965E+01   
 8.7479E+01    4.6487E+01    5.2129E+01    1.9856E+01    1.6169E+01    1.7023E+01    7.1248E+01    4.8972E+01    1.4364E+01    4.3612E+00    1.5436E+01    1.5097E+01    1.3965E+01   
 8.8559E+01    4.6500E+01    5.2153E+01    1.9729E+01    1.6230E+01    1.7056E+01    7.1266E+01    4.8976E+01    1.4371E+01    4.4019E+00    1.5436E+01    1.4962E+01    1.3991E+01   
 8.9640E+01    4.6493E+01    5.2150E+01    1.9678E+01    1.6188E+01    1.7058E+01    7.1261E+01    4.8985E+01    1.4400E+01    4.4223E+00    1.5538E+01    1.5011E+01    1.3913E+01   
 9.0720E+01    4.6504E+01    5.2155E+01    1.9823E+01    1.6191E+01    1.7032E+01    7.1237E+01    4.8974E+01    1.4392E+01    4.4019E+00    1.5457E+01    1.4803E+01    1.3913E+01   
 9.1799E+01    4.6512E+01    5.2160E+01    2.0029E+01    1.6225E+01    1.7018E+01    7.1271E+01    4.8925E+01    1.4365E+01    4.4019E+00    1.5395E+01    1.5244E+01    1.3939E+01   
 9.2879E+01    4.6539E+01    5.2181E+01    1.9796E+01    1.6221E+01    1.7035E+01    7.1279E+01    4.8985E+01    1.4407E+01    4.3816E+00    1.5457E+01    1.5060E+01    1.3939E+01   
 9.3975E+01    4.6541E+01    5.2192E+01    1.9811E+01    1.6264E+01    1.7007E+01    7.1334E+01    4.8966E+01    1.4396E+01    4.4223E+00    1.5395E+01    1.4889E+01    1.3965E+01   
 9.5073E+01    4.6552E+01    5.2197E+01    1.9690E+01    1.6274E+01    1.6998E+01    7.1372E+01    4.9010E+01    1.4409E+01    4.4223E+00    1.5497E+01    1.4839E+01    1.3965E+01   
 9.6152E+01    4.6555E+01    5.2195E+01    1.9743E+01    1.6292E+01    1.6981E+01    7.1395E+01    4.9000E+01    1.4434E+01    4.4019E+00    1.5559E+01    1.5256E+01    1.3939E+01   
 9.7232E+01    4.6557E+01    5.2186E+01    1.9734E+01    1.6263E+01    1.6958E+01    7.1410E+01    4.8999E+01    1.4453E+01    4.4019E+00    1.5457E+01    1.4827E+01    1.3939E+01   
# Time (s)      T1w (C)       T2w (C)       T1a (C)       T2a (C)       T1r (C)       T2r (C)       T3r (C)       T4r (C)       P1 (bar)      P2 (bar)      Pow (W/100)      Qc (l/min)    
 9.8313E+01    4.6548E+01    5.2204E+01    1.9760E+01    1.6213E+01    1.6913E+01    7.1400E+01    4.9013E+01    1.4461E+01    4.4019E+00    1.5395E+01    1.5256E+01    1.3913E+01   
 9.9393E+01    4.6537E+01    5.2201E+01    1.9554E+01    1.6266E+01    1.6883E+01    7.1423E+01    4.9040E+01    1.4495E+01    4.3816E+00    1.5477E+01    1.4815E+01    1.3939E+01   
 1.0049E+02    4.6544E+01    5.2198E+01    1.9501E+01    1.6267E+01    1.6784E+01    7.1396E+01    4.9054E+01    1.4462E+01    4.4019E+00    1.5457E+01    1.4839E+01    1.3939E+01   
 1.0158E+02    4.6529E+01    5.2194E+01    1.9428E+01    1.6247E+01    1.6723E+01    7.1400E+01    4.9058E+01    1.4489E+01    4.4223E+00    1.5457E+01    1.5048E+01    1.3991E+01   
 1.0268E+02    4.6549E+01    5.2199E+01    1.9481E+01    1.6291E+01    1.6593E+01    7.1413E+01    4.9097E+01    1.4507E+01    4.4427E+00    1.5477E+01    1.5134E+01    1.3939E+01   
 1.0378E+02    4.6547E+01    5.2195E+01    1.9613E+01    1.6292E+01    1.6423E+01    7.1405E+01    4.9105E+01    1.4501E+01    4.4223E+00    1.5518E+01    1.4839E+01    1.3965E+01   
 1.0489E+02    4.6550E+01    5.2192E+01    1.9539E+01    1.6269E+01    1.6278E+01    7.1383E+01    4.9095E+01    1.4510E+01    4.4427E+00    1.5518E+01    1.4864E+01    1.3939E+01   
 1.0598E+02    4.6579E+01    5.2213E+01    1.9476E+01    1.6304E+01    1.6191E+01    7.1355E+01    4.9103E+01    1.4522E+01    4.4223E+00    1.5477E+01    1.5281E+01    1.3939E+01   
 1.0710E+02    4.6578E+01    5.2237E+01    1.9221E+01    1.6258E+01    1.5951E+01    7.1347E+01    4.9135E+01    1.4528E+01    4.4019E+00    1.5538E+01    1.4987E+01    1.3991E+01   
 1.0819E+02    4.6585E+01    5.2236E+01    1.9321E+01    1.6327E+01    1.5368E+01    7.1351E+01    4.9144E+01    1.4531E+01    4.4019E+00    1.5559E+01    1.4950E+01    1.3939E+01   
 1.0929E+02    4.6575E+01    5.2239E+01    1.9446E+01    1.6322E+01    1.5029E+01    7.1381E+01    4.9164E+01    1.4542E+01    4.4019E+00    1.5436E+01    1.5318E+01    1.3965E+01   
 1.1037E+02    4.6576E+01    5.2234E+01    1.9413E+01    1.6324E+01    1.4544E+01    7.1394E+01    4.9172E+01    1.4518E+01    4.4019E+00    1.5497E+01    1.4852E+01    1.4017E+01   
 1.1146E+02    4.6588E+01    5.2241E+01    1.9413E+01    1.6316E+01    1.4192E+01    7.1410E+01    4.9127E+01    1.4521E+01    4.4019E+00    1.5559E+01    1.4827E+01    1.3991E+01   
 1.1255E+02    4.6599E+01    5.2248E+01    1.9705E+01    1.6356E+01    1.3879E+01    7.1457E+01    4.9094E+01    1.4500E+01    4.4223E+00    1.5579E+01    1.5085E+01    1.3965E+01   
 1.1363E+02    4.6617E+01    5.2285E+01    1.9727E+01    1.6364E+01    1.3763E+01    7.1517E+01    4.9040E+01    1.4459E+01    4.4019E+00    1.5559E+01    1.5281E+01    1.3991E+01   
 1.1471E+02    4.6609E+01    5.2299E+01    1.9626E+01    1.6375E+01    1.3514E+01    7.1568E+01    4.9003E+01    1.4418E+01    4.3816E+00    1.5538E+01    1.4815E+01    1.3965E+01   
 1.1579E+02    4.6642E+01    5.2345E+01    1.9587E+01    1.6348E+01    1.3298E+01    7.1580E+01    4.8918E+01    1.4335E+01    4.4223E+00    1.5640E+01    1.4889E+01    1.3965E+01   
 1.1689E+02    4.6633E+01    5.2339E+01    1.9480E+01    1.6362E+01    1.3120E+01    7.1645E+01    4.8810E+01    1.4287E+01    4.4019E+00    1.5579E+01    1.4839E+01    1.3991E+01   
 1.1798E+02    4.6628E+01    5.2352E+01    1.9502E+01    1.6288E+01    1.3023E+01    7.1635E+01    4.8696E+01    1.4213E+01    4.3816E+00    1.5681E+01    1.4889E+01    1.3991E+01   
 1.1907E+02    4.6648E+01    5.2396E+01    1.9784E+01    1.6280E+01    1.2858E+01    7.1648E+01    4.8638E+01    1.4152E+01    4.3612E+00    1.5559E+01    1.5097E+01    1.3965E+01   
 1.2016E+02    4.6648E+01    5.2422E+01    2.0062E+01    1.6313E+01    1.2700E+01    7.1628E+01    4.8503E+01    1.4100E+01    4.3612E+00    1.5640E+01    1.5318E+01    1.3965E+01   
 1.2124E+02    4.6634E+01    5.2419E+01    2.0083E+01    1.6214E+01    1.2551E+01    7.1595E+01    4.8372E+01    1.4070E+01    4.3816E+00    1.5681E+01    1.4987E+01    1.3991E+01   
 1.2233E+02    4.6635E+01    5.2422E+01    2.0096E+01    1.6134E+01    1.2488E+01    7.1639E+01    4.8299E+01    1.4015E+01    4.3612E+00    1.5681E+01    1.4864E+01    1.3991E+01   
 1.2341E+02    4.6617E+01    5.2416E+01    1.9881E+01    1.6066E+01    1.2386E+01    7.1635E+01    4.8167E+01    1.3900E+01    4.3816E+00    1.5661E+01    1.5330E+01    1.4017E+01   
 1.2449E+02    4.6628E+01    5.2432E+01    1.9858E+01    1.6078E+01    1.2299E+01    7.1688E+01    4.8036E+01    1.3875E+01    4.3612E+00    1.5661E+01    1.4889E+01    1.3965E+01   
 1.2557E+02    4.6632E+01    5.2441E+01    1.9806E+01    1.6020E+01    1.2257E+01    7.1743E+01    4.7887E+01    1.3824E+01    4.3408E+00    1.5742E+01    1.4925E+01    1.3965E+01   
 1.2666E+02    4.6612E+01    5.2440E+01    1.9796E+01    1.5995E+01    1.2140E+01    7.1701E+01    4.7806E+01    1.3730E+01    4.3205E+00    1.5599E+01    1.4974E+01    1.3965E+01   
 1.2775E+02    4.6627E+01    5.2461E+01    1.9731E+01    1.5960E+01    1.2073E+01    7.1714E+01    4.7679E+01    1.3657E+01    4.3205E+00    1.5701E+01    1.5293E+01    1.3939E+01   
 1.2884E+02    4.6647E+01    5.2470E+01    1.9594E+01    1.5966E+01    1.2008E+01    7.1749E+01    4.7575E+01    1.3615E+01    4.3408E+00    1.5763E+01    1.4901E+01    1.3939E+01   
 1.2993E+02    4.6645E+01    5.2495E+01    1.9648E+01    1.5937E+01    1.1985E+01    7.1768E+01    4.7387E+01    1.3547E+01    4.3408E+00    1.5783E+01    1.4876E+01    1.3939E+01   
# Time (s)      T1w (C)       T2w (C)       T1a (C)       T2a (C)       T1r (C)       T2r (C)       T3r (C)       T4r (C)       P1 (bar)      P2 (bar)      Pow (W/100)      Qc (l/min)    
 1.3103E+02    4.6671E+01    5.2493E+01    2.0228E+01    1.5870E+01    1.1980E+01    7.1793E+01    4.7333E+01    1.3525E+01    4.3408E+00    1.5763E+01    1.4864E+01    1.3965E+01   
 1.3212E+02    4.6669E+01    5.2492E+01    2.0817E+01    1.5828E+01    1.1978E+01    7.1812E+01    4.7229E+01    1.3462E+01    4.3205E+00    1.5722E+01    1.4864E+01    1.3991E+01   
 1.3322E+02    4.6668E+01    5.2488E+01    2.0723E+01    1.5861E+01    1.2034E+01    7.1844E+01    4.7133E+01    1.3457E+01    4.3205E+00    1.5620E+01    1.5256E+01    1.4017E+01   
 1.3433E+02    4.6701E+01    5.2519E+01    2.0520E+01    1.5798E+01    1.2086E+01    7.1850E+01    4.7034E+01    1.3391E+01    4.2797E+00    1.5661E+01    1.4876E+01    1.3887E+01   
 1.3542E+02    4.6693E+01    5.2517E+01    2.0388E+01    1.5743E+01    1.2200E+01    7.1829E+01    4.6988E+01    1.3399E+01    4.2593E+00    1.5742E+01    1.4864E+01    1.3939E+01   
 1.3655E+02    4.6727E+01    5.2525E+01    2.0042E+01    1.5812E+01    1.2335E+01    7.1812E+01    4.6882E+01    1.3379E+01    4.2593E+00    1.5640E+01    1.4827E+01    1.3965E+01   
 1.3763E+02    4.6725E+01    5.2543E+01    1.9881E+01    1.5702E+01    1.2486E+01    7.1775E+01    4.6782E+01    1.3356E+01    4.2593E+00    1.5661E+01    1.4962E+01    1.3939E+01   
 1.3873E+02    4.6743E+01    5.2563E+01    1.9878E+01    1.5750E+01    1.2576E+01    7.1753E+01    4.6691E+01    1.3320E+01    4.2593E+00    1.5722E+01    1.4827E+01    1.3887E+01   
 1.3981E+02    4.6758E+01    5.2553E+01    1.9785E+01    1.5687E+01    1.2735E+01    7.1765E+01    4.6672E+01    1.3316E+01    4.2390E+00    1.5538E+01    1.4901E+01    1.3939E+01   
 1.4090E+02    4.6772E+01    5.2529E+01    1.9771E+01    1.5710E+01    1.2903E+01    7.1767E+01    4.6642E+01    1.3241E+01    4.2186E+00    1.5599E+01    1.5073E+01    1.3965E+01   
 1.4200E+02    4.6759E+01    5.2516E+01    1.9727E+01    1.5593E+01    1.3071E+01    7.1801E+01    4.6604E+01    1.3235E+01    4.2390E+00    1.5640E+01    1.4974E+01    1.3991E+01   
 1.4309E+02    4.6746E+01    5.2472E+01    1.9725E+01    1.5703E+01    1.3165E+01    7.1827E+01    4.6608E+01    1.3200E+01    4.1982E+00    1.5559E+01    1.4938E+01    1.3965E+01   
 1.4417E+02    4.6749E+01    5.2439E+01    1.9650E+01    1.5747E+01    1.3345E+01    7.1869E+01    4.6619E+01    1.3220E+01    4.1982E+00    1.5640E+01    1.4754E+01    1.3913E+01   
 1.4526E+02    4.6721E+01    5.2402E+01    1.9601E+01    1.5770E+01    1.3502E+01    7.1925E+01    4.6633E+01    1.3223E+01    4.1982E+00    1.5518E+01    1.4729E+01    1.3991E+01   
 1.4634E+02    4.6727E+01    5.2390E+01    1.9655E+01    1.5709E+01    1.3608E+01    7.2019E+01    4.6671E+01    1.3228E+01    4.2186E+00    1.5599E+01    1.4754E+01    1.3939E+01   
 1.4743E+02    4.6746E+01    5.2377E+01    1.9643E+01    1.5726E+01    1.3778E+01    7.2074E+01    4.6705E+01    1.3273E+01    4.2186E+00    1.5538E+01    1.5048E+01    1.3913E+01   
 1.4852E+02    4.6755E+01    5.2338E+01    2.0356E+01    1.5690E+01    1.3925E+01    7.2093E+01    4.6759E+01    1.3281E+01    4.1982E+00    1.5538E+01    1.5195E+01    1.3939E+01   
 1.4961E+02    4.6749E+01    5.2343E+01    2.0166E+01    1.5728E+01    1.4089E+01    7.2151E+01    4.6814E+01    1.3291E+01    4.2186E+00    1.5457E+01    1.4962E+01    1.3991E+01   
 1.5069E+02    4.6776E+01    5.2361E+01    1.9981E+01    1.5669E+01    1.4150E+01    7.2197E+01    4.6883E+01    1.3352E+01    4.2390E+00    1.5579E+01    1.4864E+01    1.3913E+01   
 1.5178E+02    4.6800E+01    5.2381E+01    1.9896E+01    1.5808E+01    1.4299E+01    7.2228E+01    4.6951E+01    1.3368E+01    4.2186E+00    1.5599E+01    1.4778E+01    1.3913E+01   
 1.5287E+02    4.6802E+01    5.2375E+01    1.9900E+01    1.5832E+01    1.4424E+01    7.2222E+01    4.7013E+01    1.3377E+01    4.2186E+00    1.5518E+01    1.4803E+01    1.3991E+01   
 1.5395E+02    4.6804E+01    5.2362E+01    1.9927E+01    1.5763E+01    1.4574E+01    7.2191E+01    4.7131E+01    1.3429E+01    4.2390E+00    1.5559E+01    1.4864E+01    1.3991E+01   
 1.5504E+02    4.6824E+01    5.2370E+01    2.0006E+01    1.5822E+01    1.4636E+01    7.2147E+01    4.7234E+01    1.3464E+01    4.2390E+00    1.5518E+01    1.5109E+01    1.4068E+01   
 1.5613E+02    4.6814E+01    5.2361E+01    1.9780E+01    1.5845E+01    1.4767E+01    7.2130E+01    4.7306E+01    1.3476E+01    4.2186E+00    1.5538E+01    1.4729E+01    1.3965E+01   
 1.5722E+02    4.6810E+01    5.2364E+01    2.0021E+01    1.5911E+01    1.4899E+01    7.2119E+01    4.7435E+01    1.3491E+01    4.2390E+00    1.5599E+01    1.4778E+01    1.3965E+01   
 1.5832E+02    4.6829E+01    5.2388E+01    2.0160E+01    1.5897E+01    1.4956E+01    7.2106E+01    4.7539E+01    1.3481E+01    4.2390E+00    1.5640E+01    1.4876E+01    1.3965E+01   
 1.5941E+02    4.6813E+01    5.2375E+01    2.0081E+01    1.5844E+01    1.5088E+01    7.2071E+01    4.7677E+01    1.3523E+01    4.2390E+00    1.5579E+01    1.5036E+01    1.3965E+01   
 1.6053E+02    4.6792E+01    5.2367E+01    1.9837E+01    1.5876E+01    1.5194E+01    7.2034E+01    4.7724E+01    1.3561E+01    4.2390E+00    1.5497E+01    1.4766E+01    1.3965E+01   
 1.6168E+02    4.6814E+01    5.2361E+01    1.9680E+01    1.5889E+01    1.5290E+01    7.1983E+01    4.7826E+01    1.3567E+01    4.2593E+00    1.5559E+01    1.4778E+01    1.3991E+01   
 1.6277E+02    4.6789E+01    5.2329E+01    1.9565E+01    1.5878E+01    1.5386E+01    7.1928E+01    4.7936E+01    1.3568E+01    4.2186E+00    1.5579E+01    1.4778E+01    1.3939E+01   
# Time (s)      T1w (C)       T2w (C)       T1a (C)       T2a (C)       T1r (C)       T2r (C)       T3r (C)       T4r (C)       P1 (bar)      P2 (bar)      Pow (W/100)      Qc (l/min)    
 1.6386E+02    4.6769E+01    5.2308E+01    1.9512E+01    1.5858E+01    1.5434E+01    7.1882E+01    4.8037E+01    1.3585E+01    4.2390E+00    1.5497E+01    1.5183E+01    1.3991E+01   
 1.6495E+02    4.6772E+01    5.2313E+01    1.9467E+01    1.5861E+01    1.5524E+01    7.1875E+01    4.8097E+01    1.3587E+01    4.2797E+00    1.5579E+01    1.4999E+01    1.4120E+01   
 1.6603E+02    4.6782E+01    5.2318E+01    1.9497E+01    1.5863E+01    1.5642E+01    7.1899E+01    4.8225E+01    1.3627E+01    4.2593E+00    1.5538E+01    1.4778E+01    1.3991E+01   
 1.6712E+02    4.6786E+01    5.2328E+01    1.9475E+01    1.5892E+01    1.5673E+01    7.1905E+01    4.8321E+01    1.3658E+01    4.2593E+00    1.5518E+01    1.4778E+01    1.3965E+01   
 1.6821E+02    4.6805E+01    5.2345E+01    1.9496E+01    1.5984E+01    1.5767E+01    7.1892E+01    4.8395E+01    1.3677E+01    4.2797E+00    1.5559E+01    1.4901E+01    1.3965E+01   
 1.6929E+02    4.6818E+01    5.2359E+01    1.9500E+01    1.5899E+01    1.5839E+01    7.1879E+01    4.8473E+01    1.3744E+01    4.2797E+00    1.5477E+01    1.5256E+01    1.3939E+01   
 1.7037E+02    4.6843E+01    5.2367E+01    1.9547E+01    1.6038E+01    1.5930E+01    7.1850E+01    4.8581E+01    1.3761E+01    4.3205E+00    1.5620E+01    1.4766E+01    1.3991E+01   
 1.7145E+02    4.6862E+01    5.2404E+01    1.9538E+01    1.6017E+01    1.5967E+01    7.1844E+01    4.8658E+01    1.3798E+01    4.3001E+00    1.5620E+01    1.4999E+01    1.3887E+01   
 1.7253E+02    4.6843E+01    5.2418E+01    1.9507E+01    1.6074E+01    1.6031E+01    7.1875E+01    4.8668E+01    1.3836E+01    4.3001E+00    1.5538E+01    1.5011E+01    1.4043E+01   
 1.7362E+02    4.6873E+01    5.2417E+01    1.9511E+01    1.6175E+01    1.6097E+01    7.1874E+01    4.8741E+01    1.3871E+01    4.3001E+00    1.5640E+01    1.5220E+01    1.3913E+01   
 1.7471E+02    4.6868E+01    5.2418E+01    1.9482E+01    1.5966E+01    1.6139E+01    7.1840E+01    4.8809E+01    1.3906E+01    4.3205E+00    1.5538E+01    1.5195E+01    1.4017E+01   
 1.7580E+02    4.6855E+01    5.2427E+01    1.9459E+01    1.5940E+01    1.6210E+01    7.1821E+01    4.8892E+01    1.3946E+01    4.3205E+00    1.5579E+01    1.5011E+01    1.3939E+01   
 1.7688E+02    4.6873E+01    5.2443E+01    1.9429E+01    1.5983E+01    1.6263E+01    7.1817E+01    4.8901E+01    1.3953E+01    4.3408E+00    1.5620E+01    1.4938E+01    1.3965E+01   
 1.7797E+02    4.6869E+01    5.2454E+01    1.9510E+01    1.5968E+01    1.6334E+01    7.1798E+01    4.8930E+01    1.3986E+01    4.3408E+00    1.5661E+01    1.4790E+01    1.3965E+01   
 1.7905E+02    4.6906E+01    5.2492E+01    1.9538E+01    1.6023E+01    1.6347E+01    7.1878E+01    4.8949E+01    1.4013E+01    4.3408E+00    1.5579E+01    1.5306E+01    1.3965E+01   
 1.8013E+02    4.6916E+01    5.2482E+01    1.9544E+01    1.6054E+01    1.6417E+01    7.1881E+01    4.8978E+01    1.4030E+01    4.3205E+00    1.5559E+01    1.4901E+01    1.3913E+01   
 1.8121E+02    4.6916E+01    5.2492E+01    1.9427E+01    1.6078E+01    1.6489E+01    7.1885E+01    4.9041E+01    1.4078E+01    4.3408E+00    1.5579E+01    1.4815E+01    1.3939E+01   
 1.8229E+02    4.6940E+01    5.2525E+01    1.9531E+01    1.6211E+01    1.6554E+01    7.1899E+01    4.9071E+01    1.4077E+01    4.3612E+00    1.5661E+01    1.4839E+01    1.3991E+01   
 1.8338E+02    4.6950E+01    5.2530E+01    1.9579E+01    1.6163E+01    1.6588E+01    7.1904E+01    4.9105E+01    1.4131E+01    4.3408E+00    1.5518E+01    1.5134E+01    1.3913E+01   
 1.8447E+02    4.6950E+01    5.2546E+01    1.9561E+01    1.6152E+01    1.6637E+01    7.1925E+01    4.9122E+01    1.4133E+01    4.3408E+00    1.5599E+01    1.5306E+01    1.3939E+01   
 1.8556E+02    4.6967E+01    5.2568E+01    1.9527E+01    1.6140E+01    1.6677E+01    7.1920E+01    4.9154E+01    1.4131E+01    4.3408E+00    1.5701E+01    1.4864E+01    1.3965E+01   
 1.8665E+02    4.6967E+01    5.2562E+01    1.9507E+01    1.6166E+01    1.6709E+01    7.1933E+01    4.9181E+01    1.4174E+01    4.3612E+00    1.5661E+01    1.4925E+01    1.3965E+01   
 1.8775E+02    4.6964E+01    5.2559E+01    1.9479E+01    1.6141E+01    1.6758E+01    7.1935E+01    4.9217E+01    1.4189E+01    4.3816E+00    1.5661E+01    1.4901E+01    1.3913E+01   
 1.8884E+02    4.6971E+01    5.2583E+01    1.9544E+01    1.6198E+01    1.6785E+01    7.1911E+01    4.9253E+01    1.4223E+01    4.3816E+00    1.5681E+01    1.4962E+01    1.3939E+01   
 1.8994E+02    4.6975E+01    5.2568E+01    1.9585E+01    1.6151E+01    1.6824E+01    7.1915E+01    4.9245E+01    1.4233E+01    4.3816E+00    1.5620E+01    1.5171E+01    1.3887E+01   
 1.9104E+02    4.6978E+01    5.2590E+01    1.9744E+01    1.6210E+01    1.6836E+01    7.1963E+01    4.9292E+01    1.4251E+01    4.3612E+00    1.5599E+01    1.5355E+01    1.3965E+01   
 1.9213E+02    4.6980E+01    5.2574E+01    1.9789E+01    1.6197E+01    1.6878E+01    7.1970E+01    4.9330E+01    1.4257E+01    4.3612E+00    1.5559E+01    1.5342E+01    1.3887E+01   
 1.9327E+02    4.6994E+01    5.2592E+01    1.9760E+01    1.6208E+01    1.6900E+01    7.1969E+01    4.9341E+01    1.4299E+01    4.3612E+00    1.5640E+01    1.5085E+01    1.3991E+01   
 1.9436E+02    4.6988E+01    5.2595E+01    1.9582E+01    1.6219E+01    1.6921E+01    7.1975E+01    4.9336E+01    1.4313E+01    4.4019E+00    1.5579E+01    1.5342E+01    1.3913E+01   
 1.9546E+02    4.6986E+01    5.2601E+01    1.9538E+01    1.6166E+01    1.6955E+01    7.1980E+01    4.9339E+01    1.4341E+01    4.4019E+00    1.5722E+01    1.4864E+01    1.3965E+01   
# Time (s)      T1w (C)       T2w (C)       T1a (C)       T2a (C)       T1r (C)       T2r (C)       T3r (C)       T4r (C)       P1 (bar)      P2 (bar)      Pow (W/100)      Qc (l/min)    
 1.9654E+02    4.6989E+01    5.2593E+01    1.9533E+01    1.6160E+01    1.6972E+01    7.2006E+01    4.9347E+01    1.4346E+01    4.3816E+00    1.5579E+01    1.5256E+01    1.4017E+01   
 1.9764E+02    4.6983E+01    5.2606E+01    1.9566E+01    1.6216E+01    1.6992E+01    7.2034E+01    4.9375E+01    1.4383E+01    4.4223E+00    1.5559E+01    1.5060E+01    1.3965E+01   
 1.9873E+02    4.7004E+01    5.2623E+01    1.9638E+01    1.6248E+01    1.7014E+01    7.2061E+01    4.9372E+01    1.4413E+01    4.3816E+00    1.5701E+01    1.5306E+01    1.3965E+01   
 1.9981E+02    4.7012E+01    5.2649E+01    1.9647E+01    1.6227E+01    1.7029E+01    7.2062E+01    4.9414E+01    1.4411E+01    4.4019E+00    1.5722E+01    1.4925E+01    1.4043E+01   
 2.0089E+02    4.7022E+01    5.2657E+01    1.9650E+01    1.6246E+01    1.7038E+01    7.2055E+01    4.9435E+01    1.4437E+01    4.4223E+00    1.5599E+01    1.4864E+01    1.3887E+01   
 2.0197E+02    4.7063E+01    5.2689E+01    1.9590E+01    1.6247E+01    1.7050E+01    7.2041E+01    4.9435E+01    1.4447E+01    4.4019E+00    1.5701E+01    1.5023E+01    1.3991E+01   
 2.0306E+02    4.7074E+01    5.2688E+01    1.9618E+01    1.6311E+01    1.7063E+01    7.2065E+01    4.9448E+01    1.4498E+01    4.4427E+00    1.5620E+01    1.4876E+01    1.3913E+01   
 2.0417E+02    4.7078E+01    5.2691E+01    1.9623E+01    1.6287E+01    1.7058E+01    7.2101E+01    4.9472E+01    1.4506E+01    4.4427E+00    1.5640E+01    1.4925E+01    1.4068E+01   
 2.0526E+02    4.7070E+01    5.2693E+01    1.9601E+01    1.6252E+01    1.7049E+01    7.2061E+01    4.9472E+01    1.4505E+01    4.4019E+00    1.5742E+01    1.4901E+01    1.3965E+01   
 2.0635E+02    4.7082E+01    5.2702E+01    1.9550E+01    1.6256E+01    1.7049E+01    7.2040E+01    4.9481E+01    1.4517E+01    4.4019E+00    1.5661E+01    1.5404E+01    1.3965E+01   
 2.0743E+02    4.7075E+01    5.2702E+01    1.9533E+01    1.6239E+01    1.7020E+01    7.2003E+01    4.9512E+01    1.4534E+01    4.4019E+00    1.5661E+01    1.4950E+01    1.3991E+01   
 2.0851E+02    4.7084E+01    5.2703E+01    1.9509E+01    1.6195E+01    1.6981E+01    7.1969E+01    4.9519E+01    1.4505E+01    4.4427E+00    1.5599E+01    1.4901E+01    1.3939E+01   
 2.0959E+02    4.7068E+01    5.2703E+01    1.9516E+01    1.6198E+01    1.6981E+01    7.1967E+01    4.9545E+01    1.4537E+01    4.4223E+00    1.5681E+01    1.5367E+01    1.3939E+01   
 2.1067E+02    4.7078E+01    5.2708E+01    1.9497E+01    1.6196E+01    1.6919E+01    7.1958E+01    4.9547E+01    1.4534E+01    4.4019E+00    1.5640E+01    1.5134E+01    1.3939E+01   
 2.1176E+02    4.7051E+01    5.2703E+01    1.9464E+01    1.6201E+01    1.6877E+01    7.1935E+01    4.9535E+01    1.4512E+01    4.4223E+00    1.5783E+01    1.4913E+01    1.3939E+01   
 2.1285E+02    4.7058E+01    5.2698E+01    1.9473E+01    1.6214E+01    1.6811E+01    7.1961E+01    4.9559E+01    1.4527E+01    4.4019E+00    1.5640E+01    1.4901E+01    1.3913E+01   
 2.1394E+02    4.7078E+01    5.2709E+01    1.9485E+01    1.6212E+01    1.6725E+01    7.1957E+01    4.9542E+01    1.4515E+01    4.4019E+00    1.5742E+01    1.4950E+01    1.3913E+01   
 2.1502E+02    4.7088E+01    5.2716E+01    1.9513E+01    1.6215E+01    1.6625E+01    7.1976E+01    4.9574E+01    1.4538E+01    4.4427E+00    1.5722E+01    1.4974E+01    1.3913E+01   
 2.1612E+02    4.7084E+01    5.2705E+01    1.9518E+01    1.6188E+01    1.6578E+01    7.1964E+01    4.9602E+01    1.4563E+01    4.4019E+00    1.5640E+01    1.4913E+01    1.3939E+01   
 2.1721E+02    4.7093E+01    5.2714E+01    1.9495E+01    1.6193E+01    1.6422E+01    7.1979E+01    4.9596E+01    1.4570E+01    4.4427E+00    1.5661E+01    1.4962E+01    1.3939E+01   
 2.1830E+02    4.7086E+01    5.2723E+01    1.9474E+01    1.6214E+01    1.6181E+01    7.1959E+01    4.9611E+01    1.4549E+01    4.4223E+00    1.5681E+01    1.4987E+01    1.3913E+01   
 2.1940E+02    4.7097E+01    5.2735E+01    1.9484E+01    1.6274E+01    1.5891E+01    7.1961E+01    4.9613E+01    1.4549E+01    4.4427E+00    1.5620E+01    1.5269E+01    1.3991E+01   
 2.2054E+02    4.7110E+01    5.2757E+01    1.9450E+01    1.6238E+01    1.5715E+01    7.1983E+01    4.9617E+01    1.4582E+01    4.4223E+00    1.5681E+01    1.4962E+01    1.3939E+01   
 2.2163E+02    4.7120E+01    5.2754E+01    1.9437E+01    1.6242E+01    1.5104E+01    7.2031E+01    4.9627E+01    1.4622E+01    4.4019E+00    1.5681E+01    1.4962E+01    1.3939E+01   
 2.2273E+02    4.7093E+01    5.2757E+01    1.9462E+01    1.6275E+01    1.4595E+01    7.2046E+01    4.9641E+01    1.4640E+01    4.4223E+00    1.5763E+01    1.5465E+01    1.3965E+01   
 2.2382E+02    4.7092E+01    5.2748E+01    1.9466E+01    1.6259E+01    1.4188E+01    7.2077E+01    4.9623E+01    1.4613E+01    4.4223E+00    1.5661E+01    1.5379E+01    1.3965E+01   
 2.2491E+02    4.7088E+01    5.2743E+01    1.9443E+01    1.6194E+01    1.4024E+01    7.2096E+01    4.9595E+01    1.4590E+01    4.4019E+00    1.5681E+01    1.4962E+01    1.3913E+01   
 2.2599E+02    4.7064E+01    5.2748E+01    1.9421E+01    1.6178E+01    1.3729E+01    7.2148E+01    4.9577E+01    1.4530E+01    4.4427E+00    1.5844E+01    1.5122E+01    1.3965E+01   
 2.2707E+02    4.7082E+01    5.2780E+01    1.9417E+01    1.6195E+01    1.3468E+01    7.2177E+01    4.9539E+01    1.4464E+01    4.3816E+00    1.5844E+01    1.5453E+01    1.4017E+01   
 2.2815E+02    4.7089E+01    5.2784E+01    1.9406E+01    1.6228E+01    1.3363E+01    7.2202E+01    4.9446E+01    1.4433E+01    4.4223E+00    1.5803E+01    1.5011E+01    1.3861E+01   
# Time (s)      T1w (C)       T2w (C)       T1a (C)       T2a (C)       T1r (C)       T2r (C)       T3r (C)       T4r (C)       P1 (bar)      P2 (bar)      Pow (W/100)      Qc (l/min)    
 2.2923E+02    4.7101E+01    5.2802E+01    1.9361E+01    1.6231E+01    1.3160E+01    7.2210E+01    4.9339E+01    1.4355E+01    4.3612E+00    1.5803E+01    1.4999E+01    1.4017E+01   
 2.3031E+02    4.7133E+01    5.2854E+01    1.9370E+01    1.6111E+01    1.2938E+01    7.2196E+01    4.9304E+01    1.4290E+01    4.3612E+00    1.5783E+01    1.5146E+01    1.3913E+01   
 2.3140E+02    4.7149E+01    5.2894E+01    1.9489E+01    1.6206E+01    1.2768E+01    7.2142E+01    4.9176E+01    1.4223E+01    4.3816E+00    1.5844E+01    1.5207E+01    1.3965E+01   
 2.3249E+02    4.7180E+01    5.2914E+01    1.9572E+01    1.6184E+01    1.2703E+01    7.2117E+01    4.9070E+01    1.4189E+01    4.3612E+00    1.5763E+01    1.5428E+01    1.3939E+01   
 2.3358E+02    4.7182E+01    5.2926E+01    1.9579E+01    1.6107E+01    1.2580E+01    7.2092E+01    4.9035E+01    1.4148E+01    4.3612E+00    1.5865E+01    1.5453E+01    1.3965E+01   
 2.3467E+02    4.7149E+01    5.2927E+01    1.9494E+01    1.6061E+01    1.2440E+01    7.2081E+01    4.8925E+01    1.4063E+01    4.3612E+00    1.5824E+01    1.5440E+01    1.3861E+01   
 2.3575E+02    4.7173E+01    5.2944E+01    1.9593E+01    1.6083E+01    1.2334E+01    7.2143E+01    4.8831E+01    1.4039E+01    4.3816E+00    1.5905E+01    1.5048E+01    1.3939E+01   
 2.3684E+02    4.7167E+01    5.2965E+01    1.9691E+01    1.6025E+01    1.2322E+01    7.2200E+01    4.8678E+01    1.3975E+01    4.3408E+00    1.5763E+01    1.4974E+01    1.3887E+01   
 2.3793E+02    4.7181E+01    5.2984E+01    1.9626E+01    1.6044E+01    1.2222E+01    7.2224E+01    4.8615E+01    1.3888E+01    4.3408E+00    1.5905E+01    1.4987E+01    1.3913E+01   
 2.3902E+02    4.7203E+01    5.3005E+01    1.9680E+01    1.5959E+01    1.2182E+01    7.2292E+01    4.8504E+01    1.3843E+01    4.3612E+00    1.5763E+01    1.4987E+01    1.3965E+01   
 2.4011E+02    4.7219E+01    5.3007E+01    1.9790E+01    1.5949E+01    1.2166E+01    7.2328E+01    4.8369E+01    1.3816E+01    4.3408E+00    1.5865E+01    1.5256E+01    1.3939E+01   
 2.4120E+02    4.7222E+01    5.3013E+01    1.9777E+01    1.5963E+01    1.2109E+01    7.2364E+01    4.8210E+01    1.3715E+01    4.3408E+00    1.5824E+01    1.5440E+01    1.3965E+01   
 2.4228E+02    4.7222E+01    5.3033E+01    1.9598E+01    1.5930E+01    1.2089E+01    7.2397E+01    4.8161E+01    1.3711E+01    4.3205E+00    1.5844E+01    1.5440E+01    1.3913E+01   
 2.4337E+02    4.7233E+01    5.3034E+01    1.9523E+01    1.5835E+01    1.2058E+01    7.2406E+01    4.8007E+01    1.3626E+01    4.3205E+00    1.5824E+01    1.5440E+01    1.3887E+01   
 2.4446E+02    4.7242E+01    5.3035E+01    1.9519E+01    1.5840E+01    1.2054E+01    7.2443E+01    4.7881E+01    1.3594E+01    4.3001E+00    1.5844E+01    1.5048E+01    1.3991E+01   
 2.4555E+02    4.7259E+01    5.3055E+01    1.9514E+01    1.5862E+01    1.2046E+01    7.2398E+01    4.7740E+01    1.3492E+01    4.2593E+00    1.5824E+01    1.4974E+01    1.3887E+01   
 2.4665E+02    4.7257E+01    5.3050E+01    1.9489E+01    1.5737E+01    1.2093E+01    7.2382E+01    4.7684E+01    1.3442E+01    4.2593E+00    1.5844E+01    1.4962E+01    1.3991E+01   
 2.4775E+02    4.7270E+01    5.3073E+01    1.9481E+01    1.5848E+01    1.2193E+01    7.2342E+01    4.7572E+01    1.3375E+01    4.3001E+00    1.5844E+01    1.4938E+01    1.3887E+01   
 2.4884E+02    4.7270E+01    5.3062E+01    1.9479E+01    1.5780E+01    1.2246E+01    7.2270E+01    4.7459E+01    1.3360E+01    4.3001E+00    1.5905E+01    1.4974E+01    1.3913E+01   
 2.4993E+02    4.7275E+01    5.3079E+01    1.9656E+01    1.5706E+01    1.2388E+01    7.2242E+01    4.7348E+01    1.3313E+01    4.2390E+00    1.5763E+01    1.4962E+01    1.3939E+01   
 2.5103E+02    4.7275E+01    5.3058E+01    1.9701E+01    1.5683E+01    1.2524E+01    7.2222E+01    4.7324E+01    1.3332E+01    4.2797E+00    1.5946E+01    1.5440E+01    1.3913E+01   
 2.5217E+02    4.7281E+01    5.3064E+01    1.9578E+01    1.5663E+01    1.2693E+01    7.2206E+01    4.7281E+01    1.3306E+01    4.2390E+00    1.5783E+01    1.5036E+01    1.3861E+01   
 2.5326E+02    4.7305E+01    5.3051E+01    1.9540E+01    1.5686E+01    1.2767E+01    7.2182E+01    4.7224E+01    1.3298E+01    4.2593E+00    1.5803E+01    1.5122E+01    1.3939E+01   
 2.5437E+02    4.7294E+01    5.3053E+01    1.9470E+01    1.5693E+01    1.2939E+01    7.2132E+01    4.7181E+01    1.3294E+01    4.2390E+00    1.5763E+01    1.5097E+01    1.3965E+01   
 2.5546E+02    4.7308E+01    5.3023E+01    1.9496E+01    1.5646E+01    1.3087E+01    7.2124E+01    4.7167E+01    1.3278E+01    4.2593E+00    1.5742E+01    1.4913E+01    1.3939E+01   
 2.5656E+02    4.7319E+01    5.3022E+01    1.9474E+01    1.5608E+01    1.3242E+01    7.2094E+01    4.7185E+01    1.3250E+01    4.2593E+00    1.5865E+01    1.5097E+01    1.3913E+01   
 2.5764E+02    4.7321E+01    5.3016E+01    1.9474E+01    1.5647E+01    1.3317E+01    7.2124E+01    4.7219E+01    1.3220E+01    4.2390E+00    1.5701E+01    1.4987E+01    1.3913E+01   
 2.5872E+02    4.7330E+01    5.2996E+01    1.9495E+01    1.5622E+01    1.3467E+01    7.2157E+01    4.7249E+01    1.3223E+01    4.2390E+00    1.5783E+01    1.4901E+01    1.3939E+01   
 2.5981E+02    4.7345E+01    5.2997E+01    1.9480E+01    1.5638E+01    1.3657E+01    7.2157E+01    4.7262E+01    1.3276E+01    4.2390E+00    1.5701E+01    1.4876E+01    1.3965E+01   
 2.6090E+02    4.7352E+01    5.2975E+01    1.9533E+01    1.5657E+01    1.3728E+01    7.2179E+01    4.7319E+01    1.3292E+01    4.2186E+00    1.5824E+01    1.4876E+01    1.3913E+01   
# Time (s)      T1w (C)       T2w (C)       T1a (C)       T2a (C)       T1r (C)       T2r (C)       T3r (C)       T4r (C)       P1 (bar)      P2 (bar)      Pow (W/100)      Qc (l/min)    
 2.6199E+02    4.7358E+01    5.2979E+01    1.9545E+01    1.5675E+01    1.3866E+01    7.2199E+01    4.7396E+01    1.3338E+01    4.2390E+00    1.5640E+01    1.4864E+01    1.3913E+01   
 2.6308E+02    4.7364E+01    5.2975E+01    1.9500E+01    1.5729E+01    1.4013E+01    7.2203E+01    4.7446E+01    1.3369E+01    4.2186E+00    1.5742E+01    1.5134E+01    1.3887E+01   
 2.6417E+02    4.7361E+01    5.2970E+01    1.9596E+01    1.5668E+01    1.4149E+01    7.2243E+01    4.7512E+01    1.3363E+01    4.2186E+00    1.5803E+01    1.5318E+01    1.3991E+01   
 2.6525E+02    4.7376E+01    5.2973E+01    1.9583E+01    1.5706E+01    1.4218E+01    7.2253E+01    4.7636E+01    1.3387E+01    4.2390E+00    1.5742E+01    1.5293E+01    1.3861E+01   
 2.6634E+02    4.7386E+01    5.2967E+01    1.9526E+01    1.5727E+01    1.4366E+01    7.2239E+01    4.7716E+01    1.3434E+01    4.2593E+00    1.5763E+01    1.5391E+01    1.3991E+01   
 2.6743E+02    4.7388E+01    5.2955E+01    1.9539E+01    1.5788E+01    1.4479E+01    7.2261E+01    4.7774E+01    1.3472E+01    4.2186E+00    1.5701E+01    1.4999E+01    1.3965E+01   
 2.6852E+02    4.7383E+01    5.2958E+01    1.9499E+01    1.5772E+01    1.4590E+01    7.2242E+01    4.7876E+01    1.3495E+01    4.2390E+00    1.5824E+01    1.4876E+01    1.3965E+01   
 2.6961E+02    4.7400E+01    5.2967E+01    1.9477E+01    1.5814E+01    1.4654E+01    7.2257E+01    4.7993E+01    1.3515E+01    4.2186E+00    1.5722E+01    1.5367E+01    1.3861E+01   
 2.7071E+02    4.7423E+01    5.2964E+01    1.9540E+01    1.5795E+01    1.4774E+01    7.2263E+01    4.8115E+01    1.3542E+01    4.2593E+00    1.5844E+01    1.5158E+01    1.3913E+01   
 2.7180E+02    4.7422E+01    5.2979E+01    1.9525E+01    1.5877E+01    1.4876E+01    7.2255E+01    4.8177E+01    1.3550E+01    4.2593E+00    1.5701E+01    1.4889E+01    1.3939E+01   
 2.7289E+02    4.7454E+01    5.2995E+01    1.9740E+01    1.5887E+01    1.4943E+01    7.2250E+01    4.8284E+01    1.3563E+01    4.2593E+00    1.5844E+01    1.4889E+01    1.3991E+01   
 2.7398E+02    4.7456E+01    5.3002E+01    1.9687E+01    1.5945E+01    1.5049E+01    7.2217E+01    4.8378E+01    1.3569E+01    4.2390E+00    1.5640E+01    1.4925E+01    1.4017E+01   
 2.7506E+02    4.7428E+01    5.2983E+01    1.9629E+01    1.5912E+01    1.5155E+01    7.2191E+01    4.8431E+01    1.3586E+01    4.2593E+00    1.5783E+01    1.5158E+01    1.3965E+01   
 2.7615E+02    4.7455E+01    5.2991E+01    1.9600E+01    1.5919E+01    1.5265E+01    7.2217E+01    4.8541E+01    1.3606E+01    4.2593E+00    1.5803E+01    1.4889E+01    1.3913E+01   
 2.7725E+02    4.7448E+01    5.2972E+01    1.9620E+01    1.5935E+01    1.5315E+01    7.2201E+01    4.8654E+01    1.3628E+01    4.2797E+00    1.5803E+01    1.4876E+01    1.3939E+01   
 2.7834E+02    4.7433E+01    5.3000E+01    1.9679E+01    1.5919E+01    1.5408E+01    7.2192E+01    4.8745E+01    1.3673E+01    4.2797E+00    1.5844E+01    1.4889E+01    1.3913E+01   
 2.7944E+02    4.7457E+01    5.2992E+01    1.9617E+01    1.5965E+01    1.5493E+01    7.2188E+01    4.8806E+01    1.3731E+01    4.2797E+00    1.5722E+01    1.4889E+01    1.3887E+01   
 2.8054E+02    4.7441E+01    5.2987E+01    1.9612E+01    1.5974E+01    1.5582E+01    7.2177E+01    4.8896E+01    1.3762E+01    4.2593E+00    1.5763E+01    1.4913E+01    1.3965E+01   
 2.8166E+02    4.7444E+01    5.3009E+01    1.9614E+01    1.5976E+01    1.5630E+01    7.2141E+01    4.8988E+01    1.3796E+01    4.3001E+00    1.5783E+01    1.4925E+01    1.3939E+01   
 2.8276E+02    4.7452E+01    5.2984E+01    1.9633E+01    1.5960E+01    1.5706E+01    7.2117E+01    4.9057E+01    1.3781E+01    4.3205E+00    1.5885E+01    1.5342E+01    1.3939E+01   
 2.8387E+02    4.7466E+01    5.3008E+01    1.9581E+01    1.6032E+01    1.5791E+01    7.2106E+01    4.9086E+01    1.3842E+01    4.3205E+00    1.5783E+01    1.5391E+01    1.3965E+01   
 2.8496E+02    4.7445E+01    5.2996E+01    1.9524E+01    1.5916E+01    1.5882E+01    7.2179E+01    4.9170E+01    1.3876E+01    4.3205E+00    1.5701E+01    1.4913E+01    1.3965E+01   
 2.8604E+02    4.7460E+01    5.3011E+01    1.9497E+01    1.5983E+01    1.5951E+01    7.2198E+01    4.9219E+01    1.3914E+01    4.3001E+00    1.5742E+01    1.5342E+01    1.3913E+01   
 2.8713E+02    4.7479E+01    5.3033E+01    1.9508E+01    1.6061E+01    1.6029E+01    7.2209E+01    4.9288E+01    1.3966E+01    4.3205E+00    1.5701E+01    1.5109E+01    1.3965E+01   
 2.8821E+02    4.7481E+01    5.3035E+01    1.9534E+01    1.6107E+01    1.6109E+01    7.2216E+01    4.9335E+01    1.4014E+01    4.3205E+00    1.5803E+01    1.4999E+01    1.3939E+01   
 2.8930E+02    4.7505E+01    5.3054E+01    1.9500E+01    1.5996E+01    1.6183E+01    7.2229E+01    4.9373E+01    1.4032E+01    4.3205E+00    1.5701E+01    1.4925E+01    1.3991E+01   
 2.9039E+02    4.7509E+01    5.3066E+01    1.9530E+01    1.6066E+01    1.6207E+01    7.2272E+01    4.9436E+01    1.4035E+01    4.3205E+00    1.5763E+01    1.4974E+01    1.3939E+01   
 2.9147E+02    4.7514E+01    5.3076E+01    1.9534E+01    1.6113E+01    1.6284E+01    7.2262E+01    4.9512E+01    1.4046E+01    4.3408E+00    1.5844E+01    1.5158E+01    1.3913E+01   
 2.9256E+02    4.7510E+01    5.3071E+01    1.9494E+01    1.6068E+01    1.6337E+01    7.2253E+01    4.9542E+01    1.4052E+01    4.3205E+00    1.5783E+01    1.5232E+01    1.3939E+01   
 2.9365E+02    4.7519E+01    5.3087E+01    1.9478E+01    1.6083E+01    1.6344E+01    7.2247E+01    4.9581E+01    1.4086E+01    4.3408E+00    1.5905E+01    1.5453E+01    1.3939E+01   
# Time (s)      T1w (C)       T2w (C)       T1a (C)       T2a (C)       T1r (C)       T2r (C)       T3r (C)       T4r (C)       P1 (bar)      P2 (bar)      Pow (W/100)      Qc (l/min)    
 2.9474E+02    4.7533E+01    5.3075E+01    1.9549E+01    1.6145E+01    1.6395E+01    7.2222E+01    4.9628E+01    1.4081E+01    4.3816E+00    1.5742E+01    1.5146E+01    1.3965E+01   
 2.9583E+02    4.7531E+01    5.3080E+01    1.9516E+01    1.6056E+01    1.6484E+01    7.2257E+01    4.9673E+01    1.4145E+01    4.3408E+00    1.5865E+01    1.4974E+01    1.3991E+01   
 2.9691E+02    4.7532E+01    5.3104E+01    1.9562E+01    1.6181E+01    1.6553E+01    7.2349E+01    4.9710E+01    1.4200E+01    4.3612E+00    1.5701E+01    1.4950E+01    1.3887E+01   
 2.9800E+02    4.7536E+01    5.3076E+01    1.9580E+01    1.6136E+01    1.6568E+01    7.2346E+01    4.9726E+01    1.4262E+01    4.3612E+00    1.5844E+01    1.4974E+01    1.3913E+01   
 2.9909E+02    4.7525E+01    5.3096E+01    1.9582E+01    1.6191E+01    1.6612E+01    7.2348E+01    4.9753E+01    1.4229E+01    4.3816E+00    1.5803E+01    1.5183E+01    1.3835E+01   
 3.0018E+02    4.7530E+01    5.3111E+01    1.9589E+01    1.6135E+01    1.6645E+01    7.2343E+01    4.9741E+01    1.4251E+01    4.3612E+00    1.5803E+01    1.5404E+01    1.3887E+01   
 3.0127E+02    4.7519E+01    5.3121E+01    1.9716E+01    1.6162E+01    1.6656E+01    7.2322E+01    4.9727E+01    1.4272E+01    4.4019E+00    1.5803E+01    1.5453E+01    1.3965E+01   
 3.0235E+02    4.7573E+01    5.3142E+01    1.9782E+01    1.6261E+01    1.6681E+01    7.2305E+01    4.9758E+01    1.4286E+01    4.3816E+00    1.5824E+01    1.5404E+01    1.3939E+01   
 3.0344E+02    4.7578E+01    5.3162E+01    1.9712E+01    1.6269E+01    1.6725E+01    7.2327E+01    4.9758E+01    1.4337E+01    4.4223E+00    1.5946E+01    1.5036E+01    1.3913E+01   
 3.0453E+02    4.7570E+01    5.3162E+01    1.9629E+01    1.6259E+01    1.6759E+01    7.2341E+01    4.9775E+01    1.4352E+01    4.3816E+00    1.5803E+01    1.4962E+01    1.3939E+01   
 3.0562E+02    4.7582E+01    5.3161E+01    1.9619E+01    1.6193E+01    1.6768E+01    7.2360E+01    4.9806E+01    1.4387E+01    4.4019E+00    1.5865E+01    1.5465E+01    1.3913E+01   
 3.0672E+02    4.7595E+01    5.3167E+01    1.9560E+01    1.6207E+01    1.6815E+01    7.2388E+01    4.9853E+01    1.4401E+01    4.4019E+00    1.5905E+01    1.5502E+01    1.3913E+01   
 3.0781E+02    4.7600E+01    5.3186E+01    1.9577E+01    1.6252E+01    1.6841E+01    7.2384E+01    4.9885E+01    1.4416E+01    4.4223E+00    1.5926E+01    1.5318E+01    1.3913E+01   
 3.0891E+02    4.7598E+01    5.3211E+01    1.9611E+01    1.6269E+01    1.6877E+01    7.2368E+01    4.9900E+01    1.4434E+01    4.3816E+00    1.5905E+01    1.5195E+01    1.3939E+01   
 3.1000E+02    4.7610E+01    5.3230E+01    1.9694E+01    1.6298E+01    1.6861E+01    7.2330E+01    4.9933E+01    1.4446E+01    4.4019E+00    1.5742E+01    1.4987E+01    1.3991E+01   
 3.1116E+02    4.7656E+01    5.3251E+01    1.9668E+01    1.6291E+01    1.6870E+01    7.2386E+01    4.9934E+01    1.4470E+01    4.4223E+00    1.5824E+01    1.5146E+01    1.4043E+01   
 3.1224E+02    4.7637E+01    5.3242E+01    1.9580E+01    1.6298E+01    1.6888E+01    7.2398E+01    4.9907E+01    1.4462E+01    4.4223E+00    1.5783E+01    1.5171E+01    1.3939E+01   
 3.1335E+02    4.7646E+01    5.3243E+01    1.9515E+01    1.6327E+01    1.6910E+01    7.2391E+01    4.9908E+01    1.4488E+01    4.4019E+00    1.5946E+01    1.5477E+01    1.3913E+01   
 3.1443E+02    4.7638E+01    5.3239E+01    1.9484E+01    1.6323E+01    1.6904E+01    7.2382E+01    4.9947E+01    1.4492E+01    4.4019E+00    1.5885E+01    1.5011E+01    1.3913E+01   
 3.1552E+02    4.7629E+01    5.3234E+01    1.9472E+01    1.6299E+01    1.6916E+01    7.2393E+01    4.9962E+01    1.4513E+01    4.4019E+00    1.5803E+01    1.5269E+01    1.3913E+01   
 3.1660E+02    4.7647E+01    5.3249E+01    1.9491E+01    1.6355E+01    1.6905E+01    7.2404E+01    4.9992E+01    1.4546E+01    4.4427E+00    1.5926E+01    1.5011E+01    1.3991E+01   
 3.1769E+02    4.7622E+01    5.3262E+01    1.9499E+01    1.6284E+01    1.6897E+01    7.2403E+01    4.9989E+01    1.4566E+01    4.4427E+00    1.5763E+01    1.5023E+01    1.3965E+01   
 3.1877E+02    4.7653E+01    5.3286E+01    1.9533E+01    1.6325E+01    1.6894E+01    7.2388E+01    5.0044E+01    1.4575E+01    4.4427E+00    1.5885E+01    1.5134E+01    1.3887E+01   
 3.1986E+02    4.7671E+01    5.3293E+01    1.9547E+01    1.6362E+01    1.6848E+01    7.2358E+01    5.0023E+01    1.4564E+01    4.4223E+00    1.5803E+01    1.5146E+01    1.3913E+01   
 3.2095E+02    4.7667E+01    5.3293E+01    1.9526E+01    1.6326E+01    1.6785E+01    7.2338E+01    5.0038E+01    1.4599E+01    4.4427E+00    1.5865E+01    1.5379E+01    1.3887E+01   
 3.2204E+02    4.7692E+01    5.3327E+01    1.9529E+01    1.6384E+01    1.6720E+01    7.2353E+01    5.0047E+01    1.4619E+01    4.4019E+00    1.5905E+01    1.5416E+01    1.3965E+01   
 3.2313E+02    4.7732E+01    5.3315E+01    1.9510E+01    1.6379E+01    1.6645E+01    7.2369E+01    5.0063E+01    1.4605E+01    4.4223E+00    1.5824E+01    1.5195E+01    1.3965E+01   
 3.2421E+02    4.7680E+01    5.3294E+01    1.9504E+01    1.6317E+01    1.6550E+01    7.2434E+01    5.0097E+01    1.4630E+01    4.4223E+00    1.5905E+01    1.5146E+01    1.3991E+01   
 3.2530E+02    4.7694E+01    5.3287E+01    1.9634E+01    1.6370E+01    1.6384E+01    7.2467E+01    5.0087E+01    1.4669E+01    4.4223E+00    1.5824E+01    1.4999E+01    1.3939E+01   
 3.2639E+02    4.7693E+01    5.3282E+01    1.9537E+01    1.6366E+01    1.6247E+01    7.2464E+01    5.0096E+01    1.4646E+01    4.4427E+00    1.5967E+01    1.5036E+01    1.3861E+01   
# Time (s)      T1w (C)       T2w (C)       T1a (C)       T2a (C)       T1r (C)       T2r (C)       T3r (C)       T4r (C)       P1 (bar)      P2 (bar)      Pow (W/100)      Qc (l/min)    
 3.2748E+02    4.7698E+01    5.3296E+01    1.9518E+01    1.6410E+01    1.5747E+01    7.2468E+01    5.0120E+01    1.4688E+01    4.4019E+00    1.5844E+01    1.5158E+01    1.3939E+01   
 3.2857E+02    4.7689E+01    5.3293E+01    1.9460E+01    1.6397E+01    1.5061E+01    7.2439E+01    5.0114E+01    1.4664E+01    4.4223E+00    1.5946E+01    1.5220E+01    1.3861E+01   
 3.2965E+02    4.7686E+01    5.3295E+01    1.9441E+01    1.6384E+01    1.4569E+01    7.2410E+01    5.0126E+01    1.4712E+01    4.4427E+00    1.5844E+01    1.5416E+01    1.3861E+01   
 3.3074E+02    4.7681E+01    5.3293E+01    1.9439E+01    1.6452E+01    1.4381E+01    7.2429E+01    5.0121E+01    1.4700E+01    4.4427E+00    1.5905E+01    1.5440E+01    1.4043E+01   
 3.3183E+02    4.7701E+01    5.3303E+01    1.9424E+01    1.6406E+01    1.4030E+01    7.2504E+01    5.0119E+01    1.4686E+01    4.4223E+00    1.5844E+01    1.5195E+01    1.3913E+01   
 3.3292E+02    4.7710E+01    5.3307E+01    1.9418E+01    1.6378E+01    1.3784E+01    7.2554E+01    5.0047E+01    1.4627E+01    4.4427E+00    1.5905E+01    1.5428E+01    1.3939E+01   
 3.3402E+02    4.7724E+01    5.3346E+01    1.9599E+01    1.6386E+01    1.3428E+01    7.2699E+01    4.9945E+01    1.4514E+01    4.4223E+00    1.6069E+01    1.5453E+01    1.3913E+01   
 3.3618E+02    4.7727E+01    5.3370E+01    1.9490E+01    1.6356E+01    1.3215E+01    7.2697E+01    4.9887E+01    1.4522E+01    4.4019E+00    1.6007E+01    1.5489E+01    1.3939E+01   
 3.3728E+02    4.7744E+01    5.3421E+01    1.9511E+01    1.6336E+01    1.3051E+01    7.2692E+01    4.9818E+01    1.4443E+01    4.3816E+00    1.5946E+01    1.5502E+01    1.3965E+01   
 3.3842E+02    4.7741E+01    5.3432E+01    1.9530E+01    1.6337E+01    1.2886E+01    7.2645E+01    4.9763E+01    1.4382E+01    4.4019E+00    1.5967E+01    1.5539E+01    1.3939E+01   
 3.3951E+02    4.7766E+01    5.3471E+01    1.9598E+01    1.6353E+01    1.2821E+01    7.2642E+01    4.9654E+01    1.4342E+01    4.3816E+00    1.6007E+01    1.5563E+01    1.3861E+01   
 3.4060E+02    4.7759E+01    5.3461E+01    1.9601E+01    1.6281E+01    1.2659E+01    7.2597E+01    4.9533E+01    1.4297E+01    4.3816E+00    1.6028E+01    1.5563E+01    1.3939E+01   
 3.4170E+02    4.7762E+01    5.3459E+01    1.9637E+01    1.6268E+01    1.2523E+01    7.2608E+01    4.9413E+01    1.4218E+01    4.3408E+00    1.5967E+01    1.5269E+01    1.3939E+01   
 3.4280E+02    4.7773E+01    5.3469E+01    1.9547E+01    1.6138E+01    1.2387E+01    7.2624E+01    4.9330E+01    1.4154E+01    4.3816E+00    1.6109E+01    1.5355E+01    1.3913E+01   
 3.4388E+02    4.7740E+01    5.3477E+01    1.9478E+01    1.6072E+01    1.2329E+01    7.2628E+01    4.9184E+01    1.4058E+01    4.3612E+00    1.6028E+01    1.5109E+01    1.3965E+01   
 3.4497E+02    4.7760E+01    5.3491E+01    1.9480E+01    1.6076E+01    1.2233E+01    7.2651E+01    4.9052E+01    1.4019E+01    4.3612E+00    1.5967E+01    1.5600E+01    1.3991E+01   
 3.4605E+02    4.7764E+01    5.3496E+01    1.9534E+01    1.6076E+01    1.2135E+01    7.2699E+01    4.8996E+01    1.3960E+01    4.3205E+00    1.6109E+01    1.5551E+01    1.3913E+01   
 3.4714E+02    4.7762E+01    5.3517E+01    1.9534E+01    1.6048E+01    1.2097E+01    7.2712E+01    4.8846E+01    1.3882E+01    4.3408E+00    1.5946E+01    1.5514E+01    1.3965E+01   
 3.4822E+02    4.7766E+01    5.3529E+01    1.9489E+01    1.5974E+01    1.2030E+01    7.2709E+01    4.8657E+01    1.3849E+01    4.3205E+00    1.6109E+01    1.5281E+01    1.3939E+01   
 3.4931E+02    4.7766E+01    5.3546E+01    1.9466E+01    1.5955E+01    1.1951E+01    7.2693E+01    4.8486E+01    1.3749E+01    4.3408E+00    1.5987E+01    1.5097E+01    1.3939E+01   
 3.5040E+02    4.7764E+01    5.3557E+01    1.9463E+01    1.5950E+01    1.1898E+01    7.2713E+01    4.8427E+01    1.3689E+01    4.3001E+00    1.6089E+01    1.5097E+01    1.3939E+01   
 3.5149E+02    4.7774E+01    5.3567E+01    1.9485E+01    1.5884E+01    1.1897E+01    7.2699E+01    4.8297E+01    1.3594E+01    4.3001E+00    1.5987E+01    1.5109E+01    1.3913E+01   
 3.5258E+02    4.7775E+01    5.3560E+01    1.9514E+01    1.5898E+01    1.1842E+01    7.2680E+01    4.8154E+01    1.3552E+01    4.2797E+00    1.6069E+01    1.5244E+01    1.3887E+01   
 3.5367E+02    4.7805E+01    5.3581E+01    1.9467E+01    1.5840E+01    1.1813E+01    7.2641E+01    4.7988E+01    1.3461E+01    4.2797E+00    1.6109E+01    1.5575E+01    1.3965E+01   
 3.5475E+02    4.7787E+01    5.3573E+01    1.9499E+01    1.5757E+01    1.1808E+01    7.2615E+01    4.7904E+01    1.3378E+01    4.2797E+00    1.6069E+01    1.5453E+01    1.3965E+01   
 3.5584E+02    4.7794E+01    5.3588E+01    1.9550E+01    1.5731E+01    1.1851E+01    7.2630E+01    4.7771E+01    1.3358E+01    4.2593E+00    1.6109E+01    1.5391E+01    1.3939E+01   
 3.5693E+02    4.7821E+01    5.3593E+01    1.9503E+01    1.5678E+01    1.1928E+01    7.2644E+01    4.7613E+01    1.3344E+01    4.2390E+00    1.6007E+01    1.5097E+01    1.3913E+01   
 3.5802E+02    4.7803E+01    5.3585E+01    1.9556E+01    1.5648E+01    1.2049E+01    7.2672E+01    4.7472E+01    1.3299E+01    4.2593E+00    1.6170E+01    1.5060E+01    1.3913E+01   
 3.5911E+02    4.7842E+01    5.3576E+01    1.9468E+01    1.5651E+01    1.2144E+01    7.2707E+01    4.7388E+01    1.3313E+01    4.2186E+00    1.6170E+01    1.5011E+01    1.3991E+01   
 3.6020E+02    4.7820E+01    5.3573E+01    1.9480E+01    1.5707E+01    1.2262E+01    7.2745E+01    4.7276E+01    1.3259E+01    4.2390E+00    1.6028E+01    1.5023E+01    1.3939E+01   
# Time (s)      T1w (C)       T2w (C)       T1a (C)       T2a (C)       T1r (C)       T2r (C)       T3r (C)       T4r (C)       P1 (bar)      P2 (bar)      Pow (W/100)      Qc (l/min)    
 3.6129E+02    4.7826E+01    5.3567E+01    1.9438E+01    1.5649E+01    1.2413E+01    7.2758E+01    4.7188E+01    1.3170E+01    4.2186E+00    1.6130E+01    1.5060E+01    1.3939E+01   
 3.6238E+02    4.7823E+01    5.3555E+01    1.9524E+01    1.5594E+01    1.2586E+01    7.2777E+01    4.7151E+01    1.3151E+01    4.1982E+00    1.5946E+01    1.5318E+01    1.4043E+01   
 3.6347E+02    4.7853E+01    5.3566E+01    1.9470E+01    1.5557E+01    1.2680E+01    7.2775E+01    4.7150E+01    1.3101E+01    4.1779E+00    1.6089E+01    1.5477E+01    1.3913E+01   
 3.6456E+02    4.7867E+01    5.3553E+01    1.9486E+01    1.5505E+01    1.2861E+01    7.2767E+01    4.7116E+01    1.3074E+01    4.1982E+00    1.5967E+01    1.4974E+01    1.3965E+01   
 3.6565E+02    4.7866E+01    5.3521E+01    1.9635E+01    1.5590E+01    1.3046E+01    7.2754E+01    4.7126E+01    1.3105E+01    4.1982E+00    1.5885E+01    1.4950E+01    1.3991E+01   
 3.6675E+02    4.7882E+01    5.3511E+01    1.9695E+01    1.5524E+01    1.3230E+01    7.2733E+01    4.7126E+01    1.3117E+01    4.1779E+00    1.5885E+01    1.5109E+01    1.3965E+01   
 3.6784E+02    4.7874E+01    5.3482E+01    1.9750E+01    1.5646E+01    1.3315E+01    7.2723E+01    4.7154E+01    1.3156E+01    4.1779E+00    1.5946E+01    1.5318E+01    1.3913E+01   
 3.6894E+02    4.7835E+01    5.3457E+01    1.9575E+01    1.5591E+01    1.3490E+01    7.2703E+01    4.7218E+01    1.3170E+01    4.1779E+00    1.5824E+01    1.5134E+01    1.4017E+01   
 3.7008E+02    4.7867E+01    5.3456E+01    1.9566E+01    1.5666E+01    1.3667E+01    7.2711E+01    4.7285E+01    1.3222E+01    4.1982E+00    1.5905E+01    1.5416E+01    1.3887E+01   
 3.7117E+02    4.7862E+01    5.3439E+01    1.9549E+01    1.5687E+01    1.3829E+01    7.2704E+01    4.7304E+01    1.3221E+01    4.1982E+00    1.5987E+01    1.4950E+01    1.3965E+01   
 3.7228E+02    4.7897E+01    5.3437E+01    1.9533E+01    1.5724E+01    1.3888E+01    7.2692E+01    4.7390E+01    1.3267E+01    4.1982E+00    1.5967E+01    1.5134E+01    1.3913E+01   
 3.7336E+02    4.7936E+01    5.3455E+01    1.9528E+01    1.5709E+01    1.4029E+01    7.2677E+01    4.7513E+01    1.3254E+01    4.2186E+00    1.5926E+01    1.5330E+01    1.3939E+01   
 3.7444E+02    4.7932E+01    5.3430E+01    1.9535E+01    1.5738E+01    1.4175E+01    7.2658E+01    4.7631E+01    1.3278E+01    4.1982E+00    1.5824E+01    1.5011E+01    1.3965E+01   
 3.7552E+02    4.7928E+01    5.3432E+01    1.9547E+01    1.5782E+01    1.4330E+01    7.2650E+01    4.7701E+01    1.3302E+01    4.1982E+00    1.5885E+01    1.5158E+01    1.3913E+01   
 3.7661E+02    4.7938E+01    5.3426E+01    1.9550E+01    1.5808E+01    1.4429E+01    7.2657E+01    4.7875E+01    1.3381E+01    4.2186E+00    1.5865E+01    1.5404E+01    1.3939E+01   
 3.7770E+02    4.7935E+01    5.3424E+01    1.9578E+01    1.5733E+01    1.4564E+01    7.2658E+01    4.8041E+01    1.3414E+01    4.1982E+00    1.5865E+01    1.5355E+01    1.3965E+01   
 3.7879E+02    4.7933E+01    5.3396E+01    1.9670E+01    1.5882E+01    1.4693E+01    7.2671E+01    4.8194E+01    1.3411E+01    4.2186E+00    1.5905E+01    1.5330E+01    1.3939E+01   
 3.7988E+02    4.7947E+01    5.3399E+01    1.9814E+01    1.5873E+01    1.4775E+01    7.2681E+01    4.8249E+01    1.3429E+01    4.2186E+00    1.5885E+01    1.5146E+01    1.3913E+01   
 3.8097E+02    4.7964E+01    5.3412E+01    2.0058E+01    1.6032E+01    1.4907E+01    7.2683E+01    4.8403E+01    1.3435E+01    4.2186E+00    1.5844E+01    1.5404E+01    1.3939E+01   
 3.8207E+02    4.7973E+01    5.3429E+01    1.9772E+01    1.6046E+01    1.5025E+01    7.2693E+01    4.8554E+01    1.3480E+01    4.2390E+00    1.5885E+01    1.5318E+01    1.3965E+01   
 3.8316E+02    4.7991E+01    5.3433E+01    1.9749E+01    1.6165E+01    1.5136E+01    7.2693E+01    4.8626E+01    1.3469E+01    4.2390E+00    1.5824E+01    1.5306E+01    1.3991E+01   
 3.8425E+02    4.8008E+01    5.3447E+01    1.9863E+01    1.6152E+01    1.5196E+01    7.2730E+01    4.8753E+01    1.3510E+01    4.2390E+00    1.5885E+01    1.5122E+01    1.3887E+01   
 3.8533E+02    4.8000E+01    5.3444E+01    1.9828E+01    1.6085E+01    1.5297E+01    7.2776E+01    4.8875E+01    1.3534E+01    4.2390E+00    1.5946E+01    1.4950E+01    1.3913E+01   
 3.8642E+02    4.7990E+01    5.3421E+01    1.9830E+01    1.6089E+01    1.5417E+01    7.2773E+01    4.8989E+01    1.3565E+01    4.2797E+00    1.5865E+01    1.4938E+01    1.3939E+01   
 3.8751E+02    4.7979E+01    5.3428E+01    1.9939E+01    1.6072E+01    1.5523E+01    7.2763E+01    4.9055E+01    1.3600E+01    4.2593E+00    1.5987E+01    1.4974E+01    1.3913E+01   
 3.8860E+02    4.7983E+01    5.3437E+01    1.9839E+01    1.6082E+01    1.5588E+01    7.2736E+01    4.9153E+01    1.3672E+01    4.2797E+00    1.5865E+01    1.5060E+01    1.3887E+01   
 3.8969E+02    4.7963E+01    5.3426E+01    1.9660E+01    1.6023E+01    1.5685E+01    7.2704E+01    4.9265E+01    1.3690E+01    4.3001E+00    1.6028E+01    1.5404E+01    1.4068E+01   
 3.9078E+02    4.7973E+01    5.3437E+01    1.9649E+01    1.6075E+01    1.5773E+01    7.2664E+01    4.9358E+01    1.3732E+01    4.2797E+00    1.5885E+01    1.5477E+01    1.3887E+01   
 3.9186E+02    4.7962E+01    5.3454E+01    1.9602E+01    1.6082E+01    1.5874E+01    7.2668E+01    4.9404E+01    1.3775E+01    4.2593E+00    1.5926E+01    1.5023E+01    1.3939E+01   
 3.9296E+02    4.7953E+01    5.3439E+01    1.9583E+01    1.6126E+01    1.5933E+01    7.2637E+01    4.9474E+01    1.3833E+01    4.3001E+00    1.5987E+01    1.4987E+01    1.3913E+01   
# Time (s)      T1w (C)       T2w (C)       T1a (C)       T2a (C)       T1r (C)       T2r (C)       T3r (C)       T4r (C)       P1 (bar)      P2 (bar)      Pow (W/100)      Qc (l/min)    
 3.9406E+02    4.7946E+01    5.3459E+01    1.9629E+01    1.6163E+01    1.6020E+01    7.2597E+01    4.9562E+01    1.3866E+01    4.3001E+00    1.6007E+01    1.4974E+01    1.3887E+01   
 3.9515E+02    4.7975E+01    5.3468E+01    1.9645E+01    1.6139E+01    1.6105E+01    7.2614E+01    4.9666E+01    1.3955E+01    4.3205E+00    1.6069E+01    1.4999E+01    1.3991E+01   
 3.9625E+02    4.7973E+01    5.3486E+01    1.9653E+01    1.6131E+01    1.6156E+01    7.2642E+01    4.9708E+01    1.3952E+01    4.3205E+00    1.5926E+01    1.5477E+01    1.3939E+01   
 3.9736E+02    4.7997E+01    5.3479E+01    1.9615E+01    1.6192E+01    1.6229E+01    7.2676E+01    4.9754E+01    1.3998E+01    4.3001E+00    1.5905E+01    1.5404E+01    1.3965E+01   
 3.9845E+02    4.7997E+01    5.3479E+01    1.9583E+01    1.6177E+01    1.6311E+01    7.2671E+01    4.9808E+01    1.4020E+01    4.3001E+00    1.5885E+01    1.5109E+01    1.3939E+01   
 3.9955E+02    4.7974E+01    5.3483E+01    1.9573E+01    1.6137E+01    1.6374E+01    7.2671E+01    4.9882E+01    1.4073E+01    4.3205E+00    1.5885E+01    1.5109E+01    1.3965E+01   
 4.0065E+02    4.7976E+01    5.3492E+01    1.9554E+01    1.6135E+01    1.6445E+01    7.2653E+01    4.9883E+01    1.4123E+01    4.3205E+00    1.6007E+01    1.4999E+01    1.3939E+01   
 4.0175E+02    4.7980E+01    5.3468E+01    1.9566E+01    1.6114E+01    1.6472E+01    7.2644E+01    4.9912E+01    1.4139E+01    4.3408E+00    1.5865E+01    1.5428E+01    1.3991E+01   
 4.0284E+02    4.7960E+01    5.3481E+01    1.9581E+01    1.6176E+01    1.6537E+01    7.2670E+01    4.9982E+01    1.4172E+01    4.3408E+00    1.5926E+01    1.5036E+01    1.3991E+01   
 4.0393E+02    4.7971E+01    5.3483E+01    1.9603E+01    1.6128E+01    1.6600E+01    7.2679E+01    5.0013E+01    1.4200E+01    4.3205E+00    1.5926E+01    1.5036E+01    1.3939E+01   
 4.0501E+02    4.7963E+01    5.3464E+01    1.9548E+01    1.6158E+01    1.6629E+01    7.2726E+01    5.0020E+01    1.4231E+01    4.3408E+00    1.5885E+01    1.5269E+01    1.3887E+01   
 4.0609E+02    4.7978E+01    5.3486E+01    1.9732E+01    1.6205E+01    1.6686E+01    7.2740E+01    5.0039E+01    1.4253E+01    4.3816E+00    1.6048E+01    1.5355E+01    1.3965E+01   
 4.0718E+02    4.7978E+01    5.3520E+01    1.9594E+01    1.6220E+01    1.6725E+01    7.2736E+01    5.0091E+01    1.4270E+01    4.3612E+00    1.5926E+01    1.5539E+01    1.3939E+01   
 4.0826E+02    4.7978E+01    5.3505E+01    1.9500E+01    1.6276E+01    1.6781E+01    7.2737E+01    5.0104E+01    1.4286E+01    4.3612E+00    1.6007E+01    1.5306E+01    1.3939E+01   
 4.0935E+02    4.8004E+01    5.3531E+01    1.9519E+01    1.6268E+01    1.6805E+01    7.2697E+01    5.0131E+01    1.4321E+01    4.4019E+00    1.5926E+01    1.5036E+01    1.3939E+01   
 4.1044E+02    4.8011E+01    5.3543E+01    1.9473E+01    1.6221E+01    1.6864E+01    7.2732E+01    5.0188E+01    1.4341E+01    4.3816E+00    1.6007E+01    1.5073E+01    1.3913E+01   
 4.1153E+02    4.8015E+01    5.3545E+01    1.9517E+01    1.6219E+01    1.6927E+01    7.2794E+01    5.0200E+01    1.4369E+01    4.3816E+00    1.5946E+01    1.5060E+01    1.3913E+01   
 4.1262E+02    4.8021E+01    5.3543E+01    1.9492E+01    1.6259E+01    1.6981E+01    7.2812E+01    5.0201E+01    1.4412E+01    4.3816E+00    1.5967E+01    1.5281E+01    1.3887E+01   
 4.1371E+02    4.8013E+01    5.3553E+01    1.9474E+01    1.6246E+01    1.6996E+01    7.2814E+01    5.0209E+01    1.4436E+01    4.4019E+00    1.6048E+01    1.5514E+01    1.3939E+01   
 4.1479E+02    4.8012E+01    5.3548E+01    1.9522E+01    1.6238E+01    1.7000E+01    7.2778E+01    5.0243E+01    1.4427E+01    4.3816E+00    1.6007E+01    1.5551E+01    1.3887E+01   
 4.1588E+02    4.8002E+01    5.3567E+01    1.9520E+01    1.6298E+01    1.7039E+01    7.2751E+01    5.0257E+01    1.4445E+01    4.4019E+00    1.6069E+01    1.5526E+01    1.3913E+01   
 4.1697E+02    4.8011E+01    5.3572E+01    1.9538E+01    1.6314E+01    1.7051E+01    7.2712E+01    5.0277E+01    1.4466E+01    4.3816E+00    1.5926E+01    1.5097E+01    1.3939E+01   
 4.1806E+02    4.8025E+01    5.3582E+01    1.9579E+01    1.6321E+01    1.7068E+01    7.2710E+01    5.0289E+01    1.4485E+01    4.4019E+00    1.6089E+01    1.5060E+01    1.3991E+01   
 4.1915E+02    4.8042E+01    5.3590E+01    1.9630E+01    1.6284E+01    1.7088E+01    7.2727E+01    5.0318E+01    1.4517E+01    4.4223E+00    1.5967E+01    1.5060E+01    1.3991E+01   
 4.2023E+02    4.8039E+01    5.3609E+01    1.9858E+01    1.6318E+01    1.7119E+01    7.2742E+01    5.0346E+01    1.4560E+01    4.4019E+00    1.6089E+01    1.5122E+01    1.3939E+01   
 4.2132E+02    4.8046E+01    5.3616E+01    1.9889E+01    1.6320E+01    1.7142E+01    7.2752E+01    5.0349E+01    1.4579E+01    4.4223E+00    1.5946E+01    1.5489E+01    1.3887E+01   
 4.2241E+02    4.8049E+01    5.3613E+01    1.9670E+01    1.6287E+01    1.7146E+01    7.2809E+01    5.0351E+01    1.4597E+01    4.4223E+00    1.6028E+01    1.5600E+01    1.3939E+01   
 4.2350E+02    4.8069E+01    5.3629E+01    1.9564E+01    1.6310E+01    1.7164E+01    7.2801E+01    5.0372E+01    1.4629E+01    4.4223E+00    1.6089E+01    1.5158E+01    1.3913E+01   
 4.2460E+02    4.8070E+01    5.3659E+01    1.9526E+01    1.6373E+01    1.7175E+01    7.2818E+01    5.0359E+01    1.4626E+01    4.4223E+00    1.5987E+01    1.5440E+01    1.3965E+01   
 4.2571E+02    4.8083E+01    5.3653E+01    1.9506E+01    1.6390E+01    1.7163E+01    7.2821E+01    5.0357E+01    1.4620E+01    4.4427E+00    1.6069E+01    1.5379E+01    1.3939E+01   
# Time (s)      T1w (C)       T2w (C)       T1a (C)       T2a (C)       T1r (C)       T2r (C)       T3r (C)       T4r (C)       P1 (bar)      P2 (bar)      Pow (W/100)      Qc (l/min)    
 4.2681E+02    4.8097E+01    5.3667E+01    1.9472E+01    1.6374E+01    1.7149E+01    7.2843E+01    5.0368E+01    1.4600E+01    4.4631E+00    1.6028E+01    1.5588E+01    1.4017E+01   
 4.2790E+02    4.8079E+01    5.3672E+01    1.9533E+01    1.6357E+01    1.7166E+01    7.2853E+01    5.0400E+01    1.4610E+01    4.4427E+00    1.6028E+01    1.5207E+01    1.3991E+01   
 4.2906E+02    4.8073E+01    5.3660E+01    1.9479E+01    1.6277E+01    1.7180E+01    7.2853E+01    5.0402E+01    1.4621E+01    4.4427E+00    1.5946E+01    1.5256E+01    1.3887E+01   
 4.3014E+02    4.8082E+01    5.3675E+01    1.9475E+01    1.6330E+01    1.7181E+01    7.2818E+01    5.0430E+01    1.4617E+01    4.4631E+00    1.6109E+01    1.5122E+01    1.3965E+01   
 4.3124E+02    4.8086E+01    5.3671E+01    1.9515E+01    1.6263E+01    1.7182E+01    7.2823E+01    5.0445E+01    1.4657E+01    4.4631E+00    1.6069E+01    1.5220E+01    1.3913E+01   
 4.3234E+02    4.8088E+01    5.3691E+01    1.9456E+01    1.6326E+01    1.7135E+01    7.2860E+01    5.0477E+01    1.4660E+01    4.4427E+00    1.6130E+01    1.5146E+01    1.3913E+01   
 4.3342E+02    4.8100E+01    5.3704E+01    1.9430E+01    1.6320E+01    1.7102E+01    7.2868E+01    5.0485E+01    1.4699E+01    4.4631E+00    1.6007E+01    1.5330E+01    1.3965E+01   
 4.3450E+02    4.8087E+01    5.3699E+01    1.9413E+01    1.6363E+01    1.7082E+01    7.2888E+01    5.0504E+01    1.4718E+01    4.4631E+00    1.6109E+01    1.5146E+01    1.3939E+01   
 4.3559E+02    4.8080E+01    5.3689E+01    1.9426E+01    1.6351E+01    1.6998E+01    7.2957E+01    5.0519E+01    1.4715E+01    4.4631E+00    1.5987E+01    1.5097E+01    1.4094E+01   
 4.3668E+02    4.8080E+01    5.3685E+01    1.9461E+01    1.6352E+01    1.6908E+01    7.2980E+01    5.0527E+01    1.4724E+01    4.4834E+00    1.6130E+01    1.5183E+01    1.3913E+01   
 4.3777E+02    4.8065E+01    5.3668E+01    1.9470E+01    1.6325E+01    1.6841E+01    7.3045E+01    5.0501E+01    1.4731E+01    4.4427E+00    1.5987E+01    1.5207E+01    1.3939E+01   
 4.3885E+02    4.8095E+01    5.3697E+01    1.9509E+01    1.6355E+01    1.6719E+01    7.3084E+01    5.0552E+01    1.4787E+01    4.4631E+00    1.6150E+01    1.5330E+01    1.3887E+01   
 4.3994E+02    4.8076E+01    5.3683E+01    1.9513E+01    1.6360E+01    1.6502E+01    7.3080E+01    5.0566E+01    1.4767E+01    4.4427E+00    1.6007E+01    1.5624E+01    1.3913E+01   
 4.4103E+02    4.8104E+01    5.3709E+01    1.9522E+01    1.6357E+01    1.6221E+01    7.3117E+01    5.0611E+01    1.4820E+01    4.4834E+00    1.6150E+01    1.5575E+01    1.3913E+01   
 4.4212E+02    4.8089E+01    5.3710E+01    1.9514E+01    1.6382E+01    1.6072E+01    7.3063E+01    5.0641E+01    1.4849E+01    4.4834E+00    1.6007E+01    1.5514E+01    1.3965E+01   
 4.4321E+02    4.8128E+01    5.3733E+01    1.9510E+01    1.6363E+01    1.5491E+01    7.3008E+01    5.0646E+01    1.4900E+01    4.4223E+00    1.6150E+01    1.5220E+01    1.3939E+01   
 4.4429E+02    4.8144E+01    5.3741E+01    1.9478E+01    1.6410E+01    1.4930E+01    7.3009E+01    5.0628E+01    1.4889E+01    4.4427E+00    1.5987E+01    1.5134E+01    1.3913E+01   
 4.4538E+02    4.8139E+01    5.3746E+01    1.9537E+01    1.6450E+01    1.4531E+01    7.2967E+01    5.0632E+01    1.4872E+01    4.4427E+00    1.6109E+01    1.5256E+01    1.4017E+01   
 4.4647E+02    4.8126E+01    5.3757E+01    1.9539E+01    1.6450E+01    1.4344E+01    7.2903E+01    5.0578E+01    1.4845E+01    4.4223E+00    1.6007E+01    1.5330E+01    1.3939E+01   
 4.4756E+02    4.8148E+01    5.3778E+01    1.9504E+01    1.6413E+01    1.4044E+01    7.2856E+01    5.0547E+01    1.4833E+01    4.4427E+00    1.6130E+01    1.5588E+01    1.3939E+01   
 4.4865E+02    4.8148E+01    5.3799E+01    1.9498E+01    1.6386E+01    1.3757E+01    7.2840E+01    5.0500E+01    1.4742E+01    4.4427E+00    1.6150E+01    1.5416E+01    1.3965E+01   
 4.4974E+02    4.8148E+01    5.3818E+01    1.9549E+01    1.6324E+01    1.3633E+01    7.2893E+01    5.0456E+01    1.4673E+01    4.4427E+00    1.6089E+01    1.5158E+01    1.3913E+01   
 4.5082E+02    4.8168E+01    5.3824E+01    1.9556E+01    1.6365E+01    1.3427E+01    7.2982E+01    5.0364E+01    1.4604E+01    4.4427E+00    1.6191E+01    1.5195E+01    1.3965E+01   
 4.5191E+02    4.8166E+01    5.3829E+01    1.9680E+01    1.6326E+01    1.3200E+01    7.2993E+01    5.0246E+01    1.4549E+01    4.4223E+00    1.6069E+01    1.5391E+01    1.3913E+01   
 4.5301E+02    4.8172E+01    5.3857E+01    1.9769E+01    1.6338E+01    1.3044E+01    7.3012E+01    5.0147E+01    1.4475E+01    4.4223E+00    1.6109E+01    1.5637E+01    1.3939E+01   
 4.5410E+02    4.8189E+01    5.3892E+01    1.9695E+01    1.6319E+01    1.2961E+01    7.3037E+01    5.0097E+01    1.4389E+01    4.3816E+00    1.6130E+01    1.5624E+01    1.3991E+01   
 4.5520E+02    4.8176E+01    5.3896E+01    1.9616E+01    1.6296E+01    1.2822E+01    7.3060E+01    5.0000E+01    1.4323E+01    4.4019E+00    1.6130E+01    1.5673E+01    1.3965E+01   
 4.5629E+02    4.8176E+01    5.3916E+01    1.9696E+01    1.6236E+01    1.2694E+01    7.3077E+01    4.9869E+01    1.4294E+01    4.3816E+00    1.6293E+01    1.5207E+01    1.3913E+01   
 4.5738E+02    4.8184E+01    5.3907E+01    1.9694E+01    1.6288E+01    1.2564E+01    7.3080E+01    4.9726E+01    1.4198E+01    4.3816E+00    1.6150E+01    1.5551E+01    1.3939E+01   
 4.5853E+02    4.8169E+01    5.3924E+01    1.9582E+01    1.6190E+01    1.2525E+01    7.3091E+01    4.9669E+01    1.4095E+01    4.3816E+00    1.6211E+01    1.5686E+01    1.3965E+01   
# Time (s)      T1w (C)       T2w (C)       T1a (C)       T2a (C)       T1r (C)       T2r (C)       T3r (C)       T4r (C)       P1 (bar)      P2 (bar)      Pow (W/100)      Qc (l/min)    
 4.5961E+02    4.8210E+01    5.3962E+01    1.9562E+01    1.6183E+01    1.2455E+01    7.3129E+01    4.9506E+01    1.4029E+01    4.3408E+00    1.6150E+01    1.5404E+01    1.3965E+01   
 4.6069E+02    4.8197E+01    5.3953E+01    1.9833E+01    1.6097E+01    1.2363E+01    7.3140E+01    4.9388E+01    1.4014E+01    4.3408E+00    1.6150E+01    1.5526E+01    1.3965E+01   
 4.6176E+02    4.8217E+01    5.3986E+01    1.9837E+01    1.6151E+01    1.2301E+01    7.3122E+01    4.9257E+01    1.3935E+01    4.3205E+00    1.6191E+01    1.5367E+01    1.4017E+01   
 4.6285E+02    4.8205E+01    5.3971E+01    1.9690E+01    1.6048E+01    1.2250E+01    7.3094E+01    4.9197E+01    1.3844E+01    4.3205E+00    1.6170E+01    1.5269E+01    1.3939E+01   
 4.6393E+02    4.8202E+01    5.3964E+01    1.9574E+01    1.6008E+01    1.2187E+01    7.3060E+01    4.9029E+01    1.3820E+01    4.3408E+00    1.6293E+01    1.5183E+01    1.3913E+01   
 4.6502E+02    4.8207E+01    5.3975E+01    1.9544E+01    1.5960E+01    1.2131E+01    7.3043E+01    4.8901E+01    1.3743E+01    4.3205E+00    1.6232E+01    1.5171E+01    1.3991E+01   
 4.6610E+02    4.8218E+01    5.3987E+01    1.9495E+01    1.5789E+01    1.2116E+01    7.3001E+01    4.8807E+01    1.3672E+01    4.3001E+00    1.6313E+01    1.5256E+01    1.3939E+01   
 4.6719E+02    4.8220E+01    5.3992E+01    1.9485E+01    1.5917E+01    1.2106E+01    7.3007E+01    4.8644E+01    1.3613E+01    4.3408E+00    1.6191E+01    1.5649E+01    1.3965E+01   
 4.6828E+02    4.8231E+01    5.4017E+01    1.9558E+01    1.5822E+01    1.2116E+01    7.2999E+01    4.8518E+01    1.3593E+01    4.3001E+00    1.6293E+01    1.5281E+01    1.3913E+01   
 4.6939E+02    4.8267E+01    5.4019E+01    1.9584E+01    1.5813E+01    1.2185E+01    7.3022E+01    4.8362E+01    1.3489E+01    4.3001E+00    1.6191E+01    1.5146E+01    1.3965E+01   
 4.7048E+02    4.8245E+01    5.4025E+01    1.9588E+01    1.5766E+01    1.2202E+01    7.3097E+01    4.8280E+01    1.3407E+01    4.2593E+00    1.6232E+01    1.5391E+01    1.3965E+01   
 4.7157E+02    4.8278E+01    5.4037E+01    1.9755E+01    1.5754E+01    1.2333E+01    7.3152E+01    4.8138E+01    1.3341E+01    4.2797E+00    1.6293E+01    1.5600E+01    1.3991E+01   
 4.7266E+02    4.8287E+01    5.4037E+01    1.9635E+01    1.5653E+01    1.2458E+01    7.3174E+01    4.7968E+01    1.3302E+01    4.2390E+00    1.6191E+01    1.5195E+01    1.3939E+01   
 4.7375E+02    4.8283E+01    5.4012E+01    1.9577E+01    1.5680E+01    1.2596E+01    7.3221E+01    4.7918E+01    1.3245E+01    4.2593E+00    1.6293E+01    1.5146E+01    1.3913E+01   
 4.7483E+02    4.8292E+01    5.4020E+01    1.9564E+01    1.5759E+01    1.2685E+01    7.3287E+01    4.7864E+01    1.3199E+01    4.2390E+00    1.6150E+01    1.5109E+01    1.3913E+01   
 4.7592E+02    4.8285E+01    5.3993E+01    1.9539E+01    1.5612E+01    1.2838E+01    7.3284E+01    4.7812E+01    1.3141E+01    4.2390E+00    1.6232E+01    1.5440E+01    1.3939E+01   
 4.7701E+02    4.8309E+01    5.3990E+01    1.9524E+01    1.5605E+01    1.3018E+01    7.3279E+01    4.7761E+01    1.3108E+01    4.2390E+00    1.6109E+01    1.5575E+01    1.3939E+01   
 4.7810E+02    4.8308E+01    5.3975E+01    1.9518E+01    1.5678E+01    1.3212E+01    7.3301E+01    4.7737E+01    1.3107E+01    4.2186E+00    1.6191E+01    1.5539E+01    1.3913E+01   
 4.7919E+02    4.8313E+01    5.3962E+01    1.9487E+01    1.5649E+01    1.3287E+01    7.3285E+01    4.7731E+01    1.3139E+01    4.2390E+00    1.6150E+01    1.5232E+01    1.3939E+01   
 4.8027E+02    4.8313E+01    5.3953E+01    1.9584E+01    1.5636E+01    1.3448E+01    7.3252E+01    4.7748E+01    1.3118E+01    4.2390E+00    1.6170E+01    1.5207E+01    1.3913E+01   
 4.8138E+02    4.8304E+01    5.3928E+01    1.9531E+01    1.5608E+01    1.3610E+01    7.3227E+01    4.7777E+01    1.3152E+01    4.2186E+00    1.6130E+01    1.5428E+01    1.3965E+01   
 4.8247E+02    4.8306E+01    5.3918E+01    1.9473E+01    1.5689E+01    1.3673E+01    7.3202E+01    4.7781E+01    1.3192E+01    4.2186E+00    1.6211E+01    1.5465E+01    1.3991E+01   
 4.8356E+02    4.8349E+01    5.3923E+01    1.9486E+01    1.5700E+01    1.3822E+01    7.3173E+01    4.7861E+01    1.3242E+01    4.2390E+00    1.6191E+01    1.5514E+01    1.3939E+01   
 4.8465E+02    4.8362E+01    5.3938E+01    1.9470E+01    1.5642E+01    1.4001E+01    7.3137E+01    4.7937E+01    1.3250E+01    4.1982E+00    1.6069E+01    1.5489E+01    1.3939E+01   
 4.8578E+02    4.8359E+01    5.3904E+01    1.9478E+01    1.5595E+01    1.4115E+01    7.3112E+01    4.8026E+01    1.3250E+01    4.1982E+00    1.6089E+01    1.5489E+01    1.3965E+01   
 4.8687E+02    4.8341E+01    5.3884E+01    1.9530E+01    1.5835E+01    1.4275E+01    7.3144E+01    4.8096E+01    1.3337E+01    4.2390E+00    1.6028E+01    1.5404E+01    1.3939E+01   
 4.8798E+02    4.8339E+01    5.3865E+01    1.9531E+01    1.5746E+01    1.4334E+01    7.3113E+01    4.8210E+01    1.3366E+01    4.2186E+00    1.6007E+01    1.5158E+01    1.3991E+01   
 4.8907E+02    4.8334E+01    5.3843E+01    1.9537E+01    1.5733E+01    1.4468E+01    7.3103E+01    4.8344E+01    1.3390E+01    4.2390E+00    1.6069E+01    1.5122E+01    1.3861E+01   
 4.9014E+02    4.8318E+01    5.3844E+01    1.9467E+01    1.5722E+01    1.4608E+01    7.3109E+01    4.8455E+01    1.3427E+01    4.2186E+00    1.6069E+01    1.5073E+01    1.3965E+01   
 4.9122E+02    4.8357E+01    5.3872E+01    1.9584E+01    1.5712E+01    1.4669E+01    7.3098E+01    4.8541E+01    1.3456E+01    4.2186E+00    1.6130E+01    1.5465E+01    1.3965E+01   
# Time (s)      T1w (C)       T2w (C)       T1a (C)       T2a (C)       T1r (C)       T2r (C)       T3r (C)       T4r (C)       P1 (bar)      P2 (bar)      Pow (W/100)      Qc (l/min)    
 4.9232E+02    4.8375E+01    5.3876E+01    1.9578E+01    1.5815E+01    1.4774E+01    7.3044E+01    4.8638E+01    1.3486E+01    4.2593E+00    1.6130E+01    1.5036E+01    1.3965E+01   
 4.9340E+02    4.8399E+01    5.3899E+01    1.9527E+01    1.5872E+01    1.4888E+01    7.3046E+01    4.8796E+01    1.3490E+01    4.2390E+00    1.6028E+01    1.5023E+01    1.3991E+01   
 4.9449E+02    4.8415E+01    5.3913E+01    1.9478E+01    1.5926E+01    1.5006E+01    7.3015E+01    4.8914E+01    1.3523E+01    4.2593E+00    1.6130E+01    1.5318E+01    1.3913E+01   
 4.9558E+02    4.8421E+01    5.3913E+01    1.9539E+01    1.5979E+01    1.5082E+01    7.3033E+01    4.9009E+01    1.3581E+01    4.2390E+00    1.5987E+01    1.5539E+01    1.3965E+01   
 4.9667E+02    4.8411E+01    5.3914E+01    1.9652E+01    1.5987E+01    1.5161E+01    7.3002E+01    4.9145E+01    1.3595E+01    4.2593E+00    1.6069E+01    1.5526E+01    1.3939E+01   
 4.9776E+02    4.8418E+01    5.3901E+01    1.9906E+01    1.5988E+01    1.5276E+01    7.2994E+01    4.9264E+01    1.3591E+01    4.2797E+00    1.6007E+01    1.5232E+01    1.3939E+01   
 4.9884E+02    4.8425E+01    5.3914E+01    1.9659E+01    1.6016E+01    1.5384E+01    7.3009E+01    4.9407E+01    1.3624E+01    4.2593E+00    1.6028E+01    1.5048E+01    1.3991E+01   
 4.9993E+02    4.8427E+01    5.3894E+01    1.9594E+01    1.5952E+01    1.5446E+01    7.3008E+01    4.9474E+01    1.3660E+01    4.2593E+00    1.6130E+01    1.5134E+01    1.3913E+01   
 5.0102E+02    4.8434E+01    5.3910E+01    1.9605E+01    1.6061E+01    1.5557E+01    7.3011E+01    4.9610E+01    1.3696E+01    4.2593E+00    1.6048E+01    1.5232E+01    1.3939E+01   
 5.0211E+02    4.8438E+01    5.3909E+01    1.9680E+01    1.6030E+01    1.5643E+01    7.3038E+01    4.9720E+01    1.3711E+01    4.2797E+00    1.6150E+01    1.5526E+01    1.3965E+01   
 5.0320E+02    4.8427E+01    5.3911E+01    1.9584E+01    1.6026E+01    1.5707E+01    7.3062E+01    4.9798E+01    1.3775E+01    4.3001E+00    1.6028E+01    1.5342E+01    1.4017E+01   
 5.0429E+02    4.8427E+01    5.3917E+01    1.9568E+01    1.6060E+01    1.5793E+01    7.3033E+01    4.9883E+01    1.3850E+01    4.3001E+00    1.6130E+01    1.5073E+01    1.3939E+01   
 5.0537E+02    4.8436E+01    5.3924E+01    1.9580E+01    1.6151E+01    1.5882E+01    7.3021E+01    4.9946E+01    1.3894E+01    4.2797E+00    1.6007E+01    1.5073E+01    1.3887E+01   
 5.0646E+02    4.8434E+01    5.3930E+01    1.9507E+01    1.6194E+01    1.5958E+01    7.3069E+01    5.0008E+01    1.3946E+01    4.3001E+00    1.6150E+01    1.5109E+01    1.3939E+01   
 5.0755E+02    4.8435E+01    5.3938E+01    1.9510E+01    1.6139E+01    1.6006E+01    7.3084E+01    5.0074E+01    1.4006E+01    4.3408E+00    1.6069E+01    1.5453E+01    1.3861E+01   
 5.0864E+02    4.8448E+01    5.3938E+01    1.9489E+01    1.6189E+01    1.6107E+01    7.3122E+01    5.0155E+01    1.4058E+01    4.3408E+00    1.6089E+01    1.5588E+01    1.3939E+01   
 5.0973E+02    4.8475E+01    5.3958E+01    1.9586E+01    1.6180E+01    1.6195E+01    7.3145E+01    5.0226E+01    1.4083E+01    4.3205E+00    1.6211E+01    1.5183E+01    1.4017E+01   
 5.1082E+02    4.8474E+01    5.3972E+01    1.9692E+01    1.6200E+01    1.6250E+01    7.3125E+01    5.0252E+01    1.4106E+01    4.3001E+00    1.6069E+01    1.5612E+01    1.3887E+01   
 5.1191E+02    4.8477E+01    5.3981E+01    1.9640E+01    1.6196E+01    1.6293E+01    7.3105E+01    5.0297E+01    1.4124E+01    4.3205E+00    1.6048E+01    1.5146E+01    1.3939E+01   
 5.1301E+02    4.8480E+01    5.3988E+01    1.9622E+01    1.6074E+01    1.6339E+01    7.3092E+01    5.0346E+01    1.4139E+01    4.3408E+00    1.6089E+01    1.5085E+01    1.3913E+01   
 5.1411E+02    4.8464E+01    5.3984E+01    1.9576E+01    1.6173E+01    1.6394E+01    7.3104E+01    5.0388E+01    1.4144E+01    4.3612E+00    1.6048E+01    1.5146E+01    1.3887E+01   
 5.1521E+02    4.8457E+01    5.3982E+01    1.9542E+01    1.6206E+01    1.6447E+01    7.3161E+01    5.0429E+01    1.4168E+01    4.3612E+00    1.6048E+01    1.5134E+01    1.3861E+01   
 5.1630E+02    4.8450E+01    5.3970E+01    1.9567E+01    1.6184E+01    1.6480E+01    7.3188E+01    5.0402E+01    1.4208E+01    4.3408E+00    1.6069E+01    1.5134E+01    1.3991E+01   
 5.1744E+02    4.8445E+01    5.3978E+01    1.9550E+01    1.6199E+01    1.6529E+01    7.3205E+01    5.0450E+01    1.4230E+01    4.3612E+00    1.6232E+01    1.5122E+01    1.3861E+01   
 5.1853E+02    4.8440E+01    5.3979E+01    1.9544E+01    1.6188E+01    1.6570E+01    7.3195E+01    5.0477E+01    1.4265E+01    4.3816E+00    1.6150E+01    1.5330E+01    1.4017E+01   
 5.1961E+02    4.8443E+01    5.3971E+01    1.9532E+01    1.6166E+01    1.6630E+01    7.3188E+01    5.0531E+01    1.4289E+01    4.3816E+00    1.6028E+01    1.5539E+01    1.3913E+01   
 5.2095E+02    4.8461E+01    5.3984E+01    1.9549E+01    1.6188E+01    1.6668E+01    7.3200E+01    5.0540E+01    1.4305E+01    4.3612E+00    1.6191E+01    1.5637E+01    1.3887E+01   
 5.2204E+02    4.8438E+01    5.3986E+01    1.9545E+01    1.6237E+01    1.6704E+01    7.3201E+01    5.0583E+01    1.4356E+01    4.3816E+00    1.6069E+01    1.5195E+01    1.3939E+01   
 5.2313E+02    4.8435E+01    5.3976E+01    1.9555E+01    1.6205E+01    1.6742E+01    7.3225E+01    5.0620E+01    1.4377E+01    4.4019E+00    1.6130E+01    1.5146E+01    1.3887E+01   
 5.2422E+02    4.8459E+01    5.4000E+01    1.9611E+01    1.6257E+01    1.6786E+01    7.3251E+01    5.0622E+01    1.4383E+01    4.3612E+00    1.6109E+01    1.5134E+01    1.3913E+01   
# Time (s)      T1w (C)       T2w (C)       T1a (C)       T2a (C)       T1r (C)       T2r (C)       T3r (C)       T4r (C)       P1 (bar)      P2 (bar)      Pow (W/100)      Qc (l/min)    
 5.2530E+02    4.8450E+01    5.3998E+01    1.9607E+01    1.6232E+01    1.6832E+01    7.3228E+01    5.0649E+01    1.4440E+01    4.3816E+00    1.6130E+01    1.5453E+01    1.3913E+01   
 5.2639E+02    4.8465E+01    5.4017E+01    1.9605E+01    1.6228E+01    1.6822E+01    7.3223E+01    5.0626E+01    1.4443E+01    4.4223E+00    1.6191E+01    1.5526E+01    1.3991E+01   
 5.2748E+02    4.8470E+01    5.4033E+01    1.9554E+01    1.6293E+01    1.6840E+01    7.3245E+01    5.0620E+01    1.4470E+01    4.3816E+00    1.6130E+01    1.5661E+01    1.3965E+01   
 5.2857E+02    4.8478E+01    5.4039E+01    1.9595E+01    1.6253E+01    1.6850E+01    7.3252E+01    5.0629E+01    1.4467E+01    4.4223E+00    1.6232E+01    1.5673E+01    1.3939E+01   
 5.2966E+02    4.8480E+01    5.4060E+01    1.9583E+01    1.6233E+01    1.6871E+01    7.3232E+01    5.0603E+01    1.4488E+01    4.4019E+00    1.6170E+01    1.5575E+01    1.3913E+01   
 5.3075E+02    4.8482E+01    5.4056E+01    1.9600E+01    1.6315E+01    1.6879E+01    7.3245E+01    5.0645E+01    1.4502E+01    4.4019E+00    1.6232E+01    1.5220E+01    1.3887E+01   
 5.3183E+02    4.8498E+01    5.4053E+01    1.9633E+01    1.6327E+01    1.6909E+01    7.3235E+01    5.0664E+01    1.4519E+01    4.4223E+00    1.6109E+01    1.5416E+01    1.3913E+01   
 5.3293E+02    4.8491E+01    5.4052E+01    1.9634E+01    1.6312E+01    1.6931E+01    7.3241E+01    5.0698E+01    1.4526E+01    4.4019E+00    1.6130E+01    1.5416E+01    1.3965E+01   
 5.3403E+02    4.8484E+01    5.4063E+01    1.9737E+01    1.6284E+01    1.6937E+01    7.3223E+01    5.0698E+01    1.4550E+01    4.4223E+00    1.6150E+01    1.5281E+01    1.3887E+01   
 5.3512E+02    4.8479E+01    5.4085E+01    1.9717E+01    1.6279E+01    1.6957E+01    7.3207E+01    5.0706E+01    1.4567E+01    4.4019E+00    1.6109E+01    1.5306E+01    1.3965E+01   
 5.3626E+02    4.8477E+01    5.4080E+01    1.9596E+01    1.6222E+01    1.6971E+01    7.3179E+01    5.0720E+01    1.4588E+01    4.4427E+00    1.6150E+01    1.5367E+01    1.3965E+01   
 5.3736E+02    4.8490E+01    5.4077E+01    1.9539E+01    1.6254E+01    1.6963E+01    7.3177E+01    5.0755E+01    1.4577E+01    4.4223E+00    1.6272E+01    1.5183E+01    1.3965E+01   
 5.3849E+02    4.8484E+01    5.4060E+01    1.9486E+01    1.6193E+01    1.6948E+01    7.3195E+01    5.0750E+01    1.4591E+01    4.4427E+00    1.6211E+01    1.5391E+01    1.3913E+01   
 5.3957E+02    4.8477E+01    5.4085E+01    1.9495E+01    1.6242E+01    1.6951E+01    7.3223E+01    5.0759E+01    1.4611E+01    4.4223E+00    1.6170E+01    1.5698E+01    1.3861E+01   
 5.4065E+02    4.8477E+01    5.4069E+01    1.9489E+01    1.6314E+01    1.6918E+01    7.3216E+01    5.0781E+01    1.4606E+01    4.4223E+00    1.6130E+01    1.5232E+01    1.3939E+01   
