# Run number 23 on Tue May 21 12:14:02 2024
# Time (s)      T1w (C)       T2w (C)       T1a (C)       T2a (C)       T1r (C)       T2r (C)       T3r (C)       T4r (C)       P1 (bar)      P2 (bar)      Pow (W/100)      Qc (l/min)    
 3.1555E-01    4.6788E+01    5.3003E+01    2.0150E+01    1.5848E+01    1.4691E+01    7.4393E+01    4.9140E+01    1.3524E+01    4.2645E+00    1.5747E+01    1.5085E+01    1.2744E+01   
 1.4609E+00    4.6793E+01    5.2995E+01    2.0182E+01    1.5869E+01    1.4774E+01    7.4380E+01    4.9211E+01    1.3533E+01    4.2442E+00    1.5829E+01    1.4816E+01    1.2744E+01   
 2.5630E+00    4.6807E+01    5.2996E+01    2.0442E+01    1.5908E+01    1.4875E+01    7.4385E+01    4.9255E+01    1.3534E+01    4.2442E+00    1.5768E+01    1.5133E+01    1.2772E+01   
 3.6591E+00    4.6839E+01    5.3006E+01    2.0460E+01    1.5958E+01    1.5002E+01    7.4368E+01    4.9368E+01    1.3560E+01    4.2238E+00    1.5829E+01    1.4926E+01    1.2687E+01   
 4.7483E+00    4.6833E+01    5.3002E+01    2.0365E+01    1.5990E+01    1.5138E+01    7.4355E+01    4.9491E+01    1.3582E+01    4.2645E+00    1.5809E+01    1.5158E+01    1.2772E+01   
 5.8304E+00    4.6873E+01    5.3009E+01    2.0511E+01    1.6008E+01    1.5201E+01    7.4347E+01    4.9625E+01    1.3623E+01    4.2645E+00    1.5707E+01    1.4792E+01    1.2687E+01   
 6.9158E+00    4.6904E+01    5.3011E+01    2.0648E+01    1.6049E+01    1.5323E+01    7.4386E+01    4.9707E+01    1.3668E+01    4.2442E+00    1.5809E+01    1.4816E+01    1.2715E+01   
 8.0039E+00    4.6925E+01    5.3022E+01    2.0431E+01    1.6075E+01    1.5412E+01    7.4364E+01    4.9793E+01    1.3686E+01    4.2645E+00    1.5747E+01    1.4792E+01    1.2772E+01   
 9.0931E+00    4.6925E+01    5.3034E+01    2.0214E+01    1.6045E+01    1.5465E+01    7.4327E+01    4.9895E+01    1.3683E+01    4.2849E+00    1.5788E+01    1.4804E+01    1.2772E+01   
 1.0181E+01    4.6956E+01    5.3037E+01    2.0427E+01    1.6145E+01    1.5608E+01    7.4295E+01    4.9964E+01    1.3737E+01    4.2849E+00    1.5707E+01    1.4792E+01    1.2772E+01   
 1.1268E+01    4.6967E+01    5.3062E+01    2.0350E+01    1.6122E+01    1.5701E+01    7.4240E+01    5.0042E+01    1.3725E+01    4.2645E+00    1.5829E+01    1.4816E+01    1.2744E+01   
 1.2357E+01    4.6983E+01    5.3060E+01    2.0253E+01    1.6150E+01    1.5816E+01    7.4191E+01    5.0122E+01    1.3736E+01    4.3053E+00    1.5768E+01    1.4890E+01    1.2715E+01   
 1.3446E+01    4.6997E+01    5.3092E+01    1.9946E+01    1.6147E+01    1.5845E+01    7.4096E+01    5.0181E+01    1.3739E+01    4.3053E+00    1.5870E+01    1.4902E+01    1.2744E+01   
 1.4528E+01    4.6998E+01    5.3089E+01    1.9841E+01    1.6098E+01    1.5943E+01    7.4033E+01    5.0190E+01    1.3798E+01    4.3257E+00    1.5809E+01    1.5097E+01    1.2715E+01   
 1.5613E+01    4.7007E+01    5.3123E+01    1.9831E+01    1.6201E+01    1.6043E+01    7.4027E+01    5.0241E+01    1.3825E+01    4.3257E+00    1.5890E+01    1.5158E+01    1.2744E+01   
 1.6701E+01    4.7021E+01    5.3137E+01    1.9837E+01    1.6168E+01    1.6140E+01    7.4037E+01    5.0315E+01    1.3853E+01    4.3257E+00    1.5829E+01    1.5085E+01    1.2772E+01   
 1.7798E+01    4.7018E+01    5.3143E+01    1.9800E+01    1.6276E+01    1.6214E+01    7.4051E+01    5.0382E+01    1.3899E+01    4.3460E+00    1.5788E+01    1.4877E+01    1.2658E+01   
 1.8895E+01    4.7022E+01    5.3148E+01    1.9784E+01    1.6251E+01    1.6299E+01    7.4012E+01    5.0386E+01    1.3968E+01    4.3257E+00    1.5992E+01    1.5267E+01    1.2772E+01   
 1.9998E+01    4.7046E+01    5.3178E+01    1.9784E+01    1.6299E+01    1.6385E+01    7.4004E+01    5.0381E+01    1.4012E+01    4.3460E+00    1.5890E+01    1.5072E+01    1.2800E+01   
 2.1080E+01    4.7046E+01    5.3191E+01    1.9864E+01    1.6368E+01    1.6440E+01    7.3961E+01    5.0376E+01    1.4045E+01    4.3460E+00    1.5829E+01    1.4877E+01    1.2715E+01   
 2.2167E+01    4.7055E+01    5.3214E+01    1.9907E+01    1.6341E+01    1.6478E+01    7.3890E+01    5.0402E+01    1.4084E+01    4.3460E+00    1.5931E+01    1.5304E+01    1.2715E+01   
 2.3249E+01    4.7075E+01    5.3222E+01    2.0001E+01    1.6330E+01    1.6560E+01    7.3912E+01    5.0409E+01    1.4129E+01    4.3664E+00    1.5992E+01    1.4926E+01    1.2744E+01   
 2.4334E+01    4.7087E+01    5.3236E+01    1.9852E+01    1.6352E+01    1.6640E+01    7.3927E+01    5.0452E+01    1.4171E+01    4.3868E+00    1.5911E+01    1.5085E+01    1.2772E+01   
 2.5416E+01    4.7090E+01    5.3266E+01    2.0088E+01    1.6361E+01    1.6700E+01    7.3875E+01    5.0473E+01    1.4220E+01    4.3868E+00    1.5788E+01    1.4890E+01    1.2772E+01   
 2.6497E+01    4.7115E+01    5.3273E+01    2.0001E+01    1.6444E+01    1.6767E+01    7.3888E+01    5.0479E+01    1.4279E+01    4.4071E+00    1.5890E+01    1.5097E+01    1.2772E+01   
 2.7578E+01    4.7128E+01    5.3325E+01    1.9968E+01    1.6473E+01    1.6820E+01    7.3868E+01    5.0458E+01    1.4309E+01    4.3868E+00    1.5890E+01    1.5036E+01    1.2715E+01   
 2.8663E+01    4.7163E+01    5.3333E+01    1.9984E+01    1.6475E+01    1.6871E+01    7.3850E+01    5.0476E+01    1.4325E+01    4.3868E+00    1.5890E+01    1.5011E+01    1.2829E+01   
 2.9751E+01    4.7142E+01    5.3334E+01    2.0012E+01    1.6498E+01    1.6902E+01    7.3798E+01    5.0470E+01    1.4376E+01    4.4071E+00    1.5972E+01    1.5206E+01    1.2744E+01   
 3.0848E+01    4.7141E+01    5.3332E+01    1.9955E+01    1.6394E+01    1.6950E+01    7.3752E+01    5.0510E+01    1.4419E+01    4.4071E+00    1.5849E+01    1.5194E+01    1.2715E+01   
 3.1936E+01    4.7118E+01    5.3343E+01    1.9947E+01    1.6387E+01    1.6998E+01    7.3737E+01    5.0517E+01    1.4480E+01    4.4071E+00    1.5951E+01    1.4987E+01    1.2800E+01   
# Time (s)      T1w (C)       T2w (C)       T1a (C)       T2a (C)       T1r (C)       T2r (C)       T3r (C)       T4r (C)       P1 (bar)      P2 (bar)      Pow (W/100)      Qc (l/min)    
 3.3049E+01    4.7146E+01    5.3347E+01    1.9867E+01    1.6441E+01    1.7050E+01    7.3715E+01    5.0520E+01    1.4489E+01    4.4071E+00    1.5992E+01    1.4999E+01    1.2744E+01   
 3.4144E+01    4.7133E+01    5.3351E+01    1.9810E+01    1.6442E+01    1.7061E+01    7.3685E+01    5.0524E+01    1.4528E+01    4.4479E+00    1.5951E+01    1.4963E+01    1.2800E+01   
 3.5304E+01    4.7130E+01    5.3360E+01    1.9782E+01    1.6488E+01    1.7112E+01    7.3645E+01    5.0504E+01    1.4567E+01    4.4275E+00    1.5911E+01    1.5060E+01    1.2744E+01   
 3.6387E+01    4.7140E+01    5.3371E+01    1.9790E+01    1.6562E+01    1.7153E+01    7.3659E+01    5.0543E+01    1.4612E+01    4.4479E+00    1.5972E+01    1.5024E+01    1.2829E+01   
 3.7475E+01    4.7146E+01    5.3365E+01    1.9821E+01    1.6539E+01    1.7192E+01    7.3677E+01    5.0567E+01    1.4620E+01    4.4275E+00    1.5931E+01    1.5182E+01    1.2744E+01   
 3.8562E+01    4.7177E+01    5.3396E+01    1.9806E+01    1.6592E+01    1.7186E+01    7.3715E+01    5.0537E+01    1.4665E+01    4.4479E+00    1.5911E+01    1.4950E+01    1.2800E+01   
 3.9642E+01    4.7172E+01    5.3413E+01    1.9832E+01    1.6594E+01    1.7224E+01    7.3717E+01    5.0552E+01    1.4724E+01    4.4479E+00    1.6094E+01    1.5487E+01    1.2744E+01   
 4.0726E+01    4.7194E+01    5.3413E+01    1.9837E+01    1.6594E+01    1.7250E+01    7.3677E+01    5.0537E+01    1.4735E+01    4.4479E+00    1.5951E+01    1.5158E+01    1.2715E+01   
 4.1818E+01    4.7186E+01    5.3423E+01    1.9886E+01    1.6531E+01    1.7265E+01    7.3675E+01    5.0538E+01    1.4761E+01    4.4683E+00    1.5972E+01    1.5011E+01    1.2715E+01   
 4.2907E+01    4.7160E+01    5.3418E+01    1.9878E+01    1.6562E+01    1.7260E+01    7.3672E+01    5.0513E+01    1.4779E+01    4.4683E+00    1.5992E+01    1.5158E+01    1.2715E+01   
 4.3993E+01    4.7161E+01    5.3404E+01    1.9813E+01    1.6574E+01    1.7258E+01    7.3670E+01    5.0503E+01    1.4781E+01    4.4683E+00    1.6033E+01    1.5267E+01    1.2744E+01   
 4.5084E+01    4.7153E+01    5.3416E+01    1.9764E+01    1.6582E+01    1.7266E+01    7.3652E+01    5.0519E+01    1.4850E+01    4.4683E+00    1.6053E+01    1.5060E+01    1.2885E+01   
 4.6180E+01    4.7163E+01    5.3443E+01    1.9718E+01    1.6633E+01    1.7254E+01    7.3622E+01    5.0482E+01    1.4852E+01    4.4479E+00    1.6053E+01    1.5316E+01    1.2744E+01   
 4.7259E+01    4.7188E+01    5.3450E+01    1.9828E+01    1.6589E+01    1.7226E+01    7.3598E+01    5.0490E+01    1.4886E+01    4.4479E+00    1.5992E+01    1.5438E+01    1.2772E+01   
 4.8340E+01    4.7196E+01    5.3468E+01    1.9845E+01    1.6575E+01    1.7196E+01    7.3595E+01    5.0490E+01    1.4875E+01    4.4275E+00    1.5951E+01    1.4950E+01    1.2772E+01   
 4.9421E+01    4.7207E+01    5.3476E+01    1.9770E+01    1.6624E+01    1.7134E+01    7.3577E+01    5.0483E+01    1.4903E+01    4.4479E+00    1.5931E+01    1.5072E+01    1.2829E+01   
 5.0501E+01    4.7213E+01    5.3478E+01    1.9722E+01    1.6616E+01    1.7109E+01    7.3623E+01    5.0481E+01    1.4919E+01    4.4683E+00    1.6053E+01    1.5474E+01    1.2772E+01   
 5.1594E+01    4.7197E+01    5.3460E+01    1.9721E+01    1.6574E+01    1.6996E+01    7.3623E+01    5.0495E+01    1.4956E+01    4.5090E+00    1.6074E+01    1.4975E+01    1.2744E+01   
 5.2684E+01    4.7227E+01    5.3477E+01    1.9735E+01    1.6655E+01    1.6857E+01    7.3641E+01    5.0522E+01    1.4972E+01    4.4886E+00    1.6114E+01    1.5401E+01    1.2744E+01   
 5.3765E+01    4.7224E+01    5.3485E+01    1.9717E+01    1.6666E+01    1.6791E+01    7.3700E+01    5.0523E+01    1.5005E+01    4.5294E+00    1.6074E+01    1.5377E+01    1.2829E+01   
 5.4846E+01    4.7257E+01    5.3511E+01    1.9790E+01    1.6708E+01    1.6603E+01    7.3740E+01    5.0551E+01    1.5028E+01    4.5090E+00    1.6013E+01    1.4987E+01    1.2800E+01   
 5.5927E+01    4.7259E+01    5.3520E+01    1.9787E+01    1.6784E+01    1.6362E+01    7.3773E+01    5.0525E+01    1.5041E+01    4.5090E+00    1.5931E+01    1.5048E+01    1.2885E+01   
 5.7013E+01    4.7275E+01    5.3542E+01    1.9775E+01    1.6831E+01    1.6073E+01    7.3833E+01    5.0554E+01    1.5085E+01    4.5294E+00    1.6114E+01    1.5474E+01    1.2715E+01   
 5.8100E+01    4.7263E+01    5.3543E+01    1.9741E+01    1.6731E+01    1.5883E+01    7.3834E+01    5.0584E+01    1.5082E+01    4.4886E+00    1.5992E+01    1.5523E+01    1.2687E+01   
 5.9197E+01    4.7295E+01    5.3559E+01    1.9743E+01    1.6834E+01    1.5361E+01    7.3760E+01    5.0578E+01    1.5059E+01    4.5090E+00    1.5972E+01    1.5145E+01    1.2687E+01   
 6.0292E+01    4.7304E+01    5.3594E+01    1.9741E+01    1.6835E+01    1.4857E+01    7.3726E+01    5.0565E+01    1.5077E+01    4.5294E+00    1.6033E+01    1.5048E+01    1.2687E+01   
 6.1388E+01    4.7331E+01    5.3635E+01    1.9741E+01    1.6748E+01    1.4517E+01    7.3648E+01    5.0523E+01    1.5089E+01    4.5294E+00    1.6053E+01    1.5060E+01    1.2800E+01   
 6.2485E+01    4.7351E+01    5.3642E+01    1.9748E+01    1.6846E+01    1.4370E+01    7.3601E+01    5.0497E+01    1.5029E+01    4.4886E+00    1.6053E+01    1.5523E+01    1.2772E+01   
 6.3589E+01    4.7343E+01    5.3680E+01    1.9795E+01    1.6820E+01    1.4130E+01    7.3562E+01    5.0437E+01    1.5016E+01    4.4886E+00    1.6074E+01    1.5072E+01    1.2687E+01   
 6.4740E+01    4.7364E+01    5.3703E+01    1.9851E+01    1.6820E+01    1.3885E+01    7.3536E+01    5.0387E+01    1.4964E+01    4.4683E+00    1.6053E+01    1.5060E+01    1.2687E+01   
# Time (s)      T1w (C)       T2w (C)       T1a (C)       T2a (C)       T1r (C)       T2r (C)       T3r (C)       T4r (C)       P1 (bar)      P2 (bar)      Pow (W/100)      Qc (l/min)    
 6.5829E+01    4.7375E+01    5.3735E+01    1.9808E+01    1.6838E+01    1.3691E+01    7.3500E+01    5.0316E+01    1.4910E+01    4.4479E+00    1.6094E+01    1.5316E+01    1.2772E+01   
 6.6925E+01    4.7356E+01    5.3736E+01    1.9790E+01    1.6830E+01    1.3612E+01    7.3517E+01    5.0223E+01    1.4900E+01    4.4683E+00    1.6033E+01    1.5487E+01    1.2885E+01   
 6.8000E+01    4.7355E+01    5.3723E+01    1.9735E+01    1.6680E+01    1.3416E+01    7.3519E+01    5.0168E+01    1.4841E+01    4.4275E+00    1.6053E+01    1.5182E+01    1.2658E+01   
 6.9086E+01    4.7357E+01    5.3742E+01    1.9714E+01    1.6646E+01    1.3273E+01    7.3512E+01    5.0065E+01    1.4780E+01    4.4479E+00    1.6114E+01    1.5572E+01    1.2715E+01   
 7.0175E+01    4.7363E+01    5.3757E+01    1.9709E+01    1.6633E+01    1.3116E+01    7.3527E+01    4.9923E+01    1.4753E+01    4.4275E+00    1.6257E+01    1.5572E+01    1.2800E+01   
 7.1263E+01    4.7361E+01    5.3781E+01    1.9816E+01    1.6571E+01    1.3038E+01    7.3540E+01    4.9767E+01    1.4664E+01    4.4071E+00    1.6135E+01    1.5389E+01    1.2772E+01   
 7.2352E+01    4.7375E+01    5.3775E+01    2.0024E+01    1.6607E+01    1.2894E+01    7.3507E+01    4.9695E+01    1.4603E+01    4.4275E+00    1.6196E+01    1.5340E+01    1.2744E+01   
 7.3440E+01    4.7383E+01    5.3802E+01    1.9970E+01    1.6574E+01    1.2797E+01    7.3470E+01    4.9556E+01    1.4487E+01    4.4275E+00    1.6196E+01    1.5535E+01    1.2715E+01   
 7.4527E+01    4.7397E+01    5.3837E+01    1.9891E+01    1.6599E+01    1.2748E+01    7.3491E+01    4.9390E+01    1.4444E+01    4.4071E+00    1.6176E+01    1.5109E+01    1.2687E+01   
 7.5608E+01    4.7413E+01    5.3879E+01    1.9856E+01    1.6610E+01    1.2623E+01    7.3509E+01    4.9245E+01    1.4354E+01    4.4071E+00    1.6114E+01    1.5121E+01    1.2857E+01   
 7.6689E+01    4.7422E+01    5.3870E+01    1.9801E+01    1.6467E+01    1.2532E+01    7.3531E+01    4.9180E+01    1.4265E+01    4.4071E+00    1.6135E+01    1.5365E+01    1.2772E+01   
 7.7769E+01    4.7424E+01    5.3879E+01    1.9846E+01    1.6393E+01    1.2434E+01    7.3561E+01    4.9028E+01    1.4219E+01    4.4071E+00    1.6196E+01    1.5535E+01    1.2800E+01   
 7.8848E+01    4.7414E+01    5.3897E+01    1.9838E+01    1.6350E+01    1.2415E+01    7.3629E+01    4.8883E+01    1.4138E+01    4.4071E+00    1.6318E+01    1.5535E+01    1.2800E+01   
 7.9936E+01    4.7427E+01    5.3888E+01    1.9776E+01    1.6345E+01    1.2361E+01    7.3732E+01    4.8824E+01    1.4079E+01    4.3460E+00    1.6114E+01    1.5572E+01    1.2772E+01   
 8.1025E+01    4.7447E+01    5.3884E+01    1.9801E+01    1.6259E+01    1.2306E+01    7.3745E+01    4.8662E+01    1.3963E+01    4.3460E+00    1.6237E+01    1.5060E+01    1.2829E+01   
 8.2120E+01    4.7418E+01    5.3872E+01    1.9795E+01    1.6248E+01    1.2302E+01    7.3829E+01    4.8543E+01    1.3930E+01    4.3664E+00    1.6339E+01    1.5450E+01    1.2772E+01   
 8.3215E+01    4.7436E+01    5.3869E+01    1.9757E+01    1.6186E+01    1.2316E+01    7.3878E+01    4.8419E+01    1.3821E+01    4.3257E+00    1.6176E+01    1.5499E+01    1.2744E+01   
 8.4311E+01    4.7445E+01    5.3874E+01    1.9745E+01    1.6134E+01    1.2396E+01    7.3915E+01    4.8352E+01    1.3764E+01    4.2849E+00    1.6114E+01    1.5328E+01    1.2772E+01   
 8.5408E+01    4.7425E+01    5.3848E+01    1.9719E+01    1.5986E+01    1.2517E+01    7.3956E+01    4.8207E+01    1.3693E+01    4.2645E+00    1.6135E+01    1.5024E+01    1.2715E+01   
 8.6504E+01    4.7443E+01    5.3868E+01    1.9729E+01    1.5969E+01    1.2653E+01    7.3967E+01    4.8122E+01    1.3651E+01    4.2442E+00    1.6155E+01    1.4999E+01    1.2885E+01   
 8.7599E+01    4.7436E+01    5.3832E+01    1.9771E+01    1.5869E+01    1.2736E+01    7.3993E+01    4.7987E+01    1.3606E+01    4.2238E+00    1.6135E+01    1.5377E+01    1.2829E+01   
 8.8696E+01    4.7443E+01    5.3810E+01    1.9749E+01    1.5892E+01    1.2886E+01    7.4037E+01    4.8015E+01    1.3562E+01    4.2238E+00    1.6155E+01    1.5474E+01    1.2744E+01   
 8.9793E+01    4.7461E+01    5.3794E+01    1.9685E+01    1.6009E+01    1.3078E+01    7.4009E+01    4.7994E+01    1.3506E+01    4.2034E+00    1.6278E+01    1.5170E+01    1.2687E+01   
 9.0889E+01    4.7450E+01    5.3735E+01    1.9710E+01    1.5919E+01    1.3159E+01    7.3978E+01    4.7970E+01    1.3491E+01    4.2238E+00    1.6094E+01    1.5109E+01    1.2715E+01   
 9.1991E+01    4.7460E+01    5.3712E+01    1.9683E+01    1.5889E+01    1.3340E+01    7.3952E+01    4.7987E+01    1.3437E+01    4.2034E+00    1.6013E+01    1.5036E+01    1.2829E+01   
 9.3080E+01    4.7468E+01    5.3696E+01    1.9713E+01    1.5859E+01    1.3526E+01    7.3986E+01    4.7995E+01    1.3382E+01    4.2238E+00    1.6155E+01    1.5267E+01    1.2800E+01   
 9.4224E+01    4.7466E+01    5.3685E+01    1.9794E+01    1.5826E+01    1.3708E+01    7.4006E+01    4.8018E+01    1.3390E+01    4.2238E+00    1.5972E+01    1.5048E+01    1.2772E+01   
 9.5321E+01    4.7477E+01    5.3647E+01    1.9775E+01    1.5836E+01    1.3891E+01    7.3983E+01    4.8094E+01    1.3406E+01    4.2034E+00    1.5972E+01    1.5231E+01    1.2772E+01   
 9.6411E+01    4.7478E+01    5.3629E+01    1.9722E+01    1.5817E+01    1.3971E+01    7.3967E+01    4.8159E+01    1.3453E+01    4.2442E+00    1.5951E+01    1.5097E+01    1.2744E+01   
 9.7491E+01    4.7493E+01    5.3627E+01    1.9729E+01    1.5877E+01    1.4146E+01    7.4026E+01    4.8197E+01    1.3435E+01    4.2238E+00    1.6053E+01    1.5109E+01    1.2829E+01   
# Time (s)      T1w (C)       T2w (C)       T1a (C)       T2a (C)       T1r (C)       T2r (C)       T3r (C)       T4r (C)       P1 (bar)      P2 (bar)      Pow (W/100)      Qc (l/min)    
 9.8579E+01    4.7499E+01    5.3598E+01    1.9738E+01    1.5814E+01    1.4302E+01    7.4053E+01    4.8280E+01    1.3467E+01    4.2238E+00    1.6074E+01    1.4853E+01    1.2829E+01   
 9.9660E+01    4.7485E+01    5.3575E+01    1.9788E+01    1.5800E+01    1.4389E+01    7.4144E+01    4.8363E+01    1.3466E+01    4.2442E+00    1.5972E+01    1.4938E+01    1.2772E+01   
 1.0074E+02    4.7507E+01    5.3577E+01    1.9777E+01    1.5862E+01    1.4538E+01    7.4209E+01    4.8513E+01    1.3486E+01    4.2238E+00    1.5992E+01    1.5158E+01    1.2715E+01   
 1.0183E+02    4.7518E+01    5.3554E+01    1.9802E+01    1.5803E+01    1.4668E+01    7.4227E+01    4.8582E+01    1.3514E+01    4.2238E+00    1.6053E+01    1.4865E+01    1.2744E+01   
 1.0292E+02    4.7539E+01    5.3596E+01    1.9805E+01    1.5919E+01    1.4825E+01    7.4302E+01    4.8698E+01    1.3541E+01    4.2645E+00    1.5931E+01    1.5231E+01    1.2715E+01   
 1.0400E+02    4.7543E+01    5.3572E+01    1.9792E+01    1.5955E+01    1.4885E+01    7.4342E+01    4.8836E+01    1.3587E+01    4.2442E+00    1.5972E+01    1.5340E+01    1.2744E+01   
 1.0508E+02    4.7516E+01    5.3566E+01    1.9764E+01    1.5868E+01    1.5021E+01    7.4375E+01    4.8914E+01    1.3624E+01    4.2442E+00    1.5951E+01    1.5182E+01    1.2744E+01   
 1.0616E+02    4.7529E+01    5.3568E+01    1.9736E+01    1.5984E+01    1.5143E+01    7.4359E+01    4.9018E+01    1.3636E+01    4.2442E+00    1.6094E+01    1.5182E+01    1.2744E+01   
 1.0724E+02    4.7530E+01    5.3559E+01    1.9754E+01    1.5912E+01    1.5195E+01    7.4319E+01    4.9126E+01    1.3622E+01    4.2645E+00    1.6053E+01    1.4877E+01    1.2772E+01   
 1.0833E+02    4.7540E+01    5.3573E+01    1.9860E+01    1.6101E+01    1.5304E+01    7.4251E+01    4.9250E+01    1.3646E+01    4.2442E+00    1.5972E+01    1.4975E+01    1.2772E+01   
 1.0941E+02    4.7540E+01    5.3559E+01    1.9815E+01    1.6034E+01    1.5425E+01    7.4248E+01    4.9332E+01    1.3698E+01    4.2442E+00    1.6074E+01    1.5109E+01    1.2800E+01   
 1.1048E+02    4.7552E+01    5.3582E+01    1.9808E+01    1.6067E+01    1.5561E+01    7.4213E+01    4.9435E+01    1.3714E+01    4.2645E+00    1.5972E+01    1.5365E+01    1.2715E+01   
 1.1156E+02    4.7565E+01    5.3593E+01    1.9925E+01    1.5947E+01    1.5598E+01    7.4173E+01    4.9542E+01    1.3691E+01    4.2849E+00    1.6074E+01    1.5243E+01    1.2715E+01   
 1.1266E+02    4.7579E+01    5.3597E+01    1.9807E+01    1.6059E+01    1.5683E+01    7.4183E+01    4.9603E+01    1.3753E+01    4.3053E+00    1.5972E+01    1.5414E+01    1.2800E+01   
 1.1374E+02    4.7584E+01    5.3595E+01    1.9788E+01    1.6114E+01    1.5804E+01    7.4190E+01    4.9720E+01    1.3772E+01    4.3053E+00    1.6013E+01    1.5304E+01    1.2829E+01   
 1.1482E+02    4.7584E+01    5.3599E+01    1.9773E+01    1.6100E+01    1.5872E+01    7.4144E+01    4.9793E+01    1.3779E+01    4.3053E+00    1.5992E+01    1.4987E+01    1.2772E+01   
 1.1590E+02    4.7587E+01    5.3620E+01    1.9766E+01    1.6151E+01    1.5927E+01    7.4108E+01    4.9875E+01    1.3835E+01    4.3053E+00    1.6033E+01    1.4914E+01    1.2829E+01   
 1.1698E+02    4.7595E+01    5.3638E+01    1.9834E+01    1.6260E+01    1.6019E+01    7.4104E+01    4.9890E+01    1.3868E+01    4.3257E+00    1.5931E+01    1.5133E+01    1.2744E+01   
 1.1806E+02    4.7597E+01    5.3655E+01    1.9815E+01    1.6243E+01    1.6108E+01    7.4100E+01    4.9969E+01    1.3911E+01    4.3460E+00    1.5972E+01    1.5292E+01    1.2715E+01   
 1.1914E+02    4.7609E+01    5.3663E+01    1.9796E+01    1.6239E+01    1.6158E+01    7.4051E+01    5.0020E+01    1.3942E+01    4.3664E+00    1.6135E+01    1.5145E+01    1.2772E+01   
 1.2024E+02    4.7612E+01    5.3681E+01    1.9772E+01    1.6262E+01    1.6238E+01    7.4011E+01    5.0082E+01    1.3972E+01    4.3460E+00    1.6013E+01    1.4926E+01    1.2829E+01   
 1.2132E+02    4.7609E+01    5.3695E+01    1.9847E+01    1.6254E+01    1.6319E+01    7.4000E+01    5.0102E+01    1.4009E+01    4.3868E+00    1.6135E+01    1.5011E+01    1.2715E+01   
 1.2241E+02    4.7624E+01    5.3708E+01    1.9789E+01    1.6301E+01    1.6390E+01    7.4020E+01    5.0144E+01    1.4030E+01    4.3868E+00    1.6135E+01    1.5487E+01    1.2772E+01   
 1.2351E+02    4.7617E+01    5.3730E+01    1.9760E+01    1.6332E+01    1.6431E+01    7.3994E+01    5.0197E+01    1.4034E+01    4.3664E+00    1.6053E+01    1.5243E+01    1.2744E+01   
 1.2460E+02    4.7642E+01    5.3741E+01    1.9768E+01    1.6295E+01    1.6505E+01    7.3988E+01    5.0227E+01    1.4064E+01    4.3868E+00    1.6114E+01    1.4963E+01    1.2772E+01   
 1.2575E+02    4.7654E+01    5.3748E+01    1.9787E+01    1.6410E+01    1.6584E+01    7.4004E+01    5.0237E+01    1.4131E+01    4.3664E+00    1.6033E+01    1.4975E+01    1.2772E+01   
 1.2684E+02    4.7676E+01    5.3787E+01    1.9810E+01    1.6457E+01    1.6675E+01    7.4079E+01    5.0264E+01    1.4184E+01    4.3868E+00    1.6114E+01    1.5474E+01    1.2744E+01   
 1.2795E+02    4.7686E+01    5.3805E+01    1.9837E+01    1.6422E+01    1.6689E+01    7.4080E+01    5.0294E+01    1.4217E+01    4.3868E+00    1.5972E+01    1.5340E+01    1.2744E+01   
 1.2904E+02    4.7698E+01    5.3825E+01    1.9801E+01    1.6437E+01    1.6773E+01    7.4056E+01    5.0313E+01    1.4301E+01    4.4071E+00    1.6176E+01    1.5377E+01    1.2744E+01   
 1.3012E+02    4.7710E+01    5.3817E+01    1.9806E+01    1.6491E+01    1.6829E+01    7.4023E+01    5.0326E+01    1.4360E+01    4.3868E+00    1.5992E+01    1.5499E+01    1.2800E+01   
# Time (s)      T1w (C)       T2w (C)       T1a (C)       T2a (C)       T1r (C)       T2r (C)       T3r (C)       T4r (C)       P1 (bar)      P2 (bar)      Pow (W/100)      Qc (l/min)    
 1.3119E+02    4.7692E+01    5.3820E+01    1.9802E+01    1.6482E+01    1.6879E+01    7.3984E+01    5.0351E+01    1.4362E+01    4.4071E+00    1.6155E+01    1.5523E+01    1.2772E+01   
 1.3228E+02    4.7687E+01    5.3844E+01    1.9803E+01    1.6429E+01    1.6905E+01    7.3955E+01    5.0359E+01    1.4408E+01    4.4275E+00    1.6094E+01    1.5462E+01    1.2772E+01   
 1.3336E+02    4.7703E+01    5.3844E+01    1.9784E+01    1.6414E+01    1.6961E+01    7.3918E+01    5.0390E+01    1.4427E+01    4.4275E+00    1.6135E+01    1.5109E+01    1.2744E+01   
 1.3444E+02    4.7706E+01    5.3862E+01    1.9744E+01    1.6423E+01    1.6997E+01    7.3942E+01    5.0417E+01    1.4481E+01    4.4275E+00    1.6074E+01    1.5024E+01    1.2800E+01   
 1.3552E+02    4.7728E+01    5.3877E+01    1.9769E+01    1.6445E+01    1.7037E+01    7.3997E+01    5.0475E+01    1.4503E+01    4.4275E+00    1.6094E+01    1.5279E+01    1.2772E+01   
 1.3660E+02    4.7714E+01    5.3856E+01    1.9726E+01    1.6486E+01    1.7083E+01    7.4004E+01    5.0494E+01    1.4561E+01    4.4275E+00    1.6074E+01    1.5462E+01    1.2829E+01   
 1.3768E+02    4.7698E+01    5.3870E+01    1.9738E+01    1.6524E+01    1.7147E+01    7.3991E+01    5.0507E+01    1.4622E+01    4.4479E+00    1.6094E+01    1.5462E+01    1.2800E+01   
 1.3876E+02    4.7682E+01    5.3864E+01    1.9810E+01    1.6532E+01    1.7171E+01    7.3956E+01    5.0509E+01    1.4640E+01    4.4479E+00    1.6053E+01    1.5036E+01    1.2829E+01   
 1.3984E+02    4.7713E+01    5.3895E+01    1.9847E+01    1.6526E+01    1.7221E+01    7.3927E+01    5.0546E+01    1.4671E+01    4.4683E+00    1.6094E+01    1.5085E+01    1.2715E+01   
 1.4092E+02    4.7724E+01    5.3920E+01    1.9798E+01    1.6651E+01    1.7231E+01    7.3894E+01    5.0596E+01    1.4715E+01    4.4479E+00    1.6155E+01    1.5231E+01    1.2772E+01   
 1.4200E+02    4.7702E+01    5.3903E+01    1.9767E+01    1.6594E+01    1.7247E+01    7.3895E+01    5.0621E+01    1.4742E+01    4.4275E+00    1.6135E+01    1.5572E+01    1.2772E+01   
 1.4308E+02    4.7734E+01    5.3918E+01    1.9870E+01    1.6558E+01    1.7265E+01    7.3852E+01    5.0618E+01    1.4748E+01    4.4479E+00    1.6278E+01    1.5158E+01    1.2800E+01   
 1.4416E+02    4.7731E+01    5.3933E+01    1.9733E+01    1.6608E+01    1.7284E+01    7.3826E+01    5.0655E+01    1.4783E+01    4.4886E+00    1.6196E+01    1.5072E+01    1.2857E+01   
 1.4524E+02    4.7741E+01    5.3935E+01    1.9709E+01    1.6582E+01    1.7282E+01    7.3814E+01    5.0642E+01    1.4817E+01    4.4683E+00    1.6216E+01    1.5121E+01    1.2715E+01   
 1.4632E+02    4.7757E+01    5.3962E+01    1.9799E+01    1.6638E+01    1.7293E+01    7.3819E+01    5.0678E+01    1.4856E+01    4.4479E+00    1.6216E+01    1.5426E+01    1.2829E+01   
 1.4740E+02    4.7763E+01    5.3978E+01    1.9801E+01    1.6584E+01    1.7232E+01    7.3769E+01    5.0685E+01    1.4871E+01    4.4479E+00    1.6094E+01    1.5401E+01    1.2772E+01   
 1.4848E+02    4.7779E+01    5.3985E+01    1.9784E+01    1.6658E+01    1.7176E+01    7.3760E+01    5.0664E+01    1.4874E+01    4.4683E+00    1.6155E+01    1.5060E+01    1.2744E+01   
 1.4956E+02    4.7772E+01    5.3986E+01    1.9772E+01    1.6653E+01    1.7063E+01    7.3778E+01    5.0671E+01    1.4911E+01    4.4683E+00    1.6135E+01    1.5487E+01    1.2800E+01   
 1.5065E+02    4.7779E+01    5.3987E+01    1.9763E+01    1.6743E+01    1.6993E+01    7.3868E+01    5.0678E+01    1.4908E+01    4.4479E+00    1.6176E+01    1.5085E+01    1.2772E+01   
 1.5173E+02    4.7782E+01    5.3982E+01    1.9768E+01    1.6807E+01    1.6827E+01    7.3874E+01    5.0717E+01    1.4934E+01    4.4886E+00    1.6216E+01    1.5304E+01    1.2772E+01   
 1.5282E+02    4.7772E+01    5.3982E+01    1.9782E+01    1.6731E+01    1.6638E+01    7.3892E+01    5.0728E+01    1.5006E+01    4.5090E+00    1.6155E+01    1.5426E+01    1.2744E+01   
 1.5390E+02    4.7768E+01    5.3981E+01    1.9766E+01    1.6719E+01    1.6386E+01    7.3850E+01    5.0724E+01    1.5021E+01    4.5294E+00    1.6094E+01    1.5121E+01    1.2744E+01   
 1.5498E+02    4.7773E+01    5.3980E+01    1.9843E+01    1.6731E+01    1.6227E+01    7.3874E+01    5.0731E+01    1.5032E+01    4.4886E+00    1.6196E+01    1.5109E+01    1.2715E+01   
 1.5608E+02    4.7768E+01    5.3999E+01    2.0084E+01    1.6765E+01    1.5865E+01    7.3873E+01    5.0721E+01    1.5060E+01    4.5090E+00    1.6298E+01    1.5219E+01    1.2772E+01   
 1.5717E+02    4.7741E+01    5.3991E+01    2.0047E+01    1.6770E+01    1.5255E+01    7.3841E+01    5.0715E+01    1.5061E+01    4.4886E+00    1.6176E+01    1.5548E+01    1.2829E+01   
 1.5825E+02    4.7755E+01    5.4017E+01    1.9895E+01    1.6787E+01    1.4816E+01    7.3825E+01    5.0737E+01    1.5053E+01    4.5294E+00    1.6155E+01    1.5145E+01    1.2800E+01   
 1.5934E+02    4.7746E+01    5.4036E+01    1.9852E+01    1.6734E+01    1.4612E+01    7.3770E+01    5.0719E+01    1.5026E+01    4.4886E+00    1.6298E+01    1.5145E+01    1.2829E+01   
 1.6043E+02    4.7747E+01    5.4045E+01    1.9837E+01    1.6788E+01    1.4311E+01    7.3712E+01    5.0669E+01    1.5001E+01    4.4886E+00    1.6216E+01    1.5206E+01    1.2829E+01   
 1.6152E+02    4.7768E+01    5.4054E+01    1.9794E+01    1.6654E+01    1.4039E+01    7.3703E+01    5.0616E+01    1.4973E+01    4.5090E+00    1.6155E+01    1.5584E+01    1.2772E+01   
 1.6262E+02    4.7774E+01    5.4091E+01    1.9802E+01    1.6564E+01    1.3816E+01    7.3745E+01    5.0568E+01    1.4917E+01    4.5090E+00    1.6237E+01    1.5633E+01    1.2715E+01   
# Time (s)      T1w (C)       T2w (C)       T1a (C)       T2a (C)       T1r (C)       T2r (C)       T3r (C)       T4r (C)       P1 (bar)      P2 (bar)      Pow (W/100)      Qc (l/min)    
 1.6376E+02    4.7786E+01    5.4116E+01    1.9902E+01    1.6663E+01    1.3721E+01    7.3794E+01    5.0491E+01    1.4894E+01    4.4683E+00    1.6237E+01    1.5365E+01    1.2800E+01   
 1.6484E+02    4.7829E+01    5.4165E+01    1.9939E+01    1.6677E+01    1.3526E+01    7.3844E+01    5.0404E+01    1.4849E+01    4.4479E+00    1.6257E+01    1.5353E+01    1.2800E+01   
 1.6595E+02    4.7831E+01    5.4165E+01    1.9937E+01    1.6770E+01    1.3349E+01    7.3826E+01    5.0330E+01    1.4765E+01    4.4479E+00    1.6298E+01    1.5596E+01    1.2715E+01   
 1.6705E+02    4.7837E+01    5.4181E+01    1.9870E+01    1.6771E+01    1.3216E+01    7.3794E+01    5.0223E+01    1.4682E+01    4.4683E+00    1.6278E+01    1.5243E+01    1.2829E+01   
 1.6816E+02    4.7854E+01    5.4211E+01    1.9829E+01    1.6651E+01    1.3119E+01    7.3775E+01    5.0092E+01    1.4673E+01    4.4275E+00    1.6359E+01    1.5669E+01    1.2715E+01   
 1.6924E+02    4.7839E+01    5.4221E+01    1.9800E+01    1.6728E+01    1.2977E+01    7.3752E+01    5.0040E+01    1.4603E+01    4.4275E+00    1.6298E+01    1.5145E+01    1.2772E+01   
 1.7033E+02    4.7860E+01    5.4241E+01    1.9789E+01    1.6664E+01    1.2863E+01    7.3741E+01    4.9931E+01    1.4538E+01    4.4275E+00    1.6420E+01    1.5194E+01    1.2829E+01   
 1.7141E+02    4.7854E+01    5.4230E+01    1.9785E+01    1.6645E+01    1.2797E+01    7.3726E+01    4.9800E+01    1.4506E+01    4.4275E+00    1.6441E+01    1.5133E+01    1.2829E+01   
 1.7249E+02    4.7857E+01    5.4236E+01    1.9741E+01    1.6597E+01    1.2685E+01    7.3774E+01    4.9656E+01    1.4432E+01    4.4275E+00    1.6318E+01    1.5182E+01    1.2800E+01   
 1.7358E+02    4.7871E+01    5.4231E+01    1.9710E+01    1.6462E+01    1.2569E+01    7.3801E+01    4.9573E+01    1.4331E+01    4.4071E+00    1.6339E+01    1.5206E+01    1.2800E+01   
 1.7466E+02    4.7841E+01    5.4220E+01    1.9681E+01    1.6506E+01    1.2461E+01    7.3839E+01    4.9396E+01    1.4245E+01    4.4071E+00    1.6298E+01    1.5657E+01    1.2772E+01   
 1.7574E+02    4.7860E+01    5.4244E+01    1.9669E+01    1.6395E+01    1.2403E+01    7.3882E+01    4.9240E+01    1.4199E+01    4.4071E+00    1.6298E+01    1.5401E+01    1.2800E+01   
 1.7682E+02    4.7837E+01    5.4245E+01    1.9738E+01    1.6290E+01    1.2328E+01    7.3906E+01    4.9120E+01    1.4098E+01    4.4071E+00    1.6278E+01    1.5194E+01    1.2857E+01   
 1.7790E+02    4.7827E+01    5.4232E+01    1.9749E+01    1.6182E+01    1.2283E+01    7.3936E+01    4.9065E+01    1.4021E+01    4.3460E+00    1.6298E+01    1.5121E+01    1.2800E+01   
 1.7898E+02    4.7815E+01    5.4238E+01    1.9678E+01    1.6139E+01    1.2238E+01    7.3975E+01    4.8897E+01    1.3976E+01    4.3664E+00    1.6400E+01    1.5170E+01    1.2715E+01   
 1.8007E+02    4.7818E+01    5.4220E+01    1.9685E+01    1.6145E+01    1.2263E+01    7.4046E+01    4.8749E+01    1.3899E+01    4.3460E+00    1.6380E+01    1.5438E+01    1.2772E+01   
 1.8115E+02    4.7831E+01    5.4220E+01    1.9836E+01    1.6166E+01    1.2333E+01    7.4080E+01    4.8701E+01    1.3817E+01    4.3257E+00    1.6400E+01    1.5584E+01    1.2744E+01   
 1.8223E+02    4.7855E+01    5.4244E+01    1.9854E+01    1.5996E+01    1.2439E+01    7.4136E+01    4.8538E+01    1.3736E+01    4.3053E+00    1.6400E+01    1.5523E+01    1.2715E+01   
 1.8331E+02    4.7853E+01    5.4256E+01    1.9860E+01    1.6098E+01    1.2512E+01    7.4203E+01    4.8422E+01    1.3724E+01    4.2849E+00    1.6380E+01    1.5097E+01    1.2715E+01   
 1.8439E+02    4.7902E+01    5.4274E+01    1.9796E+01    1.5954E+01    1.2671E+01    7.4246E+01    4.8322E+01    1.3635E+01    4.2442E+00    1.6339E+01    1.5097E+01    1.2772E+01   
 1.8547E+02    4.7914E+01    5.4291E+01    1.9763E+01    1.5948E+01    1.2841E+01    7.4295E+01    4.8315E+01    1.3557E+01    4.2238E+00    1.6278E+01    1.5170E+01    1.2829E+01   
 1.8655E+02    4.7911E+01    5.4268E+01    1.9722E+01    1.5944E+01    1.3034E+01    7.4310E+01    4.8230E+01    1.3529E+01    4.2442E+00    1.6216E+01    1.5438E+01    1.2829E+01   
 1.8763E+02    4.7912E+01    5.4250E+01    1.9788E+01    1.5955E+01    1.3143E+01    7.4345E+01    4.8242E+01    1.3524E+01    4.2238E+00    1.6176E+01    1.5255E+01    1.2800E+01   
 1.8871E+02    4.7919E+01    5.4208E+01    1.9844E+01    1.5879E+01    1.3341E+01    7.4357E+01    4.8302E+01    1.3497E+01    4.2034E+00    1.6257E+01    1.4999E+01    1.2744E+01   
 1.8979E+02    4.7954E+01    5.4185E+01    1.9798E+01    1.5858E+01    1.3512E+01    7.4435E+01    4.8266E+01    1.3456E+01    4.2034E+00    1.6155E+01    1.4963E+01    1.2800E+01   
 1.9087E+02    4.7937E+01    5.4148E+01    1.9714E+01    1.5855E+01    1.3612E+01    7.4495E+01    4.8299E+01    1.3436E+01    4.2238E+00    1.6298E+01    1.5414E+01    1.2829E+01   
 1.9196E+02    4.7937E+01    5.4130E+01    1.9712E+01    1.5846E+01    1.3777E+01    7.4559E+01    4.8316E+01    1.3420E+01    4.2034E+00    1.6155E+01    1.5206E+01    1.2800E+01   
 1.9304E+02    4.7960E+01    5.4118E+01    1.9699E+01    1.5851E+01    1.3950E+01    7.4588E+01    4.8300E+01    1.3393E+01    4.2034E+00    1.6155E+01    1.5426E+01    1.2744E+01   
 1.9412E+02    4.7972E+01    5.4083E+01    1.9694E+01    1.5899E+01    1.4092E+01    7.4633E+01    4.8374E+01    1.3385E+01    4.2238E+00    1.6135E+01    1.5389E+01    1.2715E+01   
 1.9520E+02    4.7975E+01    5.4064E+01    1.9707E+01    1.5945E+01    1.4217E+01    7.4695E+01    4.8475E+01    1.3402E+01    4.2442E+00    1.6094E+01    1.5024E+01    1.2772E+01   
# Time (s)      T1w (C)       T2w (C)       T1a (C)       T2a (C)       T1r (C)       T2r (C)       T3r (C)       T4r (C)       P1 (bar)      P2 (bar)      Pow (W/100)      Qc (l/min)    
 1.9628E+02    4.7982E+01    5.4047E+01    1.9720E+01    1.5911E+01    1.4392E+01    7.4738E+01    4.8529E+01    1.3432E+01    4.2442E+00    1.6155E+01    1.5438E+01    1.2772E+01   
 1.9737E+02    4.7973E+01    5.4039E+01    1.9744E+01    1.5892E+01    1.4534E+01    7.4792E+01    4.8629E+01    1.3460E+01    4.2238E+00    1.6114E+01    1.5438E+01    1.2744E+01   
 1.9846E+02    4.7991E+01    5.4030E+01    1.9744E+01    1.5919E+01    1.4611E+01    7.4835E+01    4.8757E+01    1.3497E+01    4.2442E+00    1.6155E+01    1.5097E+01    1.2885E+01   
 1.9955E+02    4.7989E+01    5.4035E+01    1.9775E+01    1.5812E+01    1.4777E+01    7.4872E+01    4.8881E+01    1.3540E+01    4.2238E+00    1.6094E+01    1.5133E+01    1.2744E+01   
 2.0064E+02    4.7993E+01    5.4024E+01    1.9773E+01    1.5945E+01    1.4916E+01    7.4851E+01    4.8988E+01    1.3600E+01    4.2238E+00    1.6114E+01    1.5048E+01    1.2800E+01   
 2.0174E+02    4.7986E+01    5.4034E+01    1.9769E+01    1.5956E+01    1.5052E+01    7.4799E+01    4.9109E+01    1.3629E+01    4.2442E+00    1.6135E+01    1.4926E+01    1.2744E+01   
 2.0283E+02    4.7996E+01    5.4025E+01    1.9733E+01    1.5920E+01    1.5107E+01    7.4771E+01    4.9233E+01    1.3660E+01    4.2645E+00    1.6196E+01    1.5401E+01    1.2744E+01   
 2.0398E+02    4.7999E+01    5.4004E+01    1.9623E+01    1.5975E+01    1.5238E+01    7.4774E+01    4.9368E+01    1.3669E+01    4.2442E+00    1.6237E+01    1.5072E+01    1.2744E+01   
 2.0508E+02    4.7989E+01    5.3989E+01    1.9586E+01    1.6036E+01    1.5361E+01    7.4775E+01    4.9435E+01    1.3730E+01    4.2645E+00    1.6176E+01    1.4999E+01    1.2800E+01   
 2.0618E+02    4.7992E+01    5.4001E+01    1.9672E+01    1.6012E+01    1.5487E+01    7.4799E+01    4.9564E+01    1.3752E+01    4.2645E+00    1.6094E+01    1.5450E+01    1.2772E+01   
 2.0727E+02    4.8015E+01    5.4043E+01    1.9704E+01    1.6104E+01    1.5528E+01    7.4788E+01    4.9682E+01    1.3734E+01    4.2645E+00    1.6074E+01    1.5085E+01    1.2687E+01   
 2.0835E+02    4.8010E+01    5.4031E+01    1.9727E+01    1.5984E+01    1.5642E+01    7.4778E+01    4.9792E+01    1.3763E+01    4.2645E+00    1.6135E+01    1.4987E+01    1.2800E+01   
 2.0943E+02    4.8019E+01    5.4043E+01    1.9760E+01    1.6099E+01    1.5731E+01    7.4738E+01    4.9847E+01    1.3770E+01    4.2645E+00    1.6094E+01    1.5024E+01    1.2800E+01   
 2.1051E+02    4.8011E+01    5.4047E+01    1.9775E+01    1.6162E+01    1.5842E+01    7.4689E+01    4.9991E+01    1.3785E+01    4.2849E+00    1.6298E+01    1.5487E+01    1.2744E+01   
 2.1159E+02    4.8025E+01    5.4069E+01    1.9911E+01    1.6218E+01    1.5889E+01    7.4626E+01    5.0094E+01    1.3809E+01    4.2849E+00    1.6318E+01    1.5292E+01    1.2772E+01   
 2.1267E+02    4.8050E+01    5.4093E+01    1.9835E+01    1.6239E+01    1.5958E+01    7.4553E+01    5.0160E+01    1.3833E+01    4.3053E+00    1.6237E+01    1.5024E+01    1.2829E+01   
 2.1375E+02    4.8046E+01    5.4098E+01    1.9822E+01    1.6295E+01    1.6054E+01    7.4540E+01    5.0215E+01    1.3889E+01    4.3257E+00    1.6155E+01    1.4999E+01    1.2772E+01   
 2.1483E+02    4.8054E+01    5.4106E+01    1.9769E+01    1.6279E+01    1.6088E+01    7.4525E+01    5.0283E+01    1.3883E+01    4.3257E+00    1.6216E+01    1.5499E+01    1.2772E+01   
 2.1591E+02    4.8062E+01    5.4112E+01    1.9811E+01    1.6296E+01    1.6179E+01    7.4500E+01    5.0374E+01    1.3923E+01    4.3257E+00    1.6176E+01    1.5523E+01    1.2829E+01   
 2.1700E+02    4.8076E+01    5.4112E+01    1.9813E+01    1.6206E+01    1.6264E+01    7.4480E+01    5.0397E+01    1.4004E+01    4.3460E+00    1.6278E+01    1.5377E+01    1.2772E+01   
 2.1808E+02    4.8087E+01    5.4123E+01    1.9774E+01    1.6347E+01    1.6318E+01    7.4425E+01    5.0458E+01    1.3993E+01    4.3460E+00    1.6298E+01    1.5036E+01    1.2715E+01   
 2.1916E+02    4.8071E+01    5.4150E+01    1.9903E+01    1.6313E+01    1.6363E+01    7.4372E+01    5.0478E+01    1.4015E+01    4.3460E+00    1.6237E+01    1.5292E+01    1.2800E+01   
 2.2024E+02    4.8075E+01    5.4155E+01    1.9797E+01    1.6297E+01    1.6407E+01    7.4324E+01    5.0522E+01    1.4027E+01    4.3664E+00    1.6196E+01    1.5548E+01    1.2800E+01   
 2.2132E+02    4.8094E+01    5.4157E+01    1.9788E+01    1.6378E+01    1.6486E+01    7.4317E+01    5.0549E+01    1.4100E+01    4.3460E+00    1.6176E+01    1.5279E+01    1.2744E+01   
 2.2240E+02    4.8081E+01    5.4167E+01    1.9904E+01    1.6383E+01    1.6554E+01    7.4297E+01    5.0627E+01    1.4152E+01    4.3868E+00    1.6257E+01    1.5036E+01    1.2772E+01   
 2.2348E+02    4.8079E+01    5.4181E+01    1.9826E+01    1.6409E+01    1.6619E+01    7.4322E+01    5.0666E+01    1.4161E+01    4.4071E+00    1.6196E+01    1.5353E+01    1.2800E+01   
 2.2456E+02    4.8081E+01    5.4195E+01    1.9810E+01    1.6290E+01    1.6681E+01    7.4336E+01    5.0652E+01    1.4183E+01    4.4071E+00    1.6196E+01    1.5560E+01    1.2772E+01   
 2.2564E+02    4.8077E+01    5.4193E+01    1.9794E+01    1.6298E+01    1.6735E+01    7.4307E+01    5.0671E+01    1.4247E+01    4.4071E+00    1.6135E+01    1.5340E+01    1.2744E+01   
 2.2672E+02    4.8094E+01    5.4207E+01    1.9769E+01    1.6339E+01    1.6764E+01    7.4267E+01    5.0685E+01    1.4258E+01    4.4275E+00    1.6176E+01    1.5048E+01    1.2800E+01   
 2.2780E+02    4.8104E+01    5.4206E+01    1.9718E+01    1.6304E+01    1.6789E+01    7.4285E+01    5.0654E+01    1.4278E+01    4.4275E+00    1.6257E+01    1.5340E+01    1.2772E+01   
# Time (s)      T1w (C)       T2w (C)       T1a (C)       T2a (C)       T1r (C)       T2r (C)       T3r (C)       T4r (C)       P1 (bar)      P2 (bar)      Pow (W/100)      Qc (l/min)    
 2.2888E+02    4.8104E+01    5.4215E+01    1.9711E+01    1.6410E+01    1.6855E+01    7.4318E+01    5.0707E+01    1.4346E+01    4.3868E+00    1.6298E+01    1.5584E+01    1.2744E+01   
 2.2996E+02    4.8106E+01    5.4232E+01    1.9706E+01    1.6380E+01    1.6868E+01    7.4330E+01    5.0720E+01    1.4382E+01    4.4275E+00    1.6420E+01    1.5377E+01    1.2772E+01   
 2.3104E+02    4.8125E+01    5.4253E+01    1.9819E+01    1.6375E+01    1.6904E+01    7.4315E+01    5.0716E+01    1.4377E+01    4.4683E+00    1.6318E+01    1.5109E+01    1.2772E+01   
 2.3212E+02    4.8133E+01    5.4260E+01    1.9897E+01    1.6456E+01    1.6947E+01    7.4299E+01    5.0714E+01    1.4435E+01    4.4479E+00    1.6257E+01    1.5426E+01    1.2857E+01   
 2.3320E+02    4.8133E+01    5.4272E+01    1.9769E+01    1.6495E+01    1.6988E+01    7.4252E+01    5.0747E+01    1.4488E+01    4.4479E+00    1.6318E+01    1.5572E+01    1.2715E+01   
 2.3428E+02    4.8124E+01    5.4276E+01    1.9755E+01    1.6488E+01    1.7018E+01    7.4253E+01    5.0766E+01    1.4510E+01    4.4479E+00    1.6278E+01    1.5133E+01    1.2772E+01   
 2.3537E+02    4.8138E+01    5.4307E+01    1.9779E+01    1.6456E+01    1.7065E+01    7.4253E+01    5.0802E+01    1.4560E+01    4.4275E+00    1.6216E+01    1.5182E+01    1.2800E+01   
 2.3647E+02    4.8155E+01    5.4310E+01    1.9812E+01    1.6470E+01    1.7092E+01    7.4244E+01    5.0796E+01    1.4606E+01    4.4479E+00    1.6237E+01    1.5206E+01    1.2772E+01   
 2.3757E+02    4.8144E+01    5.4313E+01    1.9816E+01    1.6499E+01    1.7115E+01    7.4224E+01    5.0833E+01    1.4629E+01    4.4479E+00    1.6237E+01    1.5462E+01    1.2800E+01   
 2.3866E+02    4.8157E+01    5.4328E+01    1.9750E+01    1.6485E+01    1.7140E+01    7.4199E+01    5.0867E+01    1.4683E+01    4.4479E+00    1.6278E+01    1.5219E+01    1.2715E+01   
 2.3981E+02    4.8154E+01    5.4341E+01    1.9733E+01    1.6579E+01    1.7155E+01    7.4159E+01    5.0910E+01    1.4712E+01    4.4479E+00    1.6278E+01    1.5182E+01    1.2800E+01   
 2.4090E+02    4.8137E+01    5.4337E+01    1.9783E+01    1.6526E+01    1.7166E+01    7.4151E+01    5.0936E+01    1.4742E+01    4.4886E+00    1.6400E+01    1.5219E+01    1.2772E+01   
 2.4201E+02    4.8146E+01    5.4349E+01    1.9767E+01    1.6519E+01    1.7174E+01    7.4164E+01    5.1000E+01    1.4787E+01    4.4683E+00    1.6237E+01    1.5535E+01    1.2800E+01   
 2.4310E+02    4.8142E+01    5.4350E+01    1.9708E+01    1.6517E+01    1.7163E+01    7.4134E+01    5.1009E+01    1.4823E+01    4.4479E+00    1.6257E+01    1.5511E+01    1.2772E+01   
 2.4418E+02    4.8122E+01    5.4331E+01    1.9688E+01    1.6609E+01    1.7129E+01    7.4127E+01    5.1009E+01    1.4885E+01    4.4479E+00    1.6318E+01    1.5584E+01    1.2772E+01   
 2.4526E+02    4.8138E+01    5.4349E+01    1.9689E+01    1.6548E+01    1.7087E+01    7.4125E+01    5.1011E+01    1.4908E+01    4.4275E+00    1.6237E+01    1.5450E+01    1.2857E+01   
 2.4635E+02    4.8125E+01    5.4333E+01    1.9738E+01    1.6573E+01    1.6997E+01    7.4125E+01    5.1045E+01    1.4940E+01    4.4886E+00    1.6298E+01    1.5145E+01    1.2715E+01   
 2.4743E+02    4.8152E+01    5.4349E+01    1.9712E+01    1.6662E+01    1.6968E+01    7.4151E+01    5.1069E+01    1.4986E+01    4.4683E+00    1.6257E+01    1.5170E+01    1.2829E+01   
 2.4852E+02    4.8129E+01    5.4349E+01    1.9707E+01    1.6612E+01    1.6813E+01    7.4148E+01    5.1093E+01    1.5031E+01    4.4683E+00    1.6278E+01    1.5389E+01    1.2800E+01   
 2.4960E+02    4.8148E+01    5.4340E+01    1.9727E+01    1.6606E+01    1.6612E+01    7.4144E+01    5.1075E+01    1.5094E+01    4.4886E+00    1.6318E+01    1.5645E+01    1.2744E+01   
 2.5068E+02    4.8145E+01    5.4351E+01    1.9708E+01    1.6666E+01    1.6497E+01    7.4123E+01    5.1099E+01    1.5103E+01    4.5294E+00    1.6257E+01    1.5170E+01    1.2744E+01   
 2.5176E+02    4.8126E+01    5.4357E+01    1.9684E+01    1.6664E+01    1.6217E+01    7.4105E+01    5.1094E+01    1.5119E+01    4.5090E+00    1.6257E+01    1.5255E+01    1.2772E+01   
 2.5284E+02    4.8147E+01    5.4354E+01    1.9665E+01    1.6719E+01    1.5898E+01    7.4087E+01    5.1127E+01    1.5146E+01    4.5090E+00    1.6400E+01    1.5243E+01    1.2829E+01   
 2.5393E+02    4.8154E+01    5.4371E+01    1.9722E+01    1.6686E+01    1.5378E+01    7.4114E+01    5.1133E+01    1.5133E+01    4.5090E+00    1.6298E+01    1.5316E+01    1.2772E+01   
 2.5502E+02    4.8142E+01    5.4384E+01    1.9784E+01    1.6636E+01    1.5140E+01    7.4116E+01    5.1140E+01    1.5144E+01    4.4886E+00    1.6359E+01    1.5645E+01    1.2772E+01   
 2.5611E+02    4.8167E+01    5.4405E+01    1.9708E+01    1.6710E+01    1.4732E+01    7.4114E+01    5.1124E+01    1.5126E+01    4.4886E+00    1.6359E+01    1.5572E+01    1.2772E+01   
 2.5719E+02    4.8144E+01    5.4400E+01    1.9704E+01    1.6743E+01    1.4393E+01    7.4100E+01    5.1133E+01    1.5128E+01    4.4683E+00    1.6380E+01    1.5219E+01    1.2715E+01   
 2.5827E+02    4.8171E+01    5.4429E+01    1.9694E+01    1.6734E+01    1.4254E+01    7.4085E+01    5.1095E+01    1.5090E+01    4.4683E+00    1.6380E+01    1.5206E+01    1.2800E+01   
 2.5935E+02    4.8161E+01    5.4458E+01    1.9688E+01    1.6728E+01    1.3984E+01    7.4095E+01    5.1022E+01    1.5059E+01    4.4683E+00    1.6400E+01    1.5730E+01    1.2800E+01   
 2.6043E+02    4.8187E+01    5.4497E+01    1.9706E+01    1.6673E+01    1.3754E+01    7.4091E+01    5.0903E+01    1.4993E+01    4.4479E+00    1.6380E+01    1.5377E+01    1.2744E+01   
# Time (s)      T1w (C)       T2w (C)       T1a (C)       T2a (C)       T1r (C)       T2r (C)       T3r (C)       T4r (C)       P1 (bar)      P2 (bar)      Pow (W/100)      Qc (l/min)    
 2.6151E+02    4.8196E+01    5.4498E+01    1.9696E+01    1.6758E+01    1.3543E+01    7.4072E+01    5.0841E+01    1.4910E+01    4.4683E+00    1.6461E+01    1.5450E+01    1.2715E+01   
 2.6259E+02    4.8216E+01    5.4524E+01    1.9756E+01    1.6651E+01    1.3455E+01    7.4034E+01    5.0723E+01    1.4878E+01    4.4479E+00    1.6420E+01    1.5292E+01    1.2800E+01   
 2.6368E+02    4.8223E+01    5.4563E+01    1.9762E+01    1.6644E+01    1.3291E+01    7.4019E+01    5.0583E+01    1.4781E+01    4.4479E+00    1.6502E+01    1.5231E+01    1.2744E+01   
 2.6477E+02    4.8217E+01    5.4594E+01    1.9836E+01    1.6645E+01    1.3137E+01    7.4020E+01    5.0531E+01    1.4719E+01    4.4275E+00    1.6461E+01    1.5194E+01    1.2687E+01   
 2.6588E+02    4.8239E+01    5.4610E+01    1.9823E+01    1.6621E+01    1.3000E+01    7.4020E+01    5.0435E+01    1.4657E+01    4.4275E+00    1.6522E+01    1.5340E+01    1.2800E+01   
 2.6698E+02    4.8231E+01    5.4616E+01    1.9855E+01    1.6590E+01    1.2922E+01    7.4081E+01    5.0297E+01    1.4613E+01    4.4479E+00    1.6584E+01    1.5608E+01    1.2829E+01   
 2.6807E+02    4.8233E+01    5.4607E+01    1.9823E+01    1.6508E+01    1.2791E+01    7.4070E+01    5.0131E+01    1.4541E+01    4.4275E+00    1.6420E+01    1.5450E+01    1.2800E+01   
 2.6923E+02    4.8229E+01    5.4637E+01    1.9771E+01    1.6512E+01    1.2654E+01    7.4073E+01    4.9990E+01    1.4431E+01    4.3868E+00    1.6441E+01    1.5267E+01    1.2744E+01   
 2.7032E+02    4.8223E+01    5.4622E+01    1.9757E+01    1.6510E+01    1.2545E+01    7.4076E+01    4.9869E+01    1.4330E+01    4.3868E+00    1.6482E+01    1.5194E+01    1.2772E+01   
 2.7142E+02    4.8217E+01    5.4639E+01    1.9758E+01    1.6425E+01    1.2480E+01    7.4068E+01    4.9696E+01    1.4228E+01    4.3868E+00    1.6461E+01    1.5694E+01    1.2772E+01   
 2.7250E+02    4.8232E+01    5.4646E+01    1.9790E+01    1.6351E+01    1.2379E+01    7.4121E+01    4.9532E+01    1.4195E+01    4.3664E+00    1.6522E+01    1.5243E+01    1.2800E+01   
 2.7359E+02    4.8215E+01    5.4652E+01    1.9795E+01    1.6275E+01    1.2320E+01    7.4140E+01    4.9459E+01    1.4117E+01    4.3868E+00    1.6482E+01    1.5267E+01    1.2772E+01   
 2.7468E+02    4.8223E+01    5.4672E+01    1.9787E+01    1.6251E+01    1.2282E+01    7.4199E+01    4.9307E+01    1.3994E+01    4.3460E+00    1.6543E+01    1.5219E+01    1.2772E+01   
 2.7576E+02    4.8213E+01    5.4663E+01    1.9893E+01    1.6257E+01    1.2274E+01    7.4253E+01    4.9147E+01    1.3940E+01    4.3257E+00    1.6461E+01    1.5219E+01    1.2857E+01   
 2.7685E+02    4.8221E+01    5.4664E+01    1.9849E+01    1.6120E+01    1.2244E+01    7.4315E+01    4.8993E+01    1.3826E+01    4.3257E+00    1.6522E+01    1.5279E+01    1.2687E+01   
 2.7793E+02    4.8224E+01    5.4659E+01    1.9785E+01    1.6083E+01    1.2281E+01    7.4345E+01    4.8910E+01    1.3721E+01    4.3053E+00    1.6584E+01    1.5669E+01    1.2744E+01   
 2.7901E+02    4.8240E+01    5.4661E+01    1.9793E+01    1.6055E+01    1.2318E+01    7.4409E+01    4.8759E+01    1.3653E+01    4.2849E+00    1.6604E+01    1.5219E+01    1.2800E+01   
 2.8009E+02    4.8242E+01    5.4646E+01    1.9810E+01    1.6005E+01    1.2421E+01    7.4441E+01    4.8654E+01    1.3609E+01    4.2442E+00    1.6584E+01    1.5133E+01    1.2744E+01   
 2.8117E+02    4.8248E+01    5.4634E+01    1.9817E+01    1.5905E+01    1.2551E+01    7.4440E+01    4.8565E+01    1.3526E+01    4.2645E+00    1.6400E+01    1.5121E+01    1.2715E+01   
 2.8226E+02    4.8272E+01    5.4644E+01    1.9880E+01    1.5925E+01    1.2690E+01    7.4426E+01    4.8519E+01    1.3493E+01    4.2238E+00    1.6400E+01    1.5085E+01    1.2800E+01   
 2.8336E+02    4.8295E+01    5.4624E+01    1.9806E+01    1.5984E+01    1.2771E+01    7.4447E+01    4.8479E+01    1.3421E+01    4.2442E+00    1.6522E+01    1.5109E+01    1.2829E+01   
 2.8445E+02    4.8326E+01    5.4608E+01    1.9885E+01    1.5884E+01    1.2945E+01    7.4499E+01    4.8463E+01    1.3389E+01    4.2238E+00    1.6318E+01    1.5072E+01    1.2744E+01   
 2.8553E+02    4.8325E+01    5.4605E+01    1.9951E+01    1.5858E+01    1.3121E+01    7.4548E+01    4.8463E+01    1.3353E+01    4.2238E+00    1.6318E+01    1.5426E+01    1.2772E+01   
 2.8661E+02    4.8338E+01    5.4576E+01    2.0265E+01    1.5985E+01    1.3323E+01    7.4656E+01    4.8439E+01    1.3368E+01    4.2238E+00    1.6420E+01    1.5548E+01    1.2829E+01   
 2.8770E+02    4.8327E+01    5.4526E+01    2.0248E+01    1.5959E+01    1.3406E+01    7.4771E+01    4.8482E+01    1.3351E+01    4.2238E+00    1.6420E+01    1.5097E+01    1.2744E+01   
 2.8878E+02    4.8301E+01    5.4465E+01    2.0158E+01    1.5976E+01    1.3595E+01    7.4823E+01    4.8530E+01    1.3363E+01    4.2034E+00    1.6339E+01    1.5011E+01    1.2772E+01   
 2.8986E+02    4.8302E+01    5.4451E+01    2.0147E+01    1.5874E+01    1.3766E+01    7.4891E+01    4.8541E+01    1.3355E+01    4.2238E+00    1.6298E+01    1.4999E+01    1.2772E+01   
 2.9095E+02    4.8319E+01    5.4425E+01    2.0319E+01    1.5915E+01    1.3864E+01    7.4959E+01    4.8598E+01    1.3370E+01    4.2034E+00    1.6278E+01    1.5377E+01    1.2772E+01   
 2.9204E+02    4.8300E+01    5.4407E+01    2.0223E+01    1.5894E+01    1.4037E+01    7.4991E+01    4.8712E+01    1.3393E+01    4.2238E+00    1.6318E+01    1.5499E+01    1.2772E+01   
 2.9314E+02    4.8337E+01    5.4396E+01    2.0174E+01    1.5870E+01    1.4219E+01    7.5023E+01    4.8833E+01    1.3421E+01    4.2238E+00    1.6298E+01    1.5267E+01    1.2687E+01   
# Time (s)      T1w (C)       T2w (C)       T1a (C)       T2a (C)       T1r (C)       T2r (C)       T3r (C)       T4r (C)       P1 (bar)      P2 (bar)      Pow (W/100)      Qc (l/min)    
 2.9424E+02    4.8307E+01    5.4380E+01    2.0165E+01    1.5831E+01    1.4397E+01    7.5086E+01    4.8926E+01    1.3469E+01    4.2442E+00    1.6339E+01    1.5072E+01    1.2800E+01   
 2.9533E+02    4.8337E+01    5.4370E+01    2.0092E+01    1.5798E+01    1.4495E+01    7.5129E+01    4.9048E+01    1.3511E+01    4.2238E+00    1.6318E+01    1.5097E+01    1.2772E+01   
 2.9649E+02    4.8338E+01    5.4373E+01    2.0286E+01    1.5873E+01    1.4640E+01    7.5103E+01    4.9161E+01    1.3512E+01    4.2442E+00    1.6237E+01    1.5389E+01    1.2800E+01   
 2.9758E+02    4.8339E+01    5.4363E+01    2.0187E+01    1.5876E+01    1.4795E+01    7.5081E+01    4.9298E+01    1.3528E+01    4.2645E+00    1.6278E+01    1.5048E+01    1.2772E+01   
 2.9866E+02    4.8366E+01    5.4372E+01    2.0188E+01    1.5965E+01    1.4943E+01    7.5073E+01    4.9371E+01    1.3544E+01    4.2645E+00    1.6196E+01    1.5036E+01    1.2829E+01   
 2.9974E+02    4.8369E+01    5.4377E+01    2.0150E+01    1.5967E+01    1.5023E+01    7.5032E+01    4.9528E+01    1.3596E+01    4.2442E+00    1.6278E+01    1.5121E+01    1.2800E+01   
 3.0083E+02    4.8387E+01    5.4406E+01    2.0203E+01    1.6033E+01    1.5159E+01    7.5037E+01    4.9663E+01    1.3618E+01    4.2645E+00    1.6257E+01    1.5072E+01    1.2772E+01   
 3.0190E+02    4.8406E+01    5.4412E+01    2.0145E+01    1.6056E+01    1.5290E+01    7.5027E+01    4.9750E+01    1.3655E+01    4.2645E+00    1.6359E+01    1.5194E+01    1.2744E+01   
 3.0299E+02    4.8397E+01    5.4407E+01    1.9950E+01    1.5938E+01    1.5426E+01    7.5066E+01    4.9909E+01    1.3683E+01    4.2442E+00    1.6216E+01    1.5158E+01    1.2772E+01   
 3.0408E+02    4.8407E+01    5.4394E+01    2.0065E+01    1.6048E+01    1.5491E+01    7.5032E+01    5.0021E+01    1.3706E+01    4.2442E+00    1.6237E+01    1.5548E+01    1.2715E+01   
 3.0516E+02    4.8395E+01    5.4401E+01    2.0178E+01    1.5982E+01    1.5608E+01    7.4972E+01    5.0146E+01    1.3741E+01    4.2849E+00    1.6257E+01    1.5072E+01    1.2772E+01   
 3.0624E+02    4.8417E+01    5.4415E+01    2.0283E+01    1.6090E+01    1.5746E+01    7.4991E+01    5.0217E+01    1.3786E+01    4.3053E+00    1.6237E+01    1.5085E+01    1.2829E+01   
 3.0732E+02    4.8429E+01    5.4440E+01    2.0060E+01    1.6080E+01    1.5805E+01    7.4943E+01    5.0339E+01    1.3823E+01    4.2849E+00    1.6237E+01    1.5316E+01    1.2800E+01   
 3.0840E+02    4.8430E+01    5.4430E+01    2.0189E+01    1.6138E+01    1.5899E+01    7.4929E+01    5.0461E+01    1.3868E+01    4.2849E+00    1.6441E+01    1.5060E+01    1.2800E+01   
 3.0950E+02    4.8447E+01    5.4456E+01    2.0079E+01    1.6164E+01    1.6020E+01    7.4875E+01    5.0572E+01    1.3918E+01    4.3053E+00    1.6257E+01    1.5109E+01    1.2744E+01   
 3.1059E+02    4.8457E+01    5.4459E+01    2.0280E+01    1.6313E+01    1.6081E+01    7.4831E+01    5.0599E+01    1.3933E+01    4.3257E+00    1.6420E+01    1.5255E+01    1.2772E+01   
 3.1168E+02    4.8469E+01    5.4465E+01    2.0177E+01    1.6304E+01    1.6111E+01    7.4841E+01    5.0673E+01    1.3993E+01    4.3460E+00    1.6257E+01    1.5206E+01    1.2800E+01   
 3.1277E+02    4.8464E+01    5.4474E+01    2.0219E+01    1.6300E+01    1.6186E+01    7.4810E+01    5.0717E+01    1.3999E+01    4.3460E+00    1.6216E+01    1.5584E+01    1.2772E+01   
 3.1385E+02    4.8481E+01    5.4509E+01    2.0226E+01    1.6349E+01    1.6253E+01    7.4770E+01    5.0747E+01    1.4024E+01    4.3664E+00    1.6339E+01    1.5121E+01    1.2857E+01   
 3.1493E+02    4.8463E+01    5.4496E+01    2.0161E+01    1.6301E+01    1.6344E+01    7.4812E+01    5.0807E+01    1.4039E+01    4.3664E+00    1.6400E+01    1.5121E+01    1.2800E+01   
 3.1601E+02    4.8449E+01    5.4507E+01    2.0316E+01    1.6208E+01    1.6382E+01    7.4832E+01    5.0853E+01    1.4077E+01    4.3460E+00    1.6318E+01    1.5304E+01    1.2857E+01   
 3.1709E+02    4.8456E+01    5.4494E+01    2.0241E+01    1.6332E+01    1.6454E+01    7.4848E+01    5.0896E+01    1.4096E+01    4.3664E+00    1.6502E+01    1.5645E+01    1.2885E+01   
 3.1817E+02    4.8439E+01    5.4517E+01    2.0303E+01    1.6338E+01    1.6546E+01    7.4812E+01    5.0900E+01    1.4129E+01    4.3460E+00    1.6298E+01    1.5474E+01    1.2857E+01   
 3.1926E+02    4.8463E+01    5.4557E+01    2.0297E+01    1.6365E+01    1.6583E+01    7.4748E+01    5.0943E+01    1.4158E+01    4.4071E+00    1.6482E+01    1.5182E+01    1.2772E+01   
 3.2035E+02    4.8482E+01    5.4571E+01    2.0213E+01    1.6388E+01    1.6629E+01    7.4754E+01    5.0952E+01    1.4181E+01    4.3868E+00    1.6380E+01    1.5170E+01    1.2857E+01   
 3.2145E+02    4.8503E+01    5.4591E+01    2.0177E+01    1.6396E+01    1.6702E+01    7.4758E+01    5.0995E+01    1.4213E+01    4.3868E+00    1.6420E+01    1.5389E+01    1.2772E+01   
 3.2254E+02    4.8518E+01    5.4633E+01    2.0132E+01    1.6352E+01    1.6747E+01    7.4738E+01    5.1032E+01    1.4261E+01    4.4071E+00    1.6257E+01    1.5645E+01    1.2857E+01   
 3.2364E+02    4.8531E+01    5.4631E+01    2.0162E+01    1.6490E+01    1.6784E+01    7.4733E+01    5.1060E+01    1.4291E+01    4.4275E+00    1.6318E+01    1.5669E+01    1.2800E+01   
 3.2474E+02    4.8520E+01    5.4622E+01    2.0111E+01    1.6384E+01    1.6828E+01    7.4748E+01    5.1063E+01    1.4292E+01    4.4275E+00    1.6359E+01    1.5255E+01    1.2829E+01   
 3.2588E+02    4.8525E+01    5.4645E+01    2.0105E+01    1.6480E+01    1.6870E+01    7.4711E+01    5.1086E+01    1.4345E+01    4.4275E+00    1.6461E+01    1.5401E+01    1.2772E+01   
# Time (s)      T1w (C)       T2w (C)       T1a (C)       T2a (C)       T1r (C)       T2r (C)       T3r (C)       T4r (C)       P1 (bar)      P2 (bar)      Pow (W/100)      Qc (l/min)    
 3.2698E+02    4.8517E+01    5.4656E+01    2.0099E+01    1.6491E+01    1.6896E+01    7.4701E+01    5.1065E+01    1.4395E+01    4.4071E+00    1.6400E+01    1.5279E+01    1.2772E+01   
 3.2807E+02    4.8536E+01    5.4655E+01    2.0132E+01    1.6483E+01    1.6922E+01    7.4656E+01    5.1093E+01    1.4441E+01    4.4275E+00    1.6482E+01    1.5377E+01    1.2800E+01   
 3.2916E+02    4.8545E+01    5.4655E+01    2.0112E+01    1.6541E+01    1.6969E+01    7.4684E+01    5.1103E+01    1.4449E+01    4.4275E+00    1.6482E+01    1.5267E+01    1.2715E+01   
 3.3024E+02    4.8550E+01    5.4661E+01    2.0090E+01    1.6490E+01    1.7004E+01    7.4701E+01    5.1110E+01    1.4497E+01    4.4479E+00    1.6420E+01    1.5194E+01    1.2744E+01   
 3.3132E+02    4.8550E+01    5.4670E+01    1.9951E+01    1.6529E+01    1.7022E+01    7.4669E+01    5.1103E+01    1.4513E+01    4.4479E+00    1.6420E+01    1.5182E+01    1.2744E+01   
 3.3240E+02    4.8547E+01    5.4685E+01    2.0012E+01    1.6582E+01    1.7019E+01    7.4643E+01    5.1130E+01    1.4531E+01    4.4683E+00    1.6339E+01    1.5535E+01    1.2772E+01   
 3.3348E+02    4.8559E+01    5.4704E+01    2.0036E+01    1.6626E+01    1.7062E+01    7.4592E+01    5.1150E+01    1.4552E+01    4.4683E+00    1.6339E+01    1.5669E+01    1.2829E+01   
 3.3456E+02    4.8539E+01    5.4701E+01    2.0044E+01    1.6625E+01    1.7101E+01    7.4596E+01    5.1154E+01    1.4597E+01    4.4479E+00    1.6359E+01    1.5377E+01    1.2800E+01   
 3.3564E+02    4.8530E+01    5.4690E+01    2.0088E+01    1.6644E+01    1.7114E+01    7.4548E+01    5.1161E+01    1.4641E+01    4.4683E+00    1.6400E+01    1.5206E+01    1.2715E+01   
 3.3672E+02    4.8533E+01    5.4687E+01    1.9937E+01    1.6612E+01    1.7144E+01    7.4535E+01    5.1194E+01    1.4657E+01    4.4683E+00    1.6380E+01    1.5316E+01    1.2715E+01   
 3.3781E+02    4.8526E+01    5.4700E+01    1.9918E+01    1.6599E+01    1.7167E+01    7.4503E+01    5.1227E+01    1.4695E+01    4.4886E+00    1.6441E+01    1.5365E+01    1.2829E+01   
 3.3890E+02    4.8531E+01    5.4705E+01    1.9902E+01    1.6663E+01    1.7178E+01    7.4503E+01    5.1228E+01    1.4751E+01    4.4886E+00    1.6461E+01    1.5365E+01    1.2857E+01   
 3.3999E+02    4.8529E+01    5.4708E+01    1.9807E+01    1.6609E+01    1.7185E+01    7.4562E+01    5.1231E+01    1.4795E+01    4.4886E+00    1.6400E+01    1.5730E+01    1.2715E+01   
 3.4107E+02    4.8524E+01    5.4709E+01    1.9841E+01    1.6700E+01    1.7164E+01    7.4550E+01    5.1273E+01    1.4822E+01    4.4886E+00    1.6400E+01    1.5243E+01    1.2772E+01   
 3.4215E+02    4.8515E+01    5.4700E+01    1.9839E+01    1.6708E+01    1.7135E+01    7.4571E+01    5.1252E+01    1.4837E+01    4.4886E+00    1.6400E+01    1.5219E+01    1.2800E+01   
 3.4323E+02    4.8520E+01    5.4704E+01    1.9838E+01    1.6631E+01    1.7059E+01    7.4653E+01    5.1278E+01    1.4855E+01    4.4479E+00    1.6380E+01    1.5438E+01    1.2800E+01   
 3.4431E+02    4.8521E+01    5.4711E+01    1.9855E+01    1.6560E+01    1.7032E+01    7.4712E+01    5.1313E+01    1.4900E+01    4.4683E+00    1.6359E+01    1.5706E+01    1.2744E+01   
 3.4539E+02    4.8511E+01    5.4711E+01    1.9832E+01    1.6627E+01    1.6928E+01    7.4767E+01    5.1353E+01    1.4958E+01    4.4886E+00    1.6502E+01    1.5511E+01    1.2687E+01   
 3.4648E+02    4.8523E+01    5.4731E+01    1.9802E+01    1.6725E+01    1.6785E+01    7.4804E+01    5.1355E+01    1.5020E+01    4.4886E+00    1.6420E+01    1.5414E+01    1.2857E+01   
 3.4757E+02    4.8514E+01    5.4703E+01    1.9768E+01    1.6774E+01    1.6707E+01    7.4843E+01    5.1401E+01    1.5070E+01    4.5294E+00    1.6441E+01    1.5267E+01    1.2829E+01   
 3.4866E+02    4.8493E+01    5.4705E+01    1.9796E+01    1.6655E+01    1.6523E+01    7.4811E+01    5.1416E+01    1.5106E+01    4.5090E+00    1.6563E+01    1.5779E+01    1.2715E+01   
 3.4975E+02    4.8481E+01    5.4688E+01    1.9781E+01    1.6683E+01    1.6163E+01    7.4790E+01    5.1440E+01    1.5111E+01    4.5090E+00    1.6420E+01    1.5267E+01    1.2772E+01   
 3.5085E+02    4.8479E+01    5.4708E+01    1.9806E+01    1.6740E+01    1.5478E+01    7.4758E+01    5.1434E+01    1.5157E+01    4.5090E+00    1.6441E+01    1.5267E+01    1.2772E+01   
 3.5194E+02    4.8496E+01    5.4727E+01    1.9786E+01    1.6786E+01    1.5221E+01    7.4696E+01    5.1421E+01    1.5184E+01    4.4886E+00    1.6461E+01    1.5255E+01    1.2829E+01   
 3.5306E+02    4.8522E+01    5.4739E+01    1.9781E+01    1.6788E+01    1.4799E+01    7.4657E+01    5.1451E+01    1.5166E+01    4.5090E+00    1.6461E+01    1.5377E+01    1.2772E+01   
 3.5415E+02    4.8526E+01    5.4786E+01    1.9788E+01    1.6756E+01    1.4479E+01    7.4637E+01    5.1387E+01    1.5154E+01    4.5090E+00    1.6441E+01    1.5694E+01    1.2715E+01   
 3.5530E+02    4.8533E+01    5.4803E+01    1.9762E+01    1.6852E+01    1.4209E+01    7.4604E+01    5.1371E+01    1.5149E+01    4.4683E+00    1.6563E+01    1.5414E+01    1.2772E+01   
 3.5639E+02    4.8538E+01    5.4828E+01    1.9777E+01    1.6840E+01    1.4086E+01    7.4552E+01    5.1322E+01    1.5106E+01    4.4683E+00    1.6543E+01    1.5316E+01    1.2772E+01   
 3.5748E+02    4.8551E+01    5.4839E+01    1.9851E+01    1.6769E+01    1.3854E+01    7.4560E+01    5.1238E+01    1.5068E+01    4.4683E+00    1.6502E+01    1.5292E+01    1.2829E+01   
 3.5857E+02    4.8553E+01    5.4873E+01    2.0057E+01    1.6803E+01    1.3640E+01    7.4548E+01    5.1101E+01    1.5011E+01    4.4479E+00    1.6522E+01    1.5523E+01    1.2885E+01   
# Time (s)      T1w (C)       T2w (C)       T1a (C)       T2a (C)       T1r (C)       T2r (C)       T3r (C)       T4r (C)       P1 (bar)      P2 (bar)      Pow (W/100)      Qc (l/min)    
 3.5966E+02    4.8559E+01    5.4898E+01    2.0246E+01    1.6777E+01    1.3414E+01    7.4486E+01    5.1040E+01    1.4911E+01    4.4683E+00    1.6645E+01    1.5803E+01    1.2744E+01   
 3.6074E+02    4.8567E+01    5.4935E+01    2.0290E+01    1.6713E+01    1.3313E+01    7.4470E+01    5.0941E+01    1.4846E+01    4.4479E+00    1.6604E+01    1.5633E+01    1.2744E+01   
 3.6182E+02    4.8556E+01    5.4949E+01    2.0160E+01    1.6687E+01    1.3149E+01    7.4424E+01    5.0802E+01    1.4810E+01    4.4275E+00    1.6706E+01    1.5353E+01    1.2800E+01   
 3.6290E+02    4.8583E+01    5.4954E+01    2.0169E+01    1.6694E+01    1.2989E+01    7.4434E+01    5.0661E+01    1.4734E+01    4.4275E+00    1.6563E+01    1.5365E+01    1.2772E+01   
 3.6398E+02    4.8561E+01    5.4950E+01    1.9932E+01    1.6706E+01    1.2842E+01    7.4459E+01    5.0596E+01    1.4643E+01    4.4479E+00    1.6624E+01    1.5828E+01    1.2857E+01   
 3.6506E+02    4.8571E+01    5.4954E+01    2.0069E+01    1.6626E+01    1.2790E+01    7.4535E+01    5.0439E+01    1.4603E+01    4.4479E+00    1.6624E+01    1.5377E+01    1.2829E+01   
 3.6614E+02    4.8573E+01    5.4957E+01    2.0246E+01    1.6514E+01    1.2665E+01    7.4570E+01    5.0272E+01    1.4516E+01    4.4071E+00    1.6543E+01    1.5304E+01    1.2772E+01   
 3.6722E+02    4.8571E+01    5.4973E+01    2.0199E+01    1.6564E+01    1.2545E+01    7.4658E+01    5.0183E+01    1.4450E+01    4.3868E+00    1.6584E+01    1.5499E+01    1.2800E+01   
 3.6830E+02    4.8597E+01    5.5003E+01    2.0091E+01    1.6462E+01    1.2490E+01    7.4726E+01    4.9995E+01    1.4339E+01    4.4071E+00    1.6543E+01    1.5706E+01    1.2744E+01   
 3.6939E+02    4.8604E+01    5.5013E+01    2.0190E+01    1.6404E+01    1.2390E+01    7.4773E+01    4.9839E+01    1.4286E+01    4.3664E+00    1.6726E+01    1.5548E+01    1.2715E+01   
 3.7047E+02    4.8586E+01    5.5001E+01    2.0134E+01    1.6290E+01    1.2316E+01    7.4794E+01    4.9659E+01    1.4155E+01    4.3460E+00    1.6686E+01    1.5340E+01    1.2772E+01   
 3.7155E+02    4.8564E+01    5.5006E+01    2.0177E+01    1.6260E+01    1.2239E+01    7.4822E+01    4.9523E+01    1.4078E+01    4.3664E+00    1.6624E+01    1.5401E+01    1.2772E+01   
 3.7263E+02    4.8579E+01    5.5004E+01    2.0181E+01    1.6226E+01    1.2214E+01    7.4842E+01    4.9388E+01    1.3990E+01    4.3460E+00    1.6624E+01    1.5779E+01    1.2800E+01   
 3.7371E+02    4.8578E+01    5.5010E+01    2.0186E+01    1.6218E+01    1.2204E+01    7.4846E+01    4.9208E+01    1.3876E+01    4.3257E+00    1.6624E+01    1.5292E+01    1.2829E+01   
 3.7479E+02    4.8596E+01    5.5034E+01    2.0245E+01    1.6023E+01    1.2293E+01    7.4874E+01    4.9114E+01    1.3768E+01    4.2645E+00    1.6624E+01    1.5267E+01    1.2857E+01   
 3.7587E+02    4.8614E+01    5.5041E+01    2.0164E+01    1.6058E+01    1.2356E+01    7.4909E+01    4.8974E+01    1.3696E+01    4.2849E+00    1.6584E+01    1.5584E+01    1.2829E+01   
 3.7695E+02    4.8638E+01    5.5045E+01    2.0099E+01    1.5984E+01    1.2474E+01    7.4897E+01    4.8868E+01    1.3674E+01    4.2442E+00    1.6645E+01    1.5389E+01    1.2772E+01   
 3.7803E+02    4.8633E+01    5.5015E+01    2.0076E+01    1.5970E+01    1.2639E+01    7.4931E+01    4.8789E+01    1.3586E+01    4.2645E+00    1.6665E+01    1.5194E+01    1.2800E+01   
 3.7911E+02    4.8644E+01    5.5026E+01    2.0051E+01    1.5872E+01    1.2816E+01    7.4970E+01    4.8778E+01    1.3509E+01    4.2442E+00    1.6706E+01    1.5340E+01    1.2772E+01   
 3.8019E+02    4.8670E+01    5.4997E+01    2.0158E+01    1.6084E+01    1.2899E+01    7.5027E+01    4.8714E+01    1.3432E+01    4.2034E+00    1.6604E+01    1.5694E+01    1.2857E+01   
 3.8127E+02    4.8662E+01    5.4959E+01    2.0216E+01    1.5991E+01    1.3098E+01    7.5066E+01    4.8713E+01    1.3435E+01    4.2034E+00    1.6522E+01    1.5133E+01    1.2800E+01   
 3.8236E+02    4.8670E+01    5.4925E+01    2.0234E+01    1.5941E+01    1.3264E+01    7.5103E+01    4.8692E+01    1.3367E+01    4.2034E+00    1.6461E+01    1.5304E+01    1.2885E+01   
 3.8344E+02    4.8682E+01    5.4920E+01    2.0164E+01    1.5946E+01    1.3341E+01    7.5116E+01    4.8670E+01    1.3312E+01    4.2238E+00    1.6522E+01    1.5499E+01    1.2800E+01   
 3.8453E+02    4.8666E+01    5.4871E+01    2.0063E+01    1.5974E+01    1.3525E+01    7.5150E+01    4.8696E+01    1.3310E+01    4.2238E+00    1.6380E+01    1.5608E+01    1.2772E+01   
 3.8562E+02    4.8656E+01    5.4842E+01    2.0051E+01    1.5994E+01    1.3708E+01    7.5167E+01    4.8719E+01    1.3302E+01    4.2238E+00    1.6380E+01    1.5596E+01    1.2829E+01   
 3.8672E+02    4.8654E+01    5.4793E+01    1.9880E+01    1.5950E+01    1.3876E+01    7.5228E+01    4.8755E+01    1.3310E+01    4.2238E+00    1.6380E+01    1.5560E+01    1.2800E+01   
 3.8782E+02    4.8660E+01    5.4798E+01    1.9930E+01    1.5959E+01    1.3947E+01    7.5243E+01    4.8824E+01    1.3296E+01    4.2238E+00    1.6339E+01    1.5438E+01    1.2800E+01   
 3.8895E+02    4.8665E+01    5.4756E+01    2.0060E+01    1.5949E+01    1.4130E+01    7.5281E+01    4.8895E+01    1.3316E+01    4.2238E+00    1.6380E+01    1.5121E+01    1.2772E+01   
 3.9005E+02    4.8650E+01    5.4730E+01    1.9991E+01    1.5894E+01    1.4287E+01    7.5266E+01    4.9026E+01    1.3316E+01    4.2034E+00    1.6441E+01    1.5255E+01    1.2772E+01   
 3.9114E+02    4.8643E+01    5.4714E+01    2.0053E+01    1.5833E+01    1.4447E+01    7.5277E+01    4.9100E+01    1.3368E+01    4.2034E+00    1.6441E+01    1.5231E+01    1.2744E+01   
# Time (s)      T1w (C)       T2w (C)       T1a (C)       T2a (C)       T1r (C)       T2r (C)       T3r (C)       T4r (C)       P1 (bar)      P2 (bar)      Pow (W/100)      Qc (l/min)    
 3.9222E+02    4.8650E+01    5.4711E+01    2.0066E+01    1.5849E+01    1.4517E+01    7.5233E+01    4.9238E+01    1.3381E+01    4.2442E+00    1.6359E+01    1.5340E+01    1.2715E+01   
 3.9330E+02    4.8641E+01    5.4703E+01    2.0000E+01    1.5899E+01    1.4670E+01    7.5203E+01    4.9396E+01    1.3407E+01    4.2238E+00    1.6359E+01    1.5608E+01    1.2744E+01   
 3.9438E+02    4.8643E+01    5.4708E+01    2.0112E+01    1.5894E+01    1.4832E+01    7.5182E+01    4.9563E+01    1.3454E+01    4.2442E+00    1.6461E+01    1.5608E+01    1.2772E+01   
 3.9547E+02    4.8670E+01    5.4689E+01    2.0155E+01    1.5934E+01    1.4978E+01    7.5140E+01    4.9633E+01    1.3487E+01    4.2238E+00    1.6318E+01    1.5328E+01    1.2829E+01   
 3.9656E+02    4.8689E+01    5.4714E+01    2.0045E+01    1.6005E+01    1.5048E+01    7.5104E+01    4.9786E+01    1.3552E+01    4.2442E+00    1.6482E+01    1.5182E+01    1.2829E+01   
 3.9765E+02    4.8691E+01    5.4752E+01    2.0211E+01    1.6112E+01    1.5199E+01    7.5058E+01    4.9941E+01    1.3581E+01    4.2442E+00    1.6502E+01    1.5085E+01    1.2800E+01   
 3.9872E+02    4.8716E+01    5.4756E+01    2.0156E+01    1.6116E+01    1.5346E+01    7.5043E+01    5.0016E+01    1.3622E+01    4.2442E+00    1.6441E+01    1.5328E+01    1.2857E+01   
 3.9980E+02    4.8707E+01    5.4741E+01    2.0077E+01    1.6138E+01    1.5426E+01    7.5029E+01    5.0164E+01    1.3669E+01    4.2442E+00    1.6441E+01    1.5474E+01    1.2772E+01   
 4.0089E+02    4.8704E+01    5.4742E+01    1.9923E+01    1.6155E+01    1.5525E+01    7.4979E+01    5.0302E+01    1.3666E+01    4.2849E+00    1.6400E+01    1.5304E+01    1.2772E+01   
 4.0197E+02    4.8722E+01    5.4748E+01    1.9883E+01    1.6171E+01    1.5662E+01    7.4972E+01    5.0456E+01    1.3727E+01    4.2645E+00    1.6441E+01    1.5377E+01    1.2744E+01   
 4.0306E+02    4.8700E+01    5.4736E+01    1.9869E+01    1.6120E+01    1.5772E+01    7.4951E+01    5.0542E+01    1.3759E+01    4.2849E+00    1.6380E+01    1.5194E+01    1.2913E+01   
 4.0415E+02    4.8718E+01    5.4724E+01    1.9996E+01    1.6204E+01    1.5833E+01    7.4960E+01    5.0606E+01    1.3811E+01    4.3053E+00    1.6441E+01    1.5219E+01    1.2829E+01   
 4.0523E+02    4.8695E+01    5.4724E+01    2.0032E+01    1.6259E+01    1.5923E+01    7.4967E+01    5.0730E+01    1.3819E+01    4.3053E+00    1.6400E+01    1.5292E+01    1.2800E+01   
 4.0632E+02    4.8696E+01    5.4723E+01    1.9977E+01    1.6311E+01    1.6037E+01    7.4962E+01    5.0803E+01    1.3870E+01    4.3460E+00    1.6380E+01    1.5584E+01    1.2800E+01   
 4.0740E+02    4.8689E+01    5.4739E+01    1.9876E+01    1.6255E+01    1.6155E+01    7.5002E+01    5.0885E+01    1.3929E+01    4.3257E+00    1.6359E+01    1.5438E+01    1.2772E+01   
 4.0848E+02    4.8706E+01    5.4744E+01    1.9959E+01    1.6281E+01    1.6185E+01    7.5036E+01    5.0964E+01    1.3968E+01    4.3460E+00    1.6359E+01    1.5170E+01    1.2772E+01   
 4.0956E+02    4.8714E+01    5.4752E+01    1.9865E+01    1.6276E+01    1.6280E+01    7.5017E+01    5.1015E+01    1.3990E+01    4.3460E+00    1.6482E+01    1.5206E+01    1.2772E+01   
 4.1065E+02    4.8725E+01    5.4765E+01    1.9832E+01    1.6297E+01    1.6360E+01    7.4987E+01    5.1070E+01    1.4036E+01    4.3460E+00    1.6400E+01    1.5182E+01    1.2772E+01   
 4.1173E+02    4.8728E+01    5.4767E+01    1.9798E+01    1.6290E+01    1.6410E+01    7.5035E+01    5.1125E+01    1.4106E+01    4.3664E+00    1.6461E+01    1.5645E+01    1.2829E+01   
 4.1283E+02    4.8750E+01    5.4799E+01    1.9758E+01    1.6267E+01    1.6502E+01    7.5081E+01    5.1210E+01    1.4151E+01    4.3664E+00    1.6543E+01    1.5682E+01    1.2829E+01   
 4.1393E+02    4.8736E+01    5.4799E+01    1.9739E+01    1.6356E+01    1.6587E+01    7.5107E+01    5.1284E+01    1.4214E+01    4.3868E+00    1.6604E+01    1.5706E+01    1.2800E+01   
 4.1502E+02    4.8765E+01    5.4824E+01    1.9770E+01    1.6364E+01    1.6670E+01    7.5069E+01    5.1292E+01    1.4235E+01    4.3868E+00    1.6482E+01    1.5462E+01    1.2772E+01   
 4.1612E+02    4.8778E+01    5.4843E+01    1.9877E+01    1.6456E+01    1.6713E+01    7.5033E+01    5.1327E+01    1.4273E+01    4.3868E+00    1.6461E+01    1.5426E+01    1.2772E+01   
 4.1721E+02    4.8786E+01    5.4849E+01    1.9878E+01    1.6504E+01    1.6776E+01    7.4996E+01    5.1315E+01    1.4296E+01    4.3868E+00    1.6563E+01    1.5243E+01    1.2715E+01   
 4.1836E+02    4.8807E+01    5.4875E+01    1.9873E+01    1.6412E+01    1.6836E+01    7.4983E+01    5.1392E+01    1.4373E+01    4.3868E+00    1.6441E+01    1.5523E+01    1.2800E+01   
 4.1947E+02    4.8809E+01    5.4900E+01    1.9814E+01    1.6477E+01    1.6899E+01    7.4932E+01    5.1399E+01    1.4401E+01    4.4275E+00    1.6563E+01    1.5633E+01    1.2772E+01   
 4.2056E+02    4.8799E+01    5.4895E+01    1.9773E+01    1.6471E+01    1.6921E+01    7.4889E+01    5.1453E+01    1.4455E+01    4.4275E+00    1.6502E+01    1.5462E+01    1.2715E+01   
 4.2165E+02    4.8813E+01    5.4924E+01    1.9912E+01    1.6489E+01    1.6996E+01    7.4852E+01    5.1465E+01    1.4483E+01    4.4275E+00    1.6502E+01    1.5255E+01    1.2800E+01   
 4.2273E+02    4.8804E+01    5.4923E+01    1.9892E+01    1.6568E+01    1.7023E+01    7.4835E+01    5.1479E+01    1.4511E+01    4.4275E+00    1.6522E+01    1.5267E+01    1.2715E+01   
 4.2382E+02    4.8792E+01    5.4907E+01    1.9833E+01    1.6559E+01    1.7048E+01    7.4823E+01    5.1493E+01    1.4534E+01    4.4275E+00    1.6543E+01    1.5292E+01    1.2829E+01   
# Time (s)      T1w (C)       T2w (C)       T1a (C)       T2a (C)       T1r (C)       T2r (C)       T3r (C)       T4r (C)       P1 (bar)      P2 (bar)      Pow (W/100)      Qc (l/min)    
 4.2491E+02    4.8761E+01    5.4889E+01    1.9818E+01    1.6501E+01    1.7092E+01    7.4833E+01    5.1492E+01    1.4576E+01    4.4275E+00    1.6522E+01    1.5255E+01    1.2744E+01   
 4.2599E+02    4.8755E+01    5.4897E+01    1.9820E+01    1.6502E+01    1.7121E+01    7.4807E+01    5.1501E+01    1.4597E+01    4.4071E+00    1.6522E+01    1.5523E+01    1.2800E+01   
 4.2707E+02    4.8788E+01    5.4931E+01    1.9898E+01    1.6539E+01    1.7148E+01    7.4781E+01    5.1505E+01    1.4615E+01    4.4275E+00    1.6522E+01    1.5694E+01    1.2829E+01   
 4.2815E+02    4.8810E+01    5.4941E+01    2.0077E+01    1.6655E+01    1.7134E+01    7.4725E+01    5.1505E+01    1.4646E+01    4.4479E+00    1.6522E+01    1.5279E+01    1.2800E+01   
 4.2923E+02    4.8801E+01    5.4957E+01    1.9951E+01    1.6611E+01    1.7171E+01    7.4679E+01    5.1495E+01    1.4693E+01    4.4275E+00    1.6645E+01    1.5377E+01    1.2800E+01   
 4.3032E+02    4.8821E+01    5.4962E+01    1.9913E+01    1.6617E+01    1.7206E+01    7.4673E+01    5.1545E+01    1.4706E+01    4.4479E+00    1.6522E+01    1.5340E+01    1.2800E+01   
 4.3141E+02    4.8828E+01    5.4977E+01    1.9966E+01    1.6610E+01    1.7239E+01    7.4684E+01    5.1570E+01    1.4770E+01    4.4683E+00    1.6584E+01    1.5279E+01    1.2772E+01   
 4.3250E+02    4.8835E+01    5.4995E+01    1.9817E+01    1.6664E+01    1.7260E+01    7.4671E+01    5.1575E+01    1.4799E+01    4.4683E+00    1.6563E+01    1.5292E+01    1.2772E+01   
