# Run number 11 on Tue May 21 10:18:05 2024
# Time (s)      T1w (C)       T2w (C)       T1a (C)       T2a (C)       T1r (C)       T2r (C)       T3r (C)       T4r (C)       P1 (bar)      P2 (bar)      Pow (W/100)      Qc (l/min)    
 2.9024E-01    4.4850E+01    5.2415E+01    1.9816E+01    1.6134E+01    1.5942E+01    7.1311E+01    4.8809E+01    1.3814E+01    4.3460E+00    1.5462E+01    1.4646E+01    9.0216E+00   
 1.4356E+00    4.4830E+01    5.2424E+01    1.9768E+01    1.6201E+01    1.5984E+01    7.1280E+01    4.8814E+01    1.3847E+01    4.3257E+00    1.5482E+01    1.5036E+01    8.9974E+00   
 2.5316E+00    4.4841E+01    5.2414E+01    1.9740E+01    1.6128E+01    1.6039E+01    7.1269E+01    4.8833E+01    1.3848E+01    4.3460E+00    1.5421E+01    1.4743E+01    9.0216E+00   
 3.6357E+00    4.4828E+01    5.2425E+01    1.9723E+01    1.6182E+01    1.6096E+01    7.1238E+01    4.8838E+01    1.3871E+01    4.3664E+00    1.5441E+01    1.4719E+01    8.9974E+00   
 4.7308E+00    4.4829E+01    5.2428E+01    1.9754E+01    1.6210E+01    1.6128E+01    7.1212E+01    4.8893E+01    1.3916E+01    4.3868E+00    1.5482E+01    1.5060E+01    8.9731E+00   
 5.8231E+00    4.4847E+01    5.2455E+01    1.9755E+01    1.6200E+01    1.6213E+01    7.1173E+01    4.8907E+01    1.3973E+01    4.3460E+00    1.5645E+01    1.5011E+01    8.9974E+00   
 6.9163E+00    4.4884E+01    5.2471E+01    1.9908E+01    1.6298E+01    1.6240E+01    7.1159E+01    4.8937E+01    1.4002E+01    4.3664E+00    1.5584E+01    1.5145E+01    8.9731E+00   
 8.0125E+00    4.4890E+01    5.2510E+01    1.9830E+01    1.6302E+01    1.6270E+01    7.1124E+01    4.8974E+01    1.4002E+01    4.3460E+00    1.5523E+01    1.4938E+01    9.0216E+00   
 9.0996E+00    4.4880E+01    5.2494E+01    1.9775E+01    1.6256E+01    1.6311E+01    7.1109E+01    4.8990E+01    1.4062E+01    4.3664E+00    1.5605E+01    1.4914E+01    9.0216E+00   
 1.0188E+01    4.4855E+01    5.2475E+01    1.9705E+01    1.6253E+01    1.6334E+01    7.1116E+01    4.9043E+01    1.4087E+01    4.3460E+00    1.5523E+01    1.4792E+01    9.0216E+00   
 1.1269E+01    4.4842E+01    5.2472E+01    1.9616E+01    1.6290E+01    1.6361E+01    7.1119E+01    4.9069E+01    1.4151E+01    4.3868E+00    1.5584E+01    1.4999E+01    8.9488E+00   
 1.2365E+01    4.4846E+01    5.2469E+01    1.9649E+01    1.6294E+01    1.6361E+01    7.1104E+01    4.9098E+01    1.4165E+01    4.3868E+00    1.5625E+01    1.5109E+01    8.9731E+00   
 1.3444E+01    4.4861E+01    5.2475E+01    1.9684E+01    1.6260E+01    1.6350E+01    7.1071E+01    4.9111E+01    1.4195E+01    4.3664E+00    1.5462E+01    1.4634E+01    8.9974E+00   
 1.4526E+01    4.4849E+01    5.2476E+01    1.9812E+01    1.6289E+01    1.6335E+01    7.1076E+01    4.9115E+01    1.4250E+01    4.3868E+00    1.5462E+01    1.4682E+01    8.9731E+00   
 1.5605E+01    4.4861E+01    5.2460E+01    1.9794E+01    1.6297E+01    1.6283E+01    7.1068E+01    4.9122E+01    1.4254E+01    4.3664E+00    1.5543E+01    1.4682E+01    8.9974E+00   
 1.6693E+01    4.4855E+01    5.2461E+01    1.9793E+01    1.6354E+01    1.6260E+01    7.1057E+01    4.9121E+01    1.4280E+01    4.3664E+00    1.5441E+01    1.4743E+01    8.9974E+00   
 1.7783E+01    4.4853E+01    5.2466E+01    1.9689E+01    1.6284E+01    1.6205E+01    7.1040E+01    4.9121E+01    1.4323E+01    4.3868E+00    1.5605E+01    1.4792E+01    8.9731E+00   
 1.8869E+01    4.4855E+01    5.2474E+01    1.9640E+01    1.6288E+01    1.6091E+01    7.1047E+01    4.9116E+01    1.4378E+01    4.3868E+00    1.5564E+01    1.4902E+01    9.0216E+00   
 1.9950E+01    4.4861E+01    5.2486E+01    1.9722E+01    1.6343E+01    1.6040E+01    7.1058E+01    4.9159E+01    1.4418E+01    4.4275E+00    1.5645E+01    1.5011E+01    8.9731E+00   
 2.1022E+01    4.4887E+01    5.2509E+01    1.9690E+01    1.6387E+01    1.5934E+01    7.1084E+01    4.9198E+01    1.4443E+01    4.4479E+00    1.5523E+01    1.5048E+01    8.9488E+00   
 2.2109E+01    4.4903E+01    5.2527E+01    1.9655E+01    1.6399E+01    1.5801E+01    7.1116E+01    4.9219E+01    1.4504E+01    4.4071E+00    1.5543E+01    1.5036E+01    9.0216E+00   
 2.3197E+01    4.4887E+01    5.2536E+01    1.9646E+01    1.6415E+01    1.5657E+01    7.1176E+01    4.9271E+01    1.4529E+01    4.4275E+00    1.5564E+01    1.4865E+01    8.9731E+00   
 2.4285E+01    4.4894E+01    5.2515E+01    1.9659E+01    1.6396E+01    1.5587E+01    7.1181E+01    4.9278E+01    1.4558E+01    4.4275E+00    1.5543E+01    1.4865E+01    8.9974E+00   
 2.5373E+01    4.4882E+01    5.2532E+01    1.9625E+01    1.6402E+01    1.5385E+01    7.1223E+01    4.9301E+01    1.4581E+01    4.4275E+00    1.5564E+01    1.4731E+01    8.9731E+00   
 2.6456E+01    4.4873E+01    5.2536E+01    1.9691E+01    1.6461E+01    1.5073E+01    7.1208E+01    4.9314E+01    1.4600E+01    4.4275E+00    1.5523E+01    1.5231E+01    8.9974E+00   
 2.7542E+01    4.4902E+01    5.2550E+01    1.9825E+01    1.6477E+01    1.4652E+01    7.1216E+01    4.9290E+01    1.4580E+01    4.4275E+00    1.5686E+01    1.5170E+01    8.9731E+00   
 2.8629E+01    4.4898E+01    5.2557E+01    1.9811E+01    1.6475E+01    1.4373E+01    7.1201E+01    4.9277E+01    1.4580E+01    4.4479E+00    1.5564E+01    1.5145E+01    8.9731E+00   
 2.9717E+01    4.4884E+01    5.2561E+01    1.9742E+01    1.6370E+01    1.4011E+01    7.1152E+01    4.9244E+01    1.4558E+01    4.4275E+00    1.5543E+01    1.4987E+01    8.9974E+00   
 3.0814E+01    4.4910E+01    5.2597E+01    1.9715E+01    1.6476E+01    1.3718E+01    7.1172E+01    4.9217E+01    1.4568E+01    4.4275E+00    1.5747E+01    1.5011E+01    8.9974E+00   
 3.1903E+01    4.4905E+01    5.2616E+01    1.9693E+01    1.6453E+01    1.3616E+01    7.1127E+01    4.9199E+01    1.4563E+01    4.4275E+00    1.5543E+01    1.4975E+01    8.9731E+00   
# Time (s)      T1w (C)       T2w (C)       T1a (C)       T2a (C)       T1r (C)       T2r (C)       T3r (C)       T4r (C)       P1 (bar)      P2 (bar)      Pow (W/100)      Qc (l/min)    
 3.3015E+01    4.4898E+01    5.2604E+01    1.9681E+01    1.6394E+01    1.3390E+01    7.1128E+01    4.9152E+01    1.4546E+01    4.4071E+00    1.5605E+01    1.5109E+01    9.0216E+00   
 3.4110E+01    4.4919E+01    5.2645E+01    1.9666E+01    1.6408E+01    1.3173E+01    7.1104E+01    4.9116E+01    1.4498E+01    4.4275E+00    1.5666E+01    1.4780E+01    8.9731E+00   
 3.5224E+01    4.4909E+01    5.2647E+01    1.9621E+01    1.6391E+01    1.2999E+01    7.1106E+01    4.9055E+01    1.4483E+01    4.3868E+00    1.5707E+01    1.4938E+01    8.9974E+00   
 3.6313E+01    4.4938E+01    5.2687E+01    1.9577E+01    1.6377E+01    1.2897E+01    7.1039E+01    4.8928E+01    1.4444E+01    4.4071E+00    1.5747E+01    1.4780E+01    9.0216E+00   
 3.7391E+01    4.4934E+01    5.2699E+01    1.9655E+01    1.6425E+01    1.2715E+01    7.1011E+01    4.8825E+01    1.4374E+01    4.4071E+00    1.5584E+01    1.5048E+01    8.9731E+00   
 3.8480E+01    4.4926E+01    5.2731E+01    1.9817E+01    1.6425E+01    1.2617E+01    7.0990E+01    4.8763E+01    1.4314E+01    4.4071E+00    1.5666E+01    1.5267E+01    8.9731E+00   
 3.9560E+01    4.4951E+01    5.2749E+01    1.9759E+01    1.6398E+01    1.2519E+01    7.0931E+01    4.8648E+01    1.4229E+01    4.3664E+00    1.5666E+01    1.5158E+01    8.9731E+00   
 4.0649E+01    4.4939E+01    5.2779E+01    1.9703E+01    1.6429E+01    1.2485E+01    7.0900E+01    4.8535E+01    1.4210E+01    4.3664E+00    1.5707E+01    1.5170E+01    9.0216E+00   
 4.1738E+01    4.4943E+01    5.2770E+01    1.9642E+01    1.6364E+01    1.2408E+01    7.0873E+01    4.8490E+01    1.4147E+01    4.3053E+00    1.5707E+01    1.5243E+01    9.0216E+00   
 4.2825E+01    4.4948E+01    5.2787E+01    1.9632E+01    1.6308E+01    1.2343E+01    7.0882E+01    4.8402E+01    1.4076E+01    4.3053E+00    1.5707E+01    1.5231E+01    8.9974E+00   
 4.3913E+01    4.4957E+01    5.2776E+01    1.9631E+01    1.6265E+01    1.2256E+01    7.0850E+01    4.8311E+01    1.4018E+01    4.3257E+00    1.5666E+01    1.5182E+01    8.9974E+00   
 4.5002E+01    4.4936E+01    5.2772E+01    1.9625E+01    1.6303E+01    1.2248E+01    7.0848E+01    4.8209E+01    1.3968E+01    4.3053E+00    1.5686E+01    1.5194E+01    8.9974E+00   
 4.6090E+01    4.4921E+01    5.2762E+01    1.9579E+01    1.6226E+01    1.2232E+01    7.0829E+01    4.8157E+01    1.3931E+01    4.3257E+00    1.5686E+01    1.5219E+01    9.0216E+00   
 4.7177E+01    4.4916E+01    5.2740E+01    1.9569E+01    1.6193E+01    1.2284E+01    7.0802E+01    4.8068E+01    1.3901E+01    4.3257E+00    1.5686E+01    1.5231E+01    9.0216E+00   
 4.8265E+01    4.4930E+01    5.2753E+01    1.9730E+01    1.6148E+01    1.2298E+01    7.0780E+01    4.7947E+01    1.3856E+01    4.3257E+00    1.5666E+01    1.5121E+01    8.9731E+00   
 4.9354E+01    4.4931E+01    5.2744E+01    1.9855E+01    1.6142E+01    1.2393E+01    7.0824E+01    4.7862E+01    1.3764E+01    4.3053E+00    1.5605E+01    1.4829E+01    8.9974E+00   
 5.0459E+01    4.4951E+01    5.2763E+01    1.9715E+01    1.6091E+01    1.2537E+01    7.0859E+01    4.7831E+01    1.3692E+01    4.3053E+00    1.5666E+01    1.4743E+01    9.0216E+00   
 5.1546E+01    4.4955E+01    5.2741E+01    1.9911E+01    1.6057E+01    1.2705E+01    7.0934E+01    4.7767E+01    1.3629E+01    4.3053E+00    1.5605E+01    1.4743E+01    9.0458E+00   
 5.2634E+01    4.4958E+01    5.2742E+01    2.0008E+01    1.6020E+01    1.2769E+01    7.1022E+01    4.7697E+01    1.3593E+01    4.2849E+00    1.5605E+01    1.4914E+01    8.9974E+00   
 5.3723E+01    4.4942E+01    5.2724E+01    1.9914E+01    1.6048E+01    1.2944E+01    7.1111E+01    4.7685E+01    1.3507E+01    4.2849E+00    1.5747E+01    1.4963E+01    8.9974E+00   
 5.4811E+01    4.4942E+01    5.2700E+01    1.9637E+01    1.5967E+01    1.3109E+01    7.1127E+01    4.7664E+01    1.3462E+01    4.2645E+00    1.5605E+01    1.4731E+01    8.9974E+00   
 5.5897E+01    4.4945E+01    5.2671E+01    1.9808E+01    1.5969E+01    1.3297E+01    7.1151E+01    4.7649E+01    1.3395E+01    4.2645E+00    1.5543E+01    1.4707E+01    8.9731E+00   
 5.6985E+01    4.4930E+01    5.2677E+01    1.9801E+01    1.5920E+01    1.3387E+01    7.1189E+01    4.7639E+01    1.3397E+01    4.2645E+00    1.5605E+01    1.4670E+01    8.9731E+00   
 5.8074E+01    4.4958E+01    5.2671E+01    1.9755E+01    1.6027E+01    1.3558E+01    7.1221E+01    4.7642E+01    1.3419E+01    4.2645E+00    1.5605E+01    1.4658E+01    8.9974E+00   
 5.9162E+01    4.4962E+01    5.2658E+01    1.9933E+01    1.5947E+01    1.3742E+01    7.1237E+01    4.7648E+01    1.3430E+01    4.2442E+00    1.5625E+01    1.4670E+01    8.9974E+00   
 6.0249E+01    4.4969E+01    5.2629E+01    2.0122E+01    1.5925E+01    1.3902E+01    7.1289E+01    4.7684E+01    1.3427E+01    4.2849E+00    1.5482E+01    1.4658E+01    8.9974E+00   
 6.1337E+01    4.4940E+01    5.2610E+01    2.0120E+01    1.5939E+01    1.3982E+01    7.1326E+01    4.7749E+01    1.3445E+01    4.2442E+00    1.5482E+01    1.4865E+01    9.0458E+00   
 6.2429E+01    4.4962E+01    5.2578E+01    1.9955E+01    1.5949E+01    1.4150E+01    7.1341E+01    4.7772E+01    1.3463E+01    4.2849E+00    1.5564E+01    1.4646E+01    8.9974E+00   
 6.3514E+01    4.4938E+01    5.2567E+01    1.9924E+01    1.5861E+01    1.4295E+01    7.1360E+01    4.7813E+01    1.3489E+01    4.2849E+00    1.5666E+01    1.4865E+01    8.9974E+00   
 6.4635E+01    4.4928E+01    5.2547E+01    2.0166E+01    1.5869E+01    1.4384E+01    7.1359E+01    4.7878E+01    1.3500E+01    4.2645E+00    1.5625E+01    1.4658E+01    8.9731E+00   
# Time (s)      T1w (C)       T2w (C)       T1a (C)       T2a (C)       T1r (C)       T2r (C)       T3r (C)       T4r (C)       P1 (bar)      P2 (bar)      Pow (W/100)      Qc (l/min)    
 6.5730E+01    4.4927E+01    5.2545E+01    2.0482E+01    1.5952E+01    1.4518E+01    7.1385E+01    4.7956E+01    1.3525E+01    4.2849E+00    1.5625E+01    1.4975E+01    8.9974E+00   
 6.6852E+01    4.4949E+01    5.2547E+01    2.0554E+01    1.5985E+01    1.4663E+01    7.1408E+01    4.7984E+01    1.3587E+01    4.3053E+00    1.5645E+01    1.4987E+01    9.0216E+00   
 6.7941E+01    4.4941E+01    5.2521E+01    2.0084E+01    1.5905E+01    1.4811E+01    7.1411E+01    4.8055E+01    1.3614E+01    4.2645E+00    1.5503E+01    1.5072E+01    9.0458E+00   
 6.9017E+01    4.4957E+01    5.2541E+01    1.9753E+01    1.5948E+01    1.4871E+01    7.1442E+01    4.8128E+01    1.3612E+01    4.2645E+00    1.5543E+01    1.4926E+01    9.0216E+00   
 7.0084E+01    4.4954E+01    5.2523E+01    1.9684E+01    1.6044E+01    1.4989E+01    7.1466E+01    4.8206E+01    1.3641E+01    4.2849E+00    1.5564E+01    1.4914E+01    8.9974E+00   
 7.1172E+01    4.4947E+01    5.2527E+01    1.9853E+01    1.5993E+01    1.5102E+01    7.1480E+01    4.8243E+01    1.3700E+01    4.3257E+00    1.5482E+01    1.5072E+01    8.9243E+00   
 7.2261E+01    4.4967E+01    5.2529E+01    2.0121E+01    1.5974E+01    1.5236E+01    7.1491E+01    4.8344E+01    1.3727E+01    4.3257E+00    1.5645E+01    1.5097E+01    8.9731E+00   
 7.3349E+01    4.4978E+01    5.2520E+01    2.0275E+01    1.6033E+01    1.5279E+01    7.1497E+01    4.8393E+01    1.3748E+01    4.3257E+00    1.5543E+01    1.4682E+01    9.0216E+00   
 7.4445E+01    4.4982E+01    5.2518E+01    2.0308E+01    1.6147E+01    1.5412E+01    7.1529E+01    4.8460E+01    1.3795E+01    4.3053E+00    1.5482E+01    1.4670E+01    8.9488E+00   
 7.5533E+01    4.4972E+01    5.2535E+01    2.1120E+01    1.6126E+01    1.5509E+01    7.1535E+01    4.8506E+01    1.3820E+01    4.3460E+00    1.5564E+01    1.4780E+01    8.9731E+00   
 7.6622E+01    4.4973E+01    5.2533E+01    2.0517E+01    1.6151E+01    1.5617E+01    7.1528E+01    4.8530E+01    1.3898E+01    4.3053E+00    1.5543E+01    1.4719E+01    9.0216E+00   
 7.7710E+01    4.4971E+01    5.2539E+01    2.0828E+01    1.6174E+01    1.5672E+01    7.1525E+01    4.8633E+01    1.3926E+01    4.3053E+00    1.5584E+01    1.4658E+01    8.9488E+00   
 7.8797E+01    4.4975E+01    5.2548E+01    2.0833E+01    1.6216E+01    1.5776E+01    7.1526E+01    4.8662E+01    1.3923E+01    4.3053E+00    1.5543E+01    1.4658E+01    9.0458E+00   
 7.9885E+01    4.4975E+01    5.2568E+01    2.1071E+01    1.6220E+01    1.5875E+01    7.1527E+01    4.8747E+01    1.3946E+01    4.3460E+00    1.5625E+01    1.4682E+01    9.0216E+00   
 8.0974E+01    4.4970E+01    5.2550E+01    2.0683E+01    1.6271E+01    1.5927E+01    7.1505E+01    4.8810E+01    1.3949E+01    4.3257E+00    1.5584E+01    1.4658E+01    8.9243E+00   
 8.2063E+01    4.4975E+01    5.2554E+01    2.0604E+01    1.6282E+01    1.6019E+01    7.1470E+01    4.8831E+01    1.3964E+01    4.3460E+00    1.5503E+01    1.4634E+01    8.9731E+00   
 8.3142E+01    4.4970E+01    5.2565E+01    2.0243E+01    1.6432E+01    1.6112E+01    7.1458E+01    4.8847E+01    1.4009E+01    4.3460E+00    1.5462E+01    1.4902E+01    8.9731E+00   
 8.4222E+01    4.4977E+01    5.2569E+01    2.0098E+01    1.6413E+01    1.6195E+01    7.1460E+01    4.8887E+01    1.4016E+01    4.3664E+00    1.5503E+01    1.4731E+01    8.9974E+00   
 8.5301E+01    4.4983E+01    5.2566E+01    2.0048E+01    1.6395E+01    1.6246E+01    7.1467E+01    4.8885E+01    1.4037E+01    4.3664E+00    1.5686E+01    1.4731E+01    8.9731E+00   
 8.6389E+01    4.4971E+01    5.2556E+01    2.0114E+01    1.6481E+01    1.6318E+01    7.1476E+01    4.8925E+01    1.4082E+01    4.3460E+00    1.5584E+01    1.4841E+01    8.9731E+00   
 8.7468E+01    4.4987E+01    5.2581E+01    2.0360E+01    1.6391E+01    1.6385E+01    7.1501E+01    4.8935E+01    1.4142E+01    4.3868E+00    1.5543E+01    1.4743E+01    8.9731E+00   
 8.8550E+01    4.4985E+01    5.2578E+01    2.0674E+01    1.6401E+01    1.6430E+01    7.1490E+01    4.8971E+01    1.4175E+01    4.3664E+00    1.5584E+01    1.5194E+01    8.9974E+00   
 8.9638E+01    4.4970E+01    5.2579E+01    2.0643E+01    1.6541E+01    1.6490E+01    7.1525E+01    4.8990E+01    1.4207E+01    4.3868E+00    1.5605E+01    1.4707E+01    8.9974E+00   
 9.0720E+01    4.4987E+01    5.2582E+01    2.0403E+01    1.6510E+01    1.6550E+01    7.1532E+01    4.8993E+01    1.4241E+01    4.3868E+00    1.5462E+01    1.4670E+01    9.0216E+00   
 9.1807E+01    4.4973E+01    5.2601E+01    2.0762E+01    1.6473E+01    1.6621E+01    7.1565E+01    4.9028E+01    1.4291E+01    4.3868E+00    1.5503E+01    1.5085E+01    8.9974E+00   
 9.2903E+01    4.4976E+01    5.2603E+01    2.1116E+01    1.6487E+01    1.6644E+01    7.1582E+01    4.9040E+01    1.4297E+01    4.4071E+00    1.5564E+01    1.4938E+01    8.9731E+00   
 9.3982E+01    4.4973E+01    5.2598E+01    2.1164E+01    1.6556E+01    1.6703E+01    7.1638E+01    4.9054E+01    1.4347E+01    4.4071E+00    1.5523E+01    1.4719E+01    8.9488E+00   
 9.5062E+01    4.4972E+01    5.2592E+01    2.0420E+01    1.6605E+01    1.6766E+01    7.1674E+01    4.9045E+01    1.4395E+01    4.4071E+00    1.5564E+01    1.4816E+01    8.9974E+00   
 9.6151E+01    4.4976E+01    5.2584E+01    2.0471E+01    1.6631E+01    1.6818E+01    7.1724E+01    4.9099E+01    1.4419E+01    4.4275E+00    1.5584E+01    1.4816E+01    8.9731E+00   
 9.7232E+01    4.4995E+01    5.2624E+01    2.0624E+01    1.6590E+01    1.6859E+01    7.1720E+01    4.9121E+01    1.4436E+01    4.4275E+00    1.5605E+01    1.4890E+01    8.9731E+00   
# Time (s)      T1w (C)       T2w (C)       T1a (C)       T2a (C)       T1r (C)       T2r (C)       T3r (C)       T4r (C)       P1 (bar)      P2 (bar)      Pow (W/100)      Qc (l/min)    
 9.8350E+01    4.5006E+01    5.2632E+01    2.0664E+01    1.6607E+01    1.6889E+01    7.1752E+01    4.9152E+01    1.4482E+01    4.4275E+00    1.5625E+01    1.4731E+01    8.9731E+00   
 9.9447E+01    4.5028E+01    5.2653E+01    2.0332E+01    1.6618E+01    1.6948E+01    7.1750E+01    4.9137E+01    1.4529E+01    4.4479E+00    1.5523E+01    1.5060E+01    8.9243E+00   
 1.0055E+02    4.5036E+01    5.2691E+01    2.0210E+01    1.6741E+01    1.6987E+01    7.1777E+01    4.9117E+01    1.4559E+01    4.4479E+00    1.5543E+01    1.5060E+01    8.9974E+00   
 1.0162E+02    4.5034E+01    5.2667E+01    2.0303E+01    1.6726E+01    1.7017E+01    7.1784E+01    4.9136E+01    1.4572E+01    4.4479E+00    1.5584E+01    1.5048E+01    8.9974E+00   
 1.0270E+02    4.5024E+01    5.2681E+01    2.0565E+01    1.6780E+01    1.7030E+01    7.1791E+01    4.9163E+01    1.4617E+01    4.4275E+00    1.5645E+01    1.5158E+01    9.0216E+00   
 1.0379E+02    4.5033E+01    5.2679E+01    2.0452E+01    1.6729E+01    1.7091E+01    7.1767E+01    4.9163E+01    1.4633E+01    4.4479E+00    1.5605E+01    1.4804E+01    8.9974E+00   
 1.0487E+02    4.5027E+01    5.2688E+01    2.0513E+01    1.6771E+01    1.7099E+01    7.1718E+01    4.9177E+01    1.4677E+01    4.4479E+00    1.5564E+01    1.4999E+01    9.0216E+00   
 1.0596E+02    4.5025E+01    5.2695E+01    2.0655E+01    1.6847E+01    1.7142E+01    7.1720E+01    4.9195E+01    1.4705E+01    4.4479E+00    1.5707E+01    1.4768E+01    8.9974E+00   
 1.0704E+02    4.5024E+01    5.2708E+01    2.0782E+01    1.6725E+01    1.7160E+01    7.1715E+01    4.9200E+01    1.4746E+01    4.4683E+00    1.5584E+01    1.4731E+01    8.9731E+00   
 1.0813E+02    4.5016E+01    5.2709E+01    2.0926E+01    1.6765E+01    1.7192E+01    7.1738E+01    4.9213E+01    1.4780E+01    4.4886E+00    1.5727E+01    1.4743E+01    8.9974E+00   
 1.0922E+02    4.5019E+01    5.2715E+01    2.1178E+01    1.6842E+01    1.7197E+01    7.1765E+01    4.9215E+01    1.4791E+01    4.4886E+00    1.5605E+01    1.4780E+01    9.0458E+00   
 1.1031E+02    4.5017E+01    5.2706E+01    2.1456E+01    1.6834E+01    1.7216E+01    7.1796E+01    4.9232E+01    1.4821E+01    4.4886E+00    1.5747E+01    1.4816E+01    9.0216E+00   
 1.1139E+02    4.4995E+01    5.2723E+01    2.1136E+01    1.6810E+01    1.7215E+01    7.1808E+01    4.9253E+01    1.4845E+01    4.4683E+00    1.5605E+01    1.4780E+01    8.9974E+00   
 1.1248E+02    4.5005E+01    5.2726E+01    2.1183E+01    1.6857E+01    1.7208E+01    7.1809E+01    4.9252E+01    1.4897E+01    4.4479E+00    1.5788E+01    1.4804E+01    8.9731E+00   
 1.1357E+02    4.5012E+01    5.2718E+01    2.1220E+01    1.6881E+01    1.7189E+01    7.1788E+01    4.9277E+01    1.4900E+01    4.4886E+00    1.5645E+01    1.5048E+01    8.9974E+00   
 1.1466E+02    4.5012E+01    5.2721E+01    2.1353E+01    1.6865E+01    1.7156E+01    7.1758E+01    4.9259E+01    1.4932E+01    4.4886E+00    1.5747E+01    1.5133E+01    8.9974E+00   
 1.1575E+02    4.5017E+01    5.2734E+01    2.1099E+01    1.6891E+01    1.7094E+01    7.1680E+01    4.9269E+01    1.4990E+01    4.4886E+00    1.5666E+01    1.5085E+01    8.9974E+00   
 1.1685E+02    4.5010E+01    5.2738E+01    2.0876E+01    1.6911E+01    1.7073E+01    7.1583E+01    4.9311E+01    1.5032E+01    4.4886E+00    1.5686E+01    1.4792E+01    8.9731E+00   
 1.1795E+02    4.5012E+01    5.2753E+01    2.0828E+01    1.6919E+01    1.6976E+01    7.1598E+01    4.9346E+01    1.5033E+01    4.4886E+00    1.5584E+01    1.4792E+01    8.9731E+00   
 1.1903E+02    4.5019E+01    5.2745E+01    2.1069E+01    1.6953E+01    1.6916E+01    7.1597E+01    4.9331E+01    1.5079E+01    4.5090E+00    1.5747E+01    1.4804E+01    8.9488E+00   
 1.2012E+02    4.5004E+01    5.2740E+01    2.1114E+01    1.6994E+01    1.6823E+01    7.1620E+01    4.9393E+01    1.5111E+01    4.5090E+00    1.5605E+01    1.4816E+01    8.9974E+00   
 1.2121E+02    4.5009E+01    5.2729E+01    2.1022E+01    1.6971E+01    1.6759E+01    7.1644E+01    4.9387E+01    1.5132E+01    4.5498E+00    1.5707E+01    1.4804E+01    8.9974E+00   
 1.2230E+02    4.5000E+01    5.2736E+01    2.0988E+01    1.7010E+01    1.6652E+01    7.1645E+01    4.9406E+01    1.5154E+01    4.5294E+00    1.5584E+01    1.4926E+01    9.0216E+00   
 1.2339E+02    4.4997E+01    5.2750E+01    2.0829E+01    1.7002E+01    1.6506E+01    7.1650E+01    4.9403E+01    1.5197E+01    4.5090E+00    1.5707E+01    1.4890E+01    8.9974E+00   
 1.2448E+02    4.5005E+01    5.2759E+01    2.0724E+01    1.6993E+01    1.6369E+01    7.1671E+01    4.9449E+01    1.5241E+01    4.5294E+00    1.5645E+01    1.4975E+01    9.0458E+00   
 1.2557E+02    4.4984E+01    5.2773E+01    2.0878E+01    1.7034E+01    1.6307E+01    7.1699E+01    4.9438E+01    1.5292E+01    4.5498E+00    1.5727E+01    1.4926E+01    9.0216E+00   
 1.2666E+02    4.4997E+01    5.2767E+01    2.1133E+01    1.7049E+01    1.6139E+01    7.1714E+01    4.9454E+01    1.5322E+01    4.5498E+00    1.5645E+01    1.4853E+01    8.9974E+00   
 1.2775E+02    4.4987E+01    5.2794E+01    2.1130E+01    1.7061E+01    1.5945E+01    7.1709E+01    4.9463E+01    1.5331E+01    4.5498E+00    1.5809E+01    1.4865E+01    9.0458E+00   
 1.2883E+02    4.4990E+01    5.2792E+01    2.0865E+01    1.7032E+01    1.5838E+01    7.1698E+01    4.9508E+01    1.5367E+01    4.5701E+00    1.5686E+01    1.5365E+01    9.0216E+00   
 1.2994E+02    4.4989E+01    5.2815E+01    2.0752E+01    1.7053E+01    1.5649E+01    7.1633E+01    4.9481E+01    1.5369E+01    4.5498E+00    1.5707E+01    1.5219E+01    9.0216E+00   
# Time (s)      T1w (C)       T2w (C)       T1a (C)       T2a (C)       T1r (C)       T2r (C)       T3r (C)       T4r (C)       P1 (bar)      P2 (bar)      Pow (W/100)      Qc (l/min)    
 1.3104E+02    4.4997E+01    5.2814E+01    2.0616E+01    1.7086E+01    1.5440E+01    7.1532E+01    4.9465E+01    1.5359E+01    4.5498E+00    1.5707E+01    1.5109E+01    8.9731E+00   
 1.3216E+02    4.5011E+01    5.2849E+01    2.0712E+01    1.7054E+01    1.5003E+01    7.1487E+01    4.9442E+01    1.5354E+01    4.5701E+00    1.5809E+01    1.5401E+01    8.9974E+00   
 1.3324E+02    4.5004E+01    5.2870E+01    2.0744E+01    1.7093E+01    1.4854E+01    7.1426E+01    4.9396E+01    1.5322E+01    4.5701E+00    1.5747E+01    1.5389E+01    8.9731E+00   
 1.3433E+02    4.5019E+01    5.2903E+01    2.0757E+01    1.7130E+01    1.4579E+01    7.1380E+01    4.9390E+01    1.5332E+01    4.5498E+00    1.5747E+01    1.4914E+01    9.0216E+00   
 1.3541E+02    4.5012E+01    5.2887E+01    2.0811E+01    1.7096E+01    1.4359E+01    7.1400E+01    4.9407E+01    1.5329E+01    4.5905E+00    1.5849E+01    1.4987E+01    8.9974E+00   
 1.3648E+02    4.5006E+01    5.2914E+01    2.0811E+01    1.7109E+01    1.4187E+01    7.1412E+01    4.9355E+01    1.5288E+01    4.5905E+00    1.5747E+01    1.5304E+01    8.9731E+00   
 1.3755E+02    4.5005E+01    5.2904E+01    2.0868E+01    1.7047E+01    1.4137E+01    7.1451E+01    4.9315E+01    1.5299E+01    4.5498E+00    1.5788E+01    1.4914E+01    8.9731E+00   
 1.3862E+02    4.4985E+01    5.2916E+01    2.0944E+01    1.6974E+01    1.3988E+01    7.1447E+01    4.9253E+01    1.5253E+01    4.5498E+00    1.5829E+01    1.4999E+01    8.9974E+00   
 1.3972E+02    4.4976E+01    5.2934E+01    2.0974E+01    1.7103E+01    1.3864E+01    7.1463E+01    4.9214E+01    1.5246E+01    4.5498E+00    1.5727E+01    1.5121E+01    8.9488E+00   
 1.4081E+02    4.4985E+01    5.2950E+01    2.1206E+01    1.7044E+01    1.3781E+01    7.1489E+01    4.9190E+01    1.5228E+01    4.5294E+00    1.5890E+01    1.5365E+01    8.9488E+00   
 1.4189E+02    4.4996E+01    5.2937E+01    2.1083E+01    1.7017E+01    1.3734E+01    7.1483E+01    4.9144E+01    1.5222E+01    4.5294E+00    1.5788E+01    1.5389E+01    8.9731E+00   
 1.4298E+02    4.4995E+01    5.2956E+01    2.0842E+01    1.7082E+01    1.3662E+01    7.1493E+01    4.9099E+01    1.5196E+01    4.5090E+00    1.5870E+01    1.5377E+01    8.9731E+00   
 1.4407E+02    4.5011E+01    5.2948E+01    2.0933E+01    1.7090E+01    1.3622E+01    7.1490E+01    4.9092E+01    1.5186E+01    4.5090E+00    1.5788E+01    1.5401E+01    8.9974E+00   
 1.4516E+02    4.5010E+01    5.2960E+01    2.0894E+01    1.7047E+01    1.3635E+01    7.1534E+01    4.9029E+01    1.5187E+01    4.5090E+00    1.5911E+01    1.5279E+01    9.0216E+00   
 1.4625E+02    4.4997E+01    5.2955E+01    2.0888E+01    1.6943E+01    1.3591E+01    7.1539E+01    4.8954E+01    1.5174E+01    4.4683E+00    1.5788E+01    1.5194E+01    8.9974E+00   
 1.4733E+02    4.5003E+01    5.2954E+01    2.0823E+01    1.6975E+01    1.3577E+01    7.1516E+01    4.8926E+01    1.5132E+01    4.4886E+00    1.5911E+01    1.5292E+01    8.9974E+00   
 1.4842E+02    4.4993E+01    5.2949E+01    2.1058E+01    1.7024E+01    1.3568E+01    7.1460E+01    4.8837E+01    1.5063E+01    4.4683E+00    1.5809E+01    1.5194E+01    8.9731E+00   
 1.4951E+02    4.5010E+01    5.2977E+01    2.1117E+01    1.6942E+01    1.3589E+01    7.1390E+01    4.8721E+01    1.5032E+01    4.5090E+00    1.5870E+01    1.4963E+01    8.9974E+00   
 1.5060E+02    4.5007E+01    5.2974E+01    2.1035E+01    1.6933E+01    1.3637E+01    7.1322E+01    4.8667E+01    1.4994E+01    4.4479E+00    1.5788E+01    1.4902E+01    8.9974E+00   
 1.5169E+02    4.5011E+01    5.2983E+01    2.0818E+01    1.6816E+01    1.3705E+01    7.1308E+01    4.8626E+01    1.4964E+01    4.4683E+00    1.5890E+01    1.4926E+01    8.9974E+00   
 1.5278E+02    4.5008E+01    5.2994E+01    2.0750E+01    1.6782E+01    1.3804E+01    7.1310E+01    4.8571E+01    1.4904E+01    4.4275E+00    1.5809E+01    1.4877E+01    9.0216E+00   
 1.5386E+02    4.4992E+01    5.2972E+01    2.0666E+01    1.6793E+01    1.3858E+01    7.1305E+01    4.8494E+01    1.4845E+01    4.4275E+00    1.5809E+01    1.4865E+01    8.9731E+00   
 1.5495E+02    4.5006E+01    5.2979E+01    2.0712E+01    1.6767E+01    1.3964E+01    7.1334E+01    4.8448E+01    1.4806E+01    4.4275E+00    1.5768E+01    1.5048E+01    8.9974E+00   
 1.5604E+02    4.5018E+01    5.2983E+01    2.0758E+01    1.6756E+01    1.4098E+01    7.1339E+01    4.8423E+01    1.4751E+01    4.4275E+00    1.5809E+01    1.5340E+01    9.0216E+00   
 1.5713E+02    4.5029E+01    5.2986E+01    2.0786E+01    1.6681E+01    1.4162E+01    7.1392E+01    4.8367E+01    1.4736E+01    4.4275E+00    1.5890E+01    1.5328E+01    8.9731E+00   
 1.5821E+02    4.5020E+01    5.2970E+01    2.0788E+01    1.6693E+01    1.4274E+01    7.1435E+01    4.8323E+01    1.4692E+01    4.4071E+00    1.5788E+01    1.5072E+01    8.9974E+00   
 1.5930E+02    4.5011E+01    5.2951E+01    2.0872E+01    1.6667E+01    1.4394E+01    7.1424E+01    4.8274E+01    1.4613E+01    4.4479E+00    1.5707E+01    1.4877E+01    8.9974E+00   
 1.6041E+02    4.5005E+01    5.2931E+01    2.1101E+01    1.6620E+01    1.4535E+01    7.1474E+01    4.8260E+01    1.4576E+01    4.4071E+00    1.5829E+01    1.4841E+01    8.9974E+00   
 1.6149E+02    4.5036E+01    5.2947E+01    2.1032E+01    1.6658E+01    1.4590E+01    7.1513E+01    4.8245E+01    1.4552E+01    4.4071E+00    1.5707E+01    1.4890E+01    8.9974E+00   
 1.6258E+02    4.5043E+01    5.2935E+01    2.1023E+01    1.6722E+01    1.4727E+01    7.1585E+01    4.8245E+01    1.4528E+01    4.4275E+00    1.5727E+01    1.5231E+01    9.0216E+00   
# Time (s)      T1w (C)       T2w (C)       T1a (C)       T2a (C)       T1r (C)       T2r (C)       T3r (C)       T4r (C)       P1 (bar)      P2 (bar)      Pow (W/100)      Qc (l/min)    
 1.6372E+02    4.5062E+01    5.2928E+01    2.0858E+01    1.6736E+01    1.4868E+01    7.1614E+01    4.8273E+01    1.4519E+01    4.4071E+00    1.5727E+01    1.4890E+01    8.9243E+00   
 1.6481E+02    4.5040E+01    5.2904E+01    2.1033E+01    1.6705E+01    1.4997E+01    7.1650E+01    4.8298E+01    1.4498E+01    4.4071E+00    1.5890E+01    1.5072E+01    8.8753E+00   
 1.6593E+02    4.5061E+01    5.2881E+01    2.1137E+01    1.6648E+01    1.5041E+01    7.1633E+01    4.8293E+01    1.4475E+01    4.4275E+00    1.5829E+01    1.5060E+01    8.9488E+00   
 1.6701E+02    4.5059E+01    5.2878E+01    2.1437E+01    1.6621E+01    1.5182E+01    7.1664E+01    4.8336E+01    1.4461E+01    4.4071E+00    1.5788E+01    1.4865E+01    8.9243E+00   
 1.6809E+02    4.5056E+01    5.2860E+01    2.1334E+01    1.6663E+01    1.5292E+01    7.1680E+01    4.8375E+01    1.4458E+01    4.4071E+00    1.5788E+01    1.5255E+01    8.9731E+00   
 1.6916E+02    4.5066E+01    5.2855E+01    2.1110E+01    1.6643E+01    1.5411E+01    7.1690E+01    4.8440E+01    1.4437E+01    4.4071E+00    1.5625E+01    1.4975E+01    8.9731E+00   
 1.7023E+02    4.5070E+01    5.2841E+01    2.1025E+01    1.6614E+01    1.5493E+01    7.1725E+01    4.8517E+01    1.4469E+01    4.3868E+00    1.5768E+01    1.4926E+01    8.9731E+00   
 1.7132E+02    4.5085E+01    5.2834E+01    2.0761E+01    1.6638E+01    1.5581E+01    7.1744E+01    4.8543E+01    1.4433E+01    4.4071E+00    1.5666E+01    1.4816E+01    8.9488E+00   
 1.7240E+02    4.5089E+01    5.2844E+01    2.0618E+01    1.6640E+01    1.5695E+01    7.1744E+01    4.8605E+01    1.4440E+01    4.4071E+00    1.5666E+01    1.5072E+01    8.9731E+00   
 1.7349E+02    4.5089E+01    5.2825E+01    2.0559E+01    1.6732E+01    1.5745E+01    7.1746E+01    4.8668E+01    1.4448E+01    4.3868E+00    1.5686E+01    1.5170E+01    8.9488E+00   
 1.7458E+02    4.5100E+01    5.2824E+01    2.0683E+01    1.6725E+01    1.5830E+01    7.1707E+01    4.8755E+01    1.4409E+01    4.3868E+00    1.5686E+01    1.5121E+01    8.9488E+00   
 1.7567E+02    4.5124E+01    5.2831E+01    2.0874E+01    1.6772E+01    1.5945E+01    7.1694E+01    4.8848E+01    1.4434E+01    4.3868E+00    1.5686E+01    1.5219E+01    8.9974E+00   
 1.7675E+02    4.5119E+01    5.2818E+01    2.1321E+01    1.6736E+01    1.6036E+01    7.1685E+01    4.8901E+01    1.4437E+01    4.4071E+00    1.5666E+01    1.5194E+01    8.9974E+00   
 1.7784E+02    4.5120E+01    5.2848E+01    2.1115E+01    1.6697E+01    1.6073E+01    7.1673E+01    4.8973E+01    1.4476E+01    4.3868E+00    1.5747E+01    1.5085E+01    9.0216E+00   
 1.7893E+02    4.5140E+01    5.2843E+01    2.1048E+01    1.6719E+01    1.6180E+01    7.1705E+01    4.9018E+01    1.4487E+01    4.3868E+00    1.5645E+01    1.5145E+01    8.9974E+00   
 1.8002E+02    4.5109E+01    5.2831E+01    2.0738E+01    1.6642E+01    1.6290E+01    7.1694E+01    4.9053E+01    1.4505E+01    4.4071E+00    1.5605E+01    1.5255E+01    8.9488E+00   
 1.8110E+02    4.5118E+01    5.2825E+01    2.0561E+01    1.6695E+01    1.6353E+01    7.1652E+01    4.9154E+01    1.4520E+01    4.4071E+00    1.5809E+01    1.4768E+01    8.9974E+00   
 1.8218E+02    4.5088E+01    5.2818E+01    2.0529E+01    1.6665E+01    1.6400E+01    7.1659E+01    4.9196E+01    1.4534E+01    4.4275E+00    1.5707E+01    1.5267E+01    8.9974E+00   
 1.8327E+02    4.5089E+01    5.2810E+01    2.0516E+01    1.6753E+01    1.6514E+01    7.1681E+01    4.9282E+01    1.4576E+01    4.4479E+00    1.5747E+01    1.5133E+01    8.9974E+00   
 1.8436E+02    4.5092E+01    5.2811E+01    2.0918E+01    1.6704E+01    1.6577E+01    7.1683E+01    4.9307E+01    1.4612E+01    4.4275E+00    1.5625E+01    1.5060E+01    8.9731E+00   
 1.8545E+02    4.5095E+01    5.2803E+01    2.1176E+01    1.6766E+01    1.6632E+01    7.1697E+01    4.9378E+01    1.4636E+01    4.4071E+00    1.5747E+01    1.4865E+01    8.9974E+00   
 1.8654E+02    4.5104E+01    5.2815E+01    2.0934E+01    1.6755E+01    1.6706E+01    7.1667E+01    4.9423E+01    1.4641E+01    4.4275E+00    1.5666E+01    1.4780E+01    8.9974E+00   
 1.8763E+02    4.5101E+01    5.2813E+01    2.0878E+01    1.6738E+01    1.6750E+01    7.1666E+01    4.9477E+01    1.4649E+01    4.4275E+00    1.5768E+01    1.4853E+01    8.9488E+00   
 1.8872E+02    4.5104E+01    5.2813E+01    2.0919E+01    1.6754E+01    1.6836E+01    7.1714E+01    4.9475E+01    1.4676E+01    4.4683E+00    1.5666E+01    1.4768E+01    8.9974E+00   
 1.8980E+02    4.5089E+01    5.2815E+01    2.0890E+01    1.6753E+01    1.6842E+01    7.1747E+01    4.9477E+01    1.4675E+01    4.4479E+00    1.5747E+01    1.5036E+01    8.9731E+00   
 1.9090E+02    4.5105E+01    5.2807E+01    2.0818E+01    1.6748E+01    1.6898E+01    7.1816E+01    4.9534E+01    1.4693E+01    4.4275E+00    1.5686E+01    1.4938E+01    9.0216E+00   
 1.9199E+02    4.5107E+01    5.2821E+01    2.0645E+01    1.6742E+01    1.6957E+01    7.1849E+01    4.9551E+01    1.4723E+01    4.4683E+00    1.5727E+01    1.4999E+01    8.9974E+00   
 1.9307E+02    4.5082E+01    5.2806E+01    2.0633E+01    1.6729E+01    1.7014E+01    7.1874E+01    4.9568E+01    1.4738E+01    4.4683E+00    1.5645E+01    1.4890E+01    8.9488E+00   
 1.9416E+02    4.5102E+01    5.2805E+01    2.0554E+01    1.6773E+01    1.7020E+01    7.1922E+01    4.9616E+01    1.4769E+01    4.4683E+00    1.5686E+01    1.4792E+01    8.9488E+00   
 1.9526E+02    4.5110E+01    5.2794E+01    2.0453E+01    1.6784E+01    1.7063E+01    7.1948E+01    4.9638E+01    1.4803E+01    4.4275E+00    1.5686E+01    1.4914E+01    8.9488E+00   
# Time (s)      T1w (C)       T2w (C)       T1a (C)       T2a (C)       T1r (C)       T2r (C)       T3r (C)       T4r (C)       P1 (bar)      P2 (bar)      Pow (W/100)      Qc (l/min)    
 1.9636E+02    4.5100E+01    5.2806E+01    2.0747E+01    1.6739E+01    1.7108E+01    7.1991E+01    4.9622E+01    1.4816E+01    4.4479E+00    1.5707E+01    1.5292E+01    8.9488E+00   
 1.9749E+02    4.5128E+01    5.2812E+01    2.0829E+01    1.6670E+01    1.7134E+01    7.2043E+01    4.9676E+01    1.4854E+01    4.4683E+00    1.5727E+01    1.5267E+01    8.9488E+00   
 1.9857E+02    4.5139E+01    5.2798E+01    2.0618E+01    1.6759E+01    1.7137E+01    7.2087E+01    4.9701E+01    1.4860E+01    4.4683E+00    1.5645E+01    1.5097E+01    8.9488E+00   
 1.9966E+02    4.5145E+01    5.2819E+01    2.0450E+01    1.6773E+01    1.7158E+01    7.2105E+01    4.9711E+01    1.4897E+01    4.4683E+00    1.5747E+01    1.5194E+01    8.9488E+00   
 2.0072E+02    4.5140E+01    5.2795E+01    2.0347E+01    1.6758E+01    1.7138E+01    7.2117E+01    4.9703E+01    1.4907E+01    4.4683E+00    1.5747E+01    1.4804E+01    8.9974E+00   
 2.0181E+02    4.5133E+01    5.2813E+01    2.0478E+01    1.6790E+01    1.7141E+01    7.2110E+01    4.9713E+01    1.4922E+01    4.4479E+00    1.5768E+01    1.5279E+01    8.9974E+00   
 2.0289E+02    4.5139E+01    5.2825E+01    2.0427E+01    1.6786E+01    1.7105E+01    7.2097E+01    4.9739E+01    1.4923E+01    4.4683E+00    1.5666E+01    1.5048E+01    8.9731E+00   
 2.0399E+02    4.5154E+01    5.2827E+01    2.0147E+01    1.6753E+01    1.7073E+01    7.2085E+01    4.9758E+01    1.4973E+01    4.4683E+00    1.5768E+01    1.4841E+01    8.9731E+00   
 2.0508E+02    4.5164E+01    5.2838E+01    1.9865E+01    1.6789E+01    1.7034E+01    7.2069E+01    4.9777E+01    1.5004E+01    4.4886E+00    1.5625E+01    1.4792E+01    8.8753E+00   
 2.0617E+02    4.5146E+01    5.2838E+01    1.9830E+01    1.6818E+01    1.7012E+01    7.2086E+01    4.9793E+01    1.5026E+01    4.4886E+00    1.5747E+01    1.4816E+01    8.8753E+00   
 2.0725E+02    4.5154E+01    5.2824E+01    1.9873E+01    1.6723E+01    1.6926E+01    7.2061E+01    4.9813E+01    1.5041E+01    4.4683E+00    1.5625E+01    1.4804E+01    8.9488E+00   
 2.0834E+02    4.5182E+01    5.2826E+01    2.0185E+01    1.6837E+01    1.6826E+01    7.2036E+01    4.9812E+01    1.5061E+01    4.4886E+00    1.5809E+01    1.4999E+01    8.9488E+00   
 2.0943E+02    4.5166E+01    5.2820E+01    2.0710E+01    1.6818E+01    1.6653E+01    7.2052E+01    4.9833E+01    1.5090E+01    4.5090E+00    1.5686E+01    1.5158E+01    8.9974E+00   
 2.1052E+02    4.5168E+01    5.2833E+01    2.0753E+01    1.6850E+01    1.6550E+01    7.2031E+01    4.9875E+01    1.5119E+01    4.5090E+00    1.5829E+01    1.5158E+01    8.9974E+00   
 2.1161E+02    4.5157E+01    5.2835E+01    2.0779E+01    1.6962E+01    1.6321E+01    7.2031E+01    4.9861E+01    1.5122E+01    4.5090E+00    1.5686E+01    1.5279E+01    8.9974E+00   
 2.1269E+02    4.5177E+01    5.2872E+01    2.1365E+01    1.6902E+01    1.6003E+01    7.2003E+01    4.9853E+01    1.5154E+01    4.5090E+00    1.5788E+01    1.5328E+01    8.9488E+00   
 2.1378E+02    4.5168E+01    5.2872E+01    2.0783E+01    1.6914E+01    1.5549E+01    7.1949E+01    4.9865E+01    1.5160E+01    4.5090E+00    1.5747E+01    1.5243E+01    8.9731E+00   
 2.1487E+02    4.5186E+01    5.2917E+01    2.0546E+01    1.6933E+01    1.5280E+01    7.1855E+01    4.9870E+01    1.5175E+01    4.5294E+00    1.5788E+01    1.5304E+01    8.9974E+00   
 2.1596E+02    4.5217E+01    5.2927E+01    2.0404E+01    1.7028E+01    1.4819E+01    7.1750E+01    4.9863E+01    1.5144E+01    4.5090E+00    1.5768E+01    1.5170E+01    8.9243E+00   
 2.1705E+02    4.5231E+01    5.2947E+01    2.0132E+01    1.7085E+01    1.4483E+01    7.1720E+01    4.9860E+01    1.5164E+01    4.5090E+00    1.5747E+01    1.5267E+01    8.9731E+00   
 2.1813E+02    4.5216E+01    5.2950E+01    2.0389E+01    1.7074E+01    1.4312E+01    7.1666E+01    4.9803E+01    1.5126E+01    4.5294E+00    1.5809E+01    1.5182E+01    8.9974E+00   
 2.1921E+02    4.5228E+01    5.2973E+01    2.0223E+01    1.7053E+01    1.4042E+01    7.1607E+01    4.9750E+01    1.5103E+01    4.5090E+00    1.5768E+01    1.5255E+01    8.9731E+00   
 2.2030E+02    4.5242E+01    5.2981E+01    2.0268E+01    1.7056E+01    1.3839E+01    7.1591E+01    4.9659E+01    1.5079E+01    4.4886E+00    1.5849E+01    1.5158E+01    8.9974E+00   
 2.2139E+02    4.5233E+01    5.3010E+01    2.0315E+01    1.7009E+01    1.3649E+01    7.1604E+01    4.9650E+01    1.5033E+01    4.4886E+00    1.5849E+01    1.4975E+01    8.9488E+00   
 2.2248E+02    4.5237E+01    5.3030E+01    2.0160E+01    1.6973E+01    1.3580E+01    7.1610E+01    4.9581E+01    1.5014E+01    4.4886E+00    1.5829E+01    1.5414E+01    8.9731E+00   
 2.2357E+02    4.5233E+01    5.3053E+01    2.0148E+01    1.6941E+01    1.3379E+01    7.1548E+01    4.9469E+01    1.4932E+01    4.4886E+00    1.5829E+01    1.5414E+01    9.0216E+00   
 2.2466E+02    4.5231E+01    5.3075E+01    2.0087E+01    1.6932E+01    1.3210E+01    7.1506E+01    4.9411E+01    1.4864E+01    4.4886E+00    1.5809E+01    1.5353E+01    8.9731E+00   
 2.2575E+02    4.5229E+01    5.3104E+01    2.0269E+01    1.6930E+01    1.3051E+01    7.1460E+01    4.9306E+01    1.4801E+01    4.4683E+00    1.5788E+01    1.5011E+01    8.9974E+00   
 2.2685E+02    4.5238E+01    5.3129E+01    2.0171E+01    1.6867E+01    1.2986E+01    7.1451E+01    4.9196E+01    1.4751E+01    4.4683E+00    1.5849E+01    1.5377E+01    8.9974E+00   
 2.2795E+02    4.5246E+01    5.3117E+01    2.0599E+01    1.6843E+01    1.2866E+01    7.1493E+01    4.9056E+01    1.4684E+01    4.4683E+00    1.5849E+01    1.5219E+01    8.9974E+00   
# Time (s)      T1w (C)       T2w (C)       T1a (C)       T2a (C)       T1r (C)       T2r (C)       T3r (C)       T4r (C)       P1 (bar)      P2 (bar)      Pow (W/100)      Qc (l/min)    
 2.2908E+02    4.5251E+01    5.3126E+01    2.0476E+01    1.6749E+01    1.2785E+01    7.1518E+01    4.8993E+01    1.4614E+01    4.4275E+00    1.5809E+01    1.5426E+01    8.9731E+00   
 2.3017E+02    4.5245E+01    5.3128E+01    2.0196E+01    1.6775E+01    1.2696E+01    7.1553E+01    4.8915E+01    1.4550E+01    4.4071E+00    1.5849E+01    1.5340E+01    8.9731E+00   
 2.3125E+02    4.5245E+01    5.3150E+01    2.0151E+01    1.6749E+01    1.2666E+01    7.1562E+01    4.8801E+01    1.4501E+01    4.4071E+00    1.5849E+01    1.4950E+01    8.9974E+00   
 2.3234E+02    4.5243E+01    5.3136E+01    2.0009E+01    1.6657E+01    1.2591E+01    7.1598E+01    4.8721E+01    1.4441E+01    4.3868E+00    1.5829E+01    1.4890E+01    8.9488E+00   
 2.3342E+02    4.5263E+01    5.3151E+01    2.0320E+01    1.6608E+01    1.2496E+01    7.1592E+01    4.8632E+01    1.4330E+01    4.4071E+00    1.6013E+01    1.4890E+01    9.0216E+00   
 2.3451E+02    4.5265E+01    5.3138E+01    2.0664E+01    1.6496E+01    1.2440E+01    7.1582E+01    4.8502E+01    1.4242E+01    4.3664E+00    1.5870E+01    1.4890E+01    8.9974E+00   
 2.3559E+02    4.5274E+01    5.3142E+01    2.0700E+01    1.6438E+01    1.2358E+01    7.1607E+01    4.8368E+01    1.4181E+01    4.3664E+00    1.5829E+01    1.4865E+01    8.9974E+00   
 2.3667E+02    4.5267E+01    5.3149E+01    2.0802E+01    1.6384E+01    1.2338E+01    7.1635E+01    4.8259E+01    1.4106E+01    4.3257E+00    1.5931E+01    1.4902E+01    9.0216E+00   
 2.3776E+02    4.5267E+01    5.3142E+01    2.0626E+01    1.6414E+01    1.2351E+01    7.1694E+01    4.8221E+01    1.4054E+01    4.3257E+00    1.5829E+01    1.4853E+01    8.9488E+00   
 2.3885E+02    4.5263E+01    5.3139E+01    2.0279E+01    1.6319E+01    1.2399E+01    7.1721E+01    4.8108E+01    1.4012E+01    4.3460E+00    1.5911E+01    1.4877E+01    8.9731E+00   
 2.3994E+02    4.5267E+01    5.3147E+01    2.0328E+01    1.6341E+01    1.2459E+01    7.1760E+01    4.7962E+01    1.3993E+01    4.3053E+00    1.5849E+01    1.5109E+01    8.9974E+00   
 2.4103E+02    4.5270E+01    5.3130E+01    2.0696E+01    1.6232E+01    1.2558E+01    7.1780E+01    4.7907E+01    1.3894E+01    4.3053E+00    1.5972E+01    1.5182E+01    9.0216E+00   
 2.4211E+02    4.5254E+01    5.3117E+01    2.0540E+01    1.6268E+01    1.2704E+01    7.1833E+01    4.7824E+01    1.3846E+01    4.2645E+00    1.5788E+01    1.5072E+01    8.9974E+00   
 2.4320E+02    4.5273E+01    5.3103E+01    2.0617E+01    1.6212E+01    1.2780E+01    7.1844E+01    4.7743E+01    1.3808E+01    4.2442E+00    1.5931E+01    1.5145E+01    8.9731E+00   
 2.4429E+02    4.5274E+01    5.3092E+01    2.0258E+01    1.6210E+01    1.2949E+01    7.1874E+01    4.7682E+01    1.3759E+01    4.2645E+00    1.5788E+01    1.5267E+01    8.9974E+00   
 2.4538E+02    4.5270E+01    5.3079E+01    2.0277E+01    1.6073E+01    1.3114E+01    7.1884E+01    4.7661E+01    1.3691E+01    4.2442E+00    1.5809E+01    1.5206E+01    9.0216E+00   
 2.4647E+02    4.5287E+01    5.3060E+01    2.0404E+01    1.6112E+01    1.3208E+01    7.1911E+01    4.7628E+01    1.3649E+01    4.2238E+00    1.5727E+01    1.5231E+01    8.9731E+00   
 2.4756E+02    4.5301E+01    5.3019E+01    2.0441E+01    1.6014E+01    1.3387E+01    7.1880E+01    4.7647E+01    1.3643E+01    4.2238E+00    1.5829E+01    1.5158E+01    8.9488E+00   
 2.4864E+02    4.5294E+01    5.3015E+01    2.0262E+01    1.6085E+01    1.3554E+01    7.1844E+01    4.7658E+01    1.3616E+01    4.2442E+00    1.5666E+01    1.4695E+01    8.9974E+00   
 2.4974E+02    4.5304E+01    5.2983E+01    2.0173E+01    1.6168E+01    1.3711E+01    7.1814E+01    4.7651E+01    1.3604E+01    4.2034E+00    1.5666E+01    1.4719E+01    8.9488E+00   
 2.5083E+02    4.5270E+01    5.2943E+01    2.0296E+01    1.6120E+01    1.3825E+01    7.1811E+01    4.7716E+01    1.3587E+01    4.2238E+00    1.5707E+01    1.5085E+01    8.9974E+00   
 2.5192E+02    4.5285E+01    5.2922E+01    2.0341E+01    1.6099E+01    1.3997E+01    7.1763E+01    4.7766E+01    1.3590E+01    4.2238E+00    1.5666E+01    1.4756E+01    8.9974E+00   
 2.5300E+02    4.5296E+01    5.2889E+01    2.0665E+01    1.6112E+01    1.4159E+01    7.1738E+01    4.7853E+01    1.3599E+01    4.2238E+00    1.5625E+01    1.4731E+01    8.9974E+00   
 2.5410E+02    4.5299E+01    5.2884E+01    2.0422E+01    1.6236E+01    1.4310E+01    7.1668E+01    4.7879E+01    1.3593E+01    4.2238E+00    1.5625E+01    1.5121E+01    8.9731E+00   
 2.5517E+02    4.5284E+01    5.2859E+01    2.0635E+01    1.6119E+01    1.4392E+01    7.1620E+01    4.7946E+01    1.3602E+01    4.2442E+00    1.5707E+01    1.5145E+01    8.9974E+00   
 2.5626E+02    4.5285E+01    5.2853E+01    2.0806E+01    1.6109E+01    1.4535E+01    7.1573E+01    4.8048E+01    1.3603E+01    4.2442E+00    1.5645E+01    1.4926E+01    8.9974E+00   
 2.5735E+02    4.5301E+01    5.2835E+01    2.0619E+01    1.6157E+01    1.4686E+01    7.1577E+01    4.8114E+01    1.3640E+01    4.2442E+00    1.5686E+01    1.5170E+01    8.9731E+00   
 2.5844E+02    4.5303E+01    5.2826E+01    2.0259E+01    1.6198E+01    1.4759E+01    7.1619E+01    4.8221E+01    1.3630E+01    4.2442E+00    1.5523E+01    1.4829E+01    8.9731E+00   
 2.5953E+02    4.5301E+01    5.2821E+01    2.0429E+01    1.6041E+01    1.4887E+01    7.1647E+01    4.8329E+01    1.3649E+01    4.2442E+00    1.5605E+01    1.5158E+01    8.9731E+00   
 2.6067E+02    4.5297E+01    5.2805E+01    2.0595E+01    1.6167E+01    1.5024E+01    7.1691E+01    4.8470E+01    1.3673E+01    4.2645E+00    1.5645E+01    1.5109E+01    8.9974E+00   
# Time (s)      T1w (C)       T2w (C)       T1a (C)       T2a (C)       T1r (C)       T2r (C)       T3r (C)       T4r (C)       P1 (bar)      P2 (bar)      Pow (W/100)      Qc (l/min)    
 2.6176E+02    4.5309E+01    5.2795E+01    2.0923E+01    1.6123E+01    1.5162E+01    7.1745E+01    4.8527E+01    1.3710E+01    4.2645E+00    1.5686E+01    1.4682E+01    8.9974E+00   
 2.6286E+02    4.5306E+01    5.2793E+01    2.1254E+01    1.6172E+01    1.5218E+01    7.1799E+01    4.8642E+01    1.3719E+01    4.2645E+00    1.5584E+01    1.4829E+01    8.9731E+00   
 2.6394E+02    4.5304E+01    5.2761E+01    2.1083E+01    1.6228E+01    1.5331E+01    7.1879E+01    4.8721E+01    1.3754E+01    4.2442E+00    1.5707E+01    1.5145E+01    8.9488E+00   
 2.6501E+02    4.5294E+01    5.2767E+01    2.0785E+01    1.6202E+01    1.5438E+01    7.1898E+01    4.8807E+01    1.3773E+01    4.2849E+00    1.5666E+01    1.4902E+01    8.9731E+00   
 2.6609E+02    4.5283E+01    5.2729E+01    2.0535E+01    1.6220E+01    1.5563E+01    7.1943E+01    4.8856E+01    1.3806E+01    4.2849E+00    1.5584E+01    1.4756E+01    8.9488E+00   
 2.6717E+02    4.5269E+01    5.2725E+01    2.0811E+01    1.6312E+01    1.5605E+01    7.1970E+01    4.8903E+01    1.3813E+01    4.2849E+00    1.5605E+01    1.5145E+01    8.9488E+00   
 2.6826E+02    4.5290E+01    5.2734E+01    2.0733E+01    1.6352E+01    1.5699E+01    7.1950E+01    4.8986E+01    1.3821E+01    4.3053E+00    1.5686E+01    1.5060E+01    9.0216E+00   
 2.6934E+02    4.5289E+01    5.2731E+01    2.0843E+01    1.6275E+01    1.5797E+01    7.1944E+01    4.9054E+01    1.3832E+01    4.3257E+00    1.5727E+01    1.4829E+01    8.9974E+00   
 2.7045E+02    4.5307E+01    5.2734E+01    2.1348E+01    1.6417E+01    1.5897E+01    7.1919E+01    4.9104E+01    1.3891E+01    4.2849E+00    1.5686E+01    1.4719E+01    9.0216E+00   
 2.7154E+02    4.5288E+01    5.2758E+01    2.0794E+01    1.6390E+01    1.5958E+01    7.1878E+01    4.9145E+01    1.3956E+01    4.3257E+00    1.5666E+01    1.4987E+01    8.9488E+00   
 2.7263E+02    4.5298E+01    5.2764E+01    2.1032E+01    1.6382E+01    1.6040E+01    7.1830E+01    4.9247E+01    1.3955E+01    4.3257E+00    1.5768E+01    1.5145E+01    8.9974E+00   
 2.7372E+02    4.5310E+01    5.2790E+01    2.1054E+01    1.6462E+01    1.6133E+01    7.1798E+01    4.9334E+01    1.3982E+01    4.3460E+00    1.5605E+01    1.5158E+01    8.9731E+00   
 2.7481E+02    4.5325E+01    5.2808E+01    2.0918E+01    1.6569E+01    1.6215E+01    7.1742E+01    4.9340E+01    1.4054E+01    4.3257E+00    1.5747E+01    1.5206E+01    8.9488E+00   
 2.7589E+02    4.5325E+01    5.2817E+01    2.1185E+01    1.6466E+01    1.6244E+01    7.1689E+01    4.9331E+01    1.4056E+01    4.3460E+00    1.5605E+01    1.4987E+01    8.9974E+00   
 2.7698E+02    4.5321E+01    5.2825E+01    2.0906E+01    1.6468E+01    1.6303E+01    7.1680E+01    4.9378E+01    1.4047E+01    4.3460E+00    1.5666E+01    1.4865E+01    8.9731E+00   
 2.7807E+02    4.5341E+01    5.2844E+01    2.1168E+01    1.6546E+01    1.6366E+01    7.1662E+01    4.9354E+01    1.4057E+01    4.3868E+00    1.5686E+01    1.4877E+01    8.9974E+00   
 2.7916E+02    4.5339E+01    5.2860E+01    2.0931E+01    1.6562E+01    1.6397E+01    7.1650E+01    4.9421E+01    1.4119E+01    4.3664E+00    1.5645E+01    1.4780E+01    9.0216E+00   
 2.8025E+02    4.5340E+01    5.2860E+01    2.0936E+01    1.6516E+01    1.6488E+01    7.1649E+01    4.9474E+01    1.4164E+01    4.3868E+00    1.5707E+01    1.4768E+01    8.9731E+00   
 2.8133E+02    4.5351E+01    5.2870E+01    2.1166E+01    1.6610E+01    1.6563E+01    7.1675E+01    4.9546E+01    1.4200E+01    4.4071E+00    1.5605E+01    1.4816E+01    8.9974E+00   
 2.8242E+02    4.5352E+01    5.2887E+01    2.0810E+01    1.6523E+01    1.6632E+01    7.1631E+01    4.9541E+01    1.4221E+01    4.3664E+00    1.5768E+01    1.4780E+01    8.9974E+00   
 2.8351E+02    4.5342E+01    5.2892E+01    2.0821E+01    1.6465E+01    1.6652E+01    7.1635E+01    4.9554E+01    1.4255E+01    4.4071E+00    1.5625E+01    1.4853E+01    8.9974E+00   
 2.8460E+02    4.5353E+01    5.2908E+01    2.0539E+01    1.6524E+01    1.6717E+01    7.1657E+01    4.9555E+01    1.4274E+01    4.3868E+00    1.5747E+01    1.5145E+01    8.9974E+00   
 2.8569E+02    4.5355E+01    5.2912E+01    2.0497E+01    1.6602E+01    1.6752E+01    7.1635E+01    4.9596E+01    1.4308E+01    4.4275E+00    1.5666E+01    1.4890E+01    8.9731E+00   
 2.8678E+02    4.5348E+01    5.2926E+01    2.0292E+01    1.6621E+01    1.6819E+01    7.1640E+01    4.9586E+01    1.4339E+01    4.4275E+00    1.5645E+01    1.5219E+01    8.9731E+00   
 2.8785E+02    4.5350E+01    5.2927E+01    2.0245E+01    1.6637E+01    1.6868E+01    7.1718E+01    4.9621E+01    1.4372E+01    4.4071E+00    1.5788E+01    1.5158E+01    8.9731E+00   
 2.8894E+02    4.5364E+01    5.2917E+01    2.0030E+01    1.6700E+01    1.6911E+01    7.1757E+01    4.9628E+01    1.4404E+01    4.4071E+00    1.5645E+01    1.4865E+01    8.9731E+00   
 2.9003E+02    4.5355E+01    5.2929E+01    2.0256E+01    1.6728E+01    1.6972E+01    7.1791E+01    4.9653E+01    1.4465E+01    4.4479E+00    1.5707E+01    1.4829E+01    8.9974E+00   
 2.9112E+02    4.5370E+01    5.2953E+01    2.0058E+01    1.6657E+01    1.6988E+01    7.1824E+01    4.9685E+01    1.4519E+01    4.4479E+00    1.5809E+01    1.5072E+01    8.9731E+00   
 2.9224E+02    4.5367E+01    5.2958E+01    1.9939E+01    1.6647E+01    1.7022E+01    7.1849E+01    4.9689E+01    1.4578E+01    4.4275E+00    1.5809E+01    1.4865E+01    8.9731E+00   
 2.9334E+02    4.5383E+01    5.2976E+01    1.9670E+01    1.6721E+01    1.7064E+01    7.1801E+01    4.9711E+01    1.4612E+01    4.4479E+00    1.5788E+01    1.4804E+01    8.9731E+00   
# Time (s)      T1w (C)       T2w (C)       T1a (C)       T2a (C)       T1r (C)       T2r (C)       T3r (C)       T4r (C)       P1 (bar)      P2 (bar)      Pow (W/100)      Qc (l/min)    
 2.9446E+02    4.5381E+01    5.2976E+01    1.9635E+01    1.6724E+01    1.7078E+01    7.1809E+01    4.9742E+01    1.4674E+01    4.4479E+00    1.5829E+01    1.5279E+01    8.9974E+00   
 2.9556E+02    4.5377E+01    5.2974E+01    1.9877E+01    1.6772E+01    1.7082E+01    7.1792E+01    4.9743E+01    1.4709E+01    4.4479E+00    1.5870E+01    1.5328E+01    8.9974E+00   
 2.9664E+02    4.5388E+01    5.3004E+01    1.9916E+01    1.6849E+01    1.7073E+01    7.1781E+01    4.9763E+01    1.4750E+01    4.4683E+00    1.5829E+01    1.5328E+01    8.9974E+00   
 2.9771E+02    4.5384E+01    5.3015E+01    1.9972E+01    1.6916E+01    1.7063E+01    7.1743E+01    4.9764E+01    1.4784E+01    4.4479E+00    1.5686E+01    1.4963E+01    8.9731E+00   
 2.9879E+02    4.5395E+01    5.3007E+01    1.9933E+01    1.6894E+01    1.7030E+01    7.1709E+01    4.9779E+01    1.4841E+01    4.4683E+00    1.5829E+01    1.5316E+01    8.9731E+00   
 2.9987E+02    4.5401E+01    5.3018E+01    2.0055E+01    1.6931E+01    1.7014E+01    7.1685E+01    4.9796E+01    1.4926E+01    4.4683E+00    1.5686E+01    1.5304E+01    8.9488E+00   
 3.0096E+02    4.5416E+01    5.3016E+01    2.0170E+01    1.6963E+01    1.6981E+01    7.1696E+01    4.9802E+01    1.4940E+01    4.4886E+00    1.5809E+01    1.5316E+01    8.9974E+00   
 3.0205E+02    4.5381E+01    5.3032E+01    2.0384E+01    1.6901E+01    1.6936E+01    7.1745E+01    4.9882E+01    1.5033E+01    4.4683E+00    1.5707E+01    1.5182E+01    8.9731E+00   
 3.0314E+02    4.5378E+01    5.3019E+01    2.0235E+01    1.6905E+01    1.6875E+01    7.1808E+01    4.9899E+01    1.5107E+01    4.4886E+00    1.5849E+01    1.4914E+01    8.9731E+00   
 3.0423E+02    4.5373E+01    5.3008E+01    2.0238E+01    1.6946E+01    1.6843E+01    7.1791E+01    4.9899E+01    1.5149E+01    4.4683E+00    1.5727E+01    1.4853E+01    8.9974E+00   
 3.0531E+02    4.5386E+01    5.3027E+01    2.0252E+01    1.6985E+01    1.6705E+01    7.1752E+01    4.9905E+01    1.5175E+01    4.4886E+00    1.5849E+01    1.4853E+01    8.9731E+00   
 3.0640E+02    4.5389E+01    5.3047E+01    2.0120E+01    1.6979E+01    1.6523E+01    7.1739E+01    4.9921E+01    1.5235E+01    4.5294E+00    1.5768E+01    1.4902E+01    8.9731E+00   
 3.0749E+02    4.5416E+01    5.3054E+01    2.0075E+01    1.6923E+01    1.6390E+01    7.1691E+01    4.9919E+01    1.5279E+01    4.5090E+00    1.5686E+01    1.5267E+01    8.9974E+00   
 3.0858E+02    4.5431E+01    5.3077E+01    2.0076E+01    1.6991E+01    1.6131E+01    7.1667E+01    4.9924E+01    1.5308E+01    4.5090E+00    1.5829E+01    1.5389E+01    8.9731E+00   
 3.0967E+02    4.5415E+01    5.3078E+01    2.0079E+01    1.6975E+01    1.5751E+01    7.1691E+01    4.9985E+01    1.5331E+01    4.5294E+00    1.5727E+01    1.5389E+01    8.9974E+00   
 3.1076E+02    4.5401E+01    5.3065E+01    2.0417E+01    1.7038E+01    1.5279E+01    7.1690E+01    4.9981E+01    1.5342E+01    4.5498E+00    1.5931E+01    1.5158E+01    9.0216E+00   
 3.1184E+02    4.5379E+01    5.3078E+01    2.0383E+01    1.7040E+01    1.5054E+01    7.1646E+01    4.9956E+01    1.5364E+01    4.5090E+00    1.5809E+01    1.4890E+01    8.9488E+00   
 3.1293E+02    4.5373E+01    5.3083E+01    2.0345E+01    1.6959E+01    1.4692E+01    7.1631E+01    4.9929E+01    1.5355E+01    4.5294E+00    1.5747E+01    1.5401E+01    8.9731E+00   
 3.1403E+02    4.5378E+01    5.3103E+01    2.0358E+01    1.7022E+01    1.4424E+01    7.1630E+01    4.9915E+01    1.5352E+01    4.5294E+00    1.5890E+01    1.5377E+01    8.9974E+00   
 3.1512E+02    4.5376E+01    5.3114E+01    2.0165E+01    1.7016E+01    1.4171E+01    7.1642E+01    4.9884E+01    1.5321E+01    4.5294E+00    1.5890E+01    1.4926E+01    8.9974E+00   
 3.1622E+02    4.5383E+01    5.3132E+01    2.0114E+01    1.6973E+01    1.4059E+01    7.1684E+01    4.9806E+01    1.5265E+01    4.4886E+00    1.5829E+01    1.4926E+01    8.9731E+00   
 3.1731E+02    4.5378E+01    5.3127E+01    2.0220E+01    1.6977E+01    1.3882E+01    7.1727E+01    4.9753E+01    1.5264E+01    4.4886E+00    1.5931E+01    1.5450E+01    8.9243E+00   
 3.1839E+02    4.5385E+01    5.3138E+01    2.0113E+01    1.6943E+01    1.3692E+01    7.1721E+01    4.9640E+01    1.5220E+01    4.4683E+00    1.5870E+01    1.5426E+01    8.9731E+00   
 3.1947E+02    4.5391E+01    5.3183E+01    2.0095E+01    1.6991E+01    1.3594E+01    7.1656E+01    4.9598E+01    1.5161E+01    4.4886E+00    1.5911E+01    1.5231E+01    8.9488E+00   
 3.2056E+02    4.5408E+01    5.3219E+01    2.0136E+01    1.7017E+01    1.3416E+01    7.1601E+01    4.9452E+01    1.5073E+01    4.4886E+00    1.5870E+01    1.4926E+01    8.9488E+00   
 3.2165E+02    4.5419E+01    5.3232E+01    2.0198E+01    1.6923E+01    1.3269E+01    7.1592E+01    4.9346E+01    1.5043E+01    4.4479E+00    1.5849E+01    1.4975E+01    8.9731E+00   
 3.2274E+02    4.5429E+01    5.3241E+01    2.0217E+01    1.6930E+01    1.3116E+01    7.1537E+01    4.9292E+01    1.4961E+01    4.4479E+00    1.5849E+01    1.4975E+01    8.9731E+00   
 3.2386E+02    4.5410E+01    5.3256E+01    2.0283E+01    1.6840E+01    1.3069E+01    7.1494E+01    4.9168E+01    1.4884E+01    4.4683E+00    1.5890E+01    1.5036E+01    8.9731E+00   
 3.2496E+02    4.5401E+01    5.3258E+01    2.0395E+01    1.6856E+01    1.2966E+01    7.1458E+01    4.9051E+01    1.4804E+01    4.4479E+00    1.5890E+01    1.5158E+01    8.9488E+00   
 3.2606E+02    4.5401E+01    5.3293E+01    2.0333E+01    1.6823E+01    1.2846E+01    7.1438E+01    4.8921E+01    1.4772E+01    4.4479E+00    1.6013E+01    1.5414E+01    8.9488E+00   
# Time (s)      T1w (C)       T2w (C)       T1a (C)       T2a (C)       T1r (C)       T2r (C)       T3r (C)       T4r (C)       P1 (bar)      P2 (bar)      Pow (W/100)      Qc (l/min)    
 3.2714E+02    4.5405E+01    5.3281E+01    2.0238E+01    1.6814E+01    1.2744E+01    7.1427E+01    4.8847E+01    1.4692E+01    4.4683E+00    1.5951E+01    1.5450E+01    8.9731E+00   
 3.2822E+02    4.5422E+01    5.3297E+01    2.0324E+01    1.6759E+01    1.2685E+01    7.1443E+01    4.8715E+01    1.4634E+01    4.4071E+00    1.5992E+01    1.4987E+01    8.9488E+00   
 3.2930E+02    4.5427E+01    5.3326E+01    2.0277E+01    1.6726E+01    1.2593E+01    7.1465E+01    4.8581E+01    1.4576E+01    4.4275E+00    1.5972E+01    1.4950E+01    8.9974E+00   
 3.3038E+02    4.5426E+01    5.3324E+01    2.0228E+01    1.6645E+01    1.2512E+01    7.1503E+01    4.8494E+01    1.4494E+01    4.3868E+00    1.5890E+01    1.5279E+01    8.9731E+00   
 3.3147E+02    4.5439E+01    5.3321E+01    2.0098E+01    1.6554E+01    1.2442E+01    7.1536E+01    4.8403E+01    1.4407E+01    4.3664E+00    1.6013E+01    1.5426E+01    8.9974E+00   
 3.3256E+02    4.5427E+01    5.3327E+01    2.0106E+01    1.6604E+01    1.2401E+01    7.1600E+01    4.8286E+01    1.4334E+01    4.3868E+00    1.5972E+01    1.5401E+01    8.9731E+00   
 3.3365E+02    4.5434E+01    5.3302E+01    2.0132E+01    1.6434E+01    1.2380E+01    7.1645E+01    4.8160E+01    1.4295E+01    4.3460E+00    1.5931E+01    1.5206E+01    8.9731E+00   
 3.3473E+02    4.5417E+01    5.3291E+01    2.0123E+01    1.6332E+01    1.2432E+01    7.1675E+01    4.8046E+01    1.4237E+01    4.3257E+00    1.5911E+01    1.4902E+01    8.9488E+00   
 3.3582E+02    4.5413E+01    5.3286E+01    2.0085E+01    1.6394E+01    1.2535E+01    7.1719E+01    4.7977E+01    1.4156E+01    4.3257E+00    1.5870E+01    1.4890E+01    8.9488E+00   
 3.3691E+02    4.5398E+01    5.3259E+01    2.0209E+01    1.6324E+01    1.2578E+01    7.1797E+01    4.7866E+01    1.4126E+01    4.3053E+00    1.5890E+01    1.5145E+01    8.9243E+00   
 3.3801E+02    4.5401E+01    5.3258E+01    2.0414E+01    1.6276E+01    1.2736E+01    7.1829E+01    4.7786E+01    1.4096E+01    4.3053E+00    1.5972E+01    1.5304E+01    8.9243E+00   
 3.3909E+02    4.5429E+01    5.3263E+01    2.0273E+01    1.6286E+01    1.2898E+01    7.1863E+01    4.7721E+01    1.4027E+01    4.2849E+00    1.5911E+01    1.5194E+01    8.9974E+00   
 3.4018E+02    4.5425E+01    5.3235E+01    2.0117E+01    1.6270E+01    1.2996E+01    7.1929E+01    4.7693E+01    1.3999E+01    4.2645E+00    1.5911E+01    1.5279E+01    8.9488E+00   
 3.4126E+02    4.5426E+01    5.3221E+01    2.0188E+01    1.6247E+01    1.3158E+01    7.1974E+01    4.7661E+01    1.3965E+01    4.2442E+00    1.5951E+01    1.5304E+01    8.9488E+00   
 3.4235E+02    4.5457E+01    5.3234E+01    2.0081E+01    1.6308E+01    1.3361E+01    7.2014E+01    4.7630E+01    1.3905E+01    4.2238E+00    1.5747E+01    1.5170E+01    8.8507E+00   
 3.4344E+02    4.5455E+01    5.3207E+01    2.0236E+01    1.6233E+01    1.3559E+01    7.1999E+01    4.7640E+01    1.3883E+01    4.2442E+00    1.5911E+01    1.4890E+01    8.8998E+00   
 3.4453E+02    4.5448E+01    5.3157E+01    2.0273E+01    1.6121E+01    1.3659E+01    7.1985E+01    4.7683E+01    1.3897E+01    4.2442E+00    1.5809E+01    1.4816E+01    8.9243E+00   
 3.4561E+02    4.5443E+01    5.3115E+01    2.0424E+01    1.6194E+01    1.3862E+01    7.1982E+01    4.7770E+01    1.3871E+01    4.2238E+00    1.5809E+01    1.4829E+01    8.9731E+00   
 3.4670E+02    4.5450E+01    5.3104E+01    2.0276E+01    1.6140E+01    1.4082E+01    7.1977E+01    4.7815E+01    1.3877E+01    4.2238E+00    1.5788E+01    1.4780E+01    8.9974E+00   
 3.4779E+02    4.5450E+01    5.3068E+01    2.0234E+01    1.6149E+01    1.4251E+01    7.1974E+01    4.7825E+01    1.3856E+01    4.2645E+00    1.5788E+01    1.4792E+01    9.0216E+00   
 3.4888E+02    4.5465E+01    5.3044E+01    2.0151E+01    1.6092E+01    1.4305E+01    7.2020E+01    4.7895E+01    1.3821E+01    4.2238E+00    1.5686E+01    1.4999E+01    8.9974E+00   
 3.4996E+02    4.5463E+01    5.3022E+01    2.0255E+01    1.6150E+01    1.4503E+01    7.2057E+01    4.7989E+01    1.3858E+01    4.2645E+00    1.5788E+01    1.4950E+01    8.9974E+00   
 3.5105E+02    4.5485E+01    5.3024E+01    2.0196E+01    1.6076E+01    1.4647E+01    7.2102E+01    4.8039E+01    1.3877E+01    4.2442E+00    1.5625E+01    1.5072E+01    8.9731E+00   
 3.5213E+02    4.5479E+01    5.2974E+01    2.0306E+01    1.6159E+01    1.4749E+01    7.2175E+01    4.8143E+01    1.3845E+01    4.2442E+00    1.5829E+01    1.5182E+01    8.9974E+00   
 3.5322E+02    4.5471E+01    5.2950E+01    2.0409E+01    1.6217E+01    1.4920E+01    7.2235E+01    4.8251E+01    1.3885E+01    4.2849E+00    1.5625E+01    1.5036E+01    8.9731E+00   
 3.5431E+02    4.5461E+01    5.2961E+01    2.0146E+01    1.6186E+01    1.5040E+01    7.2240E+01    4.8352E+01    1.3909E+01    4.2645E+00    1.5666E+01    1.4707E+01    8.9731E+00   
 3.5541E+02    4.5477E+01    5.2937E+01    2.0125E+01    1.6158E+01    1.5191E+01    7.2279E+01    4.8408E+01    1.3933E+01    4.2645E+00    1.5727E+01    1.4743E+01    8.9243E+00   
 3.5650E+02    4.5478E+01    5.2933E+01    2.0185E+01    1.6264E+01    1.5266E+01    7.2319E+01    4.8524E+01    1.3955E+01    4.2645E+00    1.5809E+01    1.4768E+01    8.9731E+00   
 3.5766E+02    4.5480E+01    5.2930E+01    2.0199E+01    1.6218E+01    1.5382E+01    7.2339E+01    4.8611E+01    1.3980E+01    4.2645E+00    1.5707E+01    1.4743E+01    8.9488E+00   
 3.5873E+02    4.5476E+01    5.2931E+01    2.0092E+01    1.6220E+01    1.5513E+01    7.2341E+01    4.8727E+01    1.4006E+01    4.2849E+00    1.5707E+01    1.4695E+01    8.9488E+00   
# Time (s)      T1w (C)       T2w (C)       T1a (C)       T2a (C)       T1r (C)       T2r (C)       T3r (C)       T4r (C)       P1 (bar)      P2 (bar)      Pow (W/100)      Qc (l/min)    
 3.5982E+02    4.5476E+01    5.2937E+01    1.9906E+01    1.6247E+01    1.5647E+01    7.2352E+01    4.8768E+01    1.4022E+01    4.3053E+00    1.5707E+01    1.5133E+01    8.9731E+00   
 3.6091E+02    4.5482E+01    5.2936E+01    1.9834E+01    1.6347E+01    1.5731E+01    7.2392E+01    4.8862E+01    1.4049E+01    4.3257E+00    1.5645E+01    1.4963E+01    8.9731E+00   
 3.6198E+02    4.5490E+01    5.2921E+01    1.9851E+01    1.6347E+01    1.5836E+01    7.2415E+01    4.8996E+01    1.4083E+01    4.3053E+00    1.5768E+01    1.5231E+01    8.9731E+00   
 3.6307E+02    4.5506E+01    5.2930E+01    2.0117E+01    1.6469E+01    1.5970E+01    7.2432E+01    4.9114E+01    1.4121E+01    4.3257E+00    1.5645E+01    1.5133E+01    8.9974E+00   
 3.6416E+02    4.5472E+01    5.2928E+01    2.0006E+01    1.6490E+01    1.6068E+01    7.2402E+01    4.9160E+01    1.4137E+01    4.3257E+00    1.5666E+01    1.5133E+01    8.9488E+00   
 3.6525E+02    4.5488E+01    5.2936E+01    1.9928E+01    1.6400E+01    1.6115E+01    7.2386E+01    4.9203E+01    1.4172E+01    4.3053E+00    1.5625E+01    1.4963E+01    8.9731E+00   
 3.6634E+02    4.5487E+01    5.2929E+01    1.9856E+01    1.6442E+01    1.6213E+01    7.2339E+01    4.9334E+01    1.4165E+01    4.3460E+00    1.5788E+01    1.4768E+01    8.9974E+00   
 3.6743E+02    4.5495E+01    5.2947E+01    1.9960E+01    1.6504E+01    1.6311E+01    7.2297E+01    4.9384E+01    1.4210E+01    4.3460E+00    1.5645E+01    1.4780E+01    8.9488E+00   
 3.6851E+02    4.5504E+01    5.2981E+01    2.0070E+01    1.6609E+01    1.6347E+01    7.2235E+01    4.9425E+01    1.4264E+01    4.3257E+00    1.5788E+01    1.4804E+01    8.9974E+00   
 3.6960E+02    4.5506E+01    5.2984E+01    2.0075E+01    1.6609E+01    1.6463E+01    7.2177E+01    4.9495E+01    1.4282E+01    4.3460E+00    1.5707E+01    1.4987E+01    8.9974E+00   
 3.7069E+02    4.5511E+01    5.3000E+01    1.9945E+01    1.6559E+01    1.6555E+01    7.2159E+01    4.9565E+01    1.4335E+01    4.3868E+00    1.5788E+01    1.5279E+01    8.9731E+00   
 3.7178E+02    4.5544E+01    5.3013E+01    2.0024E+01    1.6640E+01    1.6613E+01    7.2105E+01    4.9578E+01    1.4337E+01    4.3868E+00    1.5788E+01    1.5121E+01    8.9731E+00   
 3.7287E+02    4.5539E+01    5.3037E+01    1.9876E+01    1.6631E+01    1.6643E+01    7.2049E+01    4.9613E+01    1.4359E+01    4.3868E+00    1.5666E+01    1.5036E+01    8.9974E+00   
 3.7396E+02    4.5549E+01    5.3051E+01    1.9862E+01    1.6687E+01    1.6700E+01    7.2064E+01    4.9608E+01    1.4366E+01    4.3664E+00    1.5747E+01    1.4890E+01    8.9974E+00   
 3.7504E+02    4.5533E+01    5.3027E+01    2.0010E+01    1.6631E+01    1.6747E+01    7.2052E+01    4.9626E+01    1.4395E+01    4.3868E+00    1.5727E+01    1.4841E+01    8.9731E+00   
 3.7613E+02    4.5542E+01    5.3063E+01    1.9972E+01    1.6722E+01    1.6805E+01    7.2026E+01    4.9663E+01    1.4421E+01    4.3868E+00    1.5849E+01    1.4963E+01    8.9731E+00   
 3.7722E+02    4.5528E+01    5.3055E+01    1.9974E+01    1.6653E+01    1.6845E+01    7.2042E+01    4.9684E+01    1.4463E+01    4.3868E+00    1.5788E+01    1.5072E+01    8.9731E+00   
 3.7831E+02    4.5533E+01    5.3064E+01    2.0022E+01    1.6598E+01    1.6889E+01    7.2007E+01    4.9692E+01    1.4476E+01    4.4071E+00    1.5809E+01    1.5304E+01    8.9731E+00   
 3.7940E+02    4.5550E+01    5.3087E+01    2.0022E+01    1.6584E+01    1.6953E+01    7.2013E+01    4.9743E+01    1.4500E+01    4.4071E+00    1.5788E+01    1.5048E+01    8.9974E+00   
 3.8049E+02    4.5547E+01    5.3092E+01    2.0156E+01    1.6636E+01    1.7000E+01    7.1974E+01    4.9743E+01    1.4539E+01    4.4275E+00    1.5829E+01    1.4853E+01    8.9974E+00   
 3.8158E+02    4.5534E+01    5.3115E+01    2.0139E+01    1.6622E+01    1.7009E+01    7.1925E+01    4.9739E+01    1.4550E+01    4.4071E+00    1.5707E+01    1.5219E+01    8.9488E+00   
 3.8267E+02    4.5544E+01    5.3127E+01    2.0157E+01    1.6646E+01    1.7057E+01    7.1907E+01    4.9779E+01    1.4540E+01    4.4479E+00    1.5829E+01    1.4999E+01    8.9974E+00   
 3.8376E+02    4.5556E+01    5.3130E+01    2.0234E+01    1.6673E+01    1.7120E+01    7.1873E+01    4.9779E+01    1.4576E+01    4.4479E+00    1.5747E+01    1.4853E+01    8.9731E+00   
 3.8485E+02    4.5556E+01    5.3119E+01    2.0158E+01    1.6726E+01    1.7123E+01    7.1812E+01    4.9803E+01    1.4586E+01    4.4479E+00    1.5911E+01    1.4914E+01    8.9974E+00   
 3.8594E+02    4.5539E+01    5.3139E+01    2.0107E+01    1.6742E+01    1.7158E+01    7.1819E+01    4.9809E+01    1.4655E+01    4.4886E+00    1.5788E+01    1.5304E+01    9.0216E+00   
 3.8707E+02    4.5552E+01    5.3145E+01    1.9917E+01    1.6638E+01    1.7191E+01    7.1833E+01    4.9807E+01    1.4663E+01    4.4683E+00    1.5727E+01    1.5145E+01    8.9974E+00   
 3.8817E+02    4.5550E+01    5.3149E+01    2.0038E+01    1.6819E+01    1.7227E+01    7.1897E+01    4.9814E+01    1.4689E+01    4.4886E+00    1.5870E+01    1.4999E+01    8.9974E+00   
 3.8926E+02    4.5564E+01    5.3166E+01    2.0043E+01    1.6807E+01    1.7240E+01    7.1915E+01    4.9831E+01    1.4712E+01    4.4479E+00    1.5829E+01    1.4865E+01    8.9731E+00   
 3.9035E+02    4.5542E+01    5.3171E+01    2.0119E+01    1.6835E+01    1.7266E+01    7.1919E+01    4.9836E+01    1.4712E+01    4.4683E+00    1.5809E+01    1.4890E+01    9.0216E+00   
 3.9142E+02    4.5557E+01    5.3181E+01    2.0116E+01    1.6820E+01    1.7303E+01    7.1924E+01    4.9873E+01    1.4751E+01    4.4886E+00    1.5849E+01    1.5401E+01    8.9974E+00   
