# Run number 12 on Tue May 21 10:26:00 2024
# Time (s)      T1w (C)       T2w (C)       T1a (C)       T2a (C)       T1r (C)       T2r (C)       T3r (C)       T4r (C)       P1 (bar)      P2 (bar)      Pow (W/100)      Qc (l/min)    
 3.1877E-01    4.5465E+01    4.4847E+01    2.1146E+01    2.0263E+01    2.9629E+01    6.0302E+01    4.5154E+01    2.3626E+01    7.3407E+00    7.4872E+00    7.3715E+00    9.6979E+00   
 1.4642E+00    4.5462E+01    4.4954E+01    2.1252E+01    2.0278E+01    2.9610E+01    6.0188E+01    4.5081E+01    2.3905E+01    7.3611E+00    7.4872E+00    7.4080E+00    9.6754E+00   
 2.5582E+00    4.5474E+01    4.5057E+01    2.1248E+01    1.9905E+01    2.9541E+01    6.0047E+01    4.5006E+01    2.4180E+01    7.3407E+00    7.5076E+00    7.5177E+00    9.6528E+00   
 3.6583E+00    4.5432E+01    4.5080E+01    2.1431E+01    1.9806E+01    2.9496E+01    5.9998E+01    4.4875E+01    2.4399E+01    7.3407E+00    7.4872E+00    7.5055E+00    9.6754E+00   
 4.7595E+00    4.5430E+01    4.5074E+01    2.1166E+01    1.9895E+01    2.9429E+01    5.9871E+01    4.4836E+01    2.4454E+01    7.3611E+00    7.4872E+00    7.4080E+00    9.6302E+00   
 5.8557E+00    4.5422E+01    4.5055E+01    2.0956E+01    2.0010E+01    2.9415E+01    5.9758E+01    4.4775E+01    2.4586E+01    7.3611E+00    7.4872E+00    7.4933E+00    9.6302E+00   
 6.9508E+00    4.5409E+01    4.5032E+01    2.0958E+01    1.9886E+01    2.9362E+01    5.9655E+01    4.4709E+01    2.4680E+01    7.3407E+00    7.5280E+00    7.6152E+00    9.6302E+00   
 8.0469E+00    4.5390E+01    4.5021E+01    2.0831E+01    1.9948E+01    2.9323E+01    5.9602E+01    4.4652E+01    2.4711E+01    7.3407E+00    7.5280E+00    7.5664E+00    9.6979E+00   
 9.1379E+00    4.5362E+01    4.5002E+01    2.0803E+01    2.0039E+01    2.9237E+01    5.9469E+01    4.4587E+01    2.4781E+01    7.3815E+00    7.5076E+00    7.5055E+00    9.6302E+00   
 1.0232E+01    4.5353E+01    4.4987E+01    2.0791E+01    2.0088E+01    2.9205E+01    5.9347E+01    4.4492E+01    2.4942E+01    7.3611E+00    7.5076E+00    7.6274E+00    9.6979E+00   
 1.1327E+01    4.5332E+01    4.4998E+01    2.0800E+01    2.0080E+01    2.9159E+01    5.9214E+01    4.4427E+01    2.5009E+01    7.3407E+00    7.5280E+00    7.5786E+00    9.6754E+00   
 1.2423E+01    4.5305E+01    4.4991E+01    2.0763E+01    2.0015E+01    2.9079E+01    5.9143E+01    4.4317E+01    2.5120E+01    7.3815E+00    7.5280E+00    7.5055E+00    9.6979E+00   
 1.3506E+01    4.5285E+01    4.4998E+01    2.0739E+01    2.0089E+01    2.9057E+01    5.9030E+01    4.4222E+01    2.5251E+01    7.3611E+00    7.4872E+00    7.5299E+00    9.6528E+00   
 1.4601E+01    4.5298E+01    4.5041E+01    2.0889E+01    2.0217E+01    2.8996E+01    5.8886E+01    4.4147E+01    2.5161E+01    7.3815E+00    7.4872E+00    7.5664E+00    9.6754E+00   
 1.5696E+01    4.5256E+01    4.5063E+01    2.1304E+01    2.0088E+01    2.8947E+01    5.8837E+01    4.4116E+01    2.5164E+01    7.3611E+00    7.5280E+00    7.6517E+00    9.6754E+00   
 1.6792E+01    4.5241E+01    4.5066E+01    2.1224E+01    2.0179E+01    2.8912E+01    5.8737E+01    4.4025E+01    2.5081E+01    7.3815E+00    7.4872E+00    7.5786E+00    9.6754E+00   
 1.7889E+01    4.5188E+01    4.5077E+01    2.1038E+01    2.0239E+01    2.8882E+01    5.8621E+01    4.4001E+01    2.5183E+01    7.3611E+00    7.5280E+00    7.5177E+00    9.6754E+00   
 1.8985E+01    4.5161E+01    4.5074E+01    2.0878E+01    2.0232E+01    2.8836E+01    5.8484E+01    4.3911E+01    2.5425E+01    7.3407E+00    7.5280E+00    7.6639E+00    9.6528E+00   
 2.0080E+01    4.5122E+01    4.5066E+01    2.0779E+01    2.0209E+01    2.8761E+01    5.8427E+01    4.3818E+01    2.5593E+01    7.3407E+00    7.5280E+00    7.6152E+00    9.6754E+00   
 2.1177E+01    4.5093E+01    4.5066E+01    2.0696E+01    2.0287E+01    2.8706E+01    5.8319E+01    4.3769E+01    2.5736E+01    7.3611E+00    7.5076E+00    7.5542E+00    9.7204E+00   
 2.2274E+01    4.5034E+01    4.5038E+01    2.0727E+01    2.0350E+01    2.8674E+01    5.8187E+01    4.3730E+01    2.5733E+01    7.3611E+00    7.5076E+00    7.5299E+00    9.6302E+00   
 2.3370E+01    4.5027E+01    4.5031E+01    2.0711E+01    2.0381E+01    2.8595E+01    5.8045E+01    4.3646E+01    2.5889E+01    7.3611E+00    7.5076E+00    7.5299E+00    9.6754E+00   
 2.4489E+01    4.4972E+01    4.5022E+01    2.0716E+01    2.0293E+01    2.8561E+01    5.7997E+01    4.3570E+01    2.5975E+01    7.3815E+00    7.5076E+00    7.6517E+00    9.6754E+00   
 2.5593E+01    4.4921E+01    4.5015E+01    2.1410E+01    2.0281E+01    2.8516E+01    5.7876E+01    4.3556E+01    2.6073E+01    7.3611E+00    7.5076E+00    7.6152E+00    9.7204E+00   
 2.6721E+01    4.4891E+01    4.5034E+01    2.1449E+01    2.0026E+01    2.8515E+01    5.7787E+01    4.3528E+01    2.6059E+01    7.3611E+00    7.5076E+00    7.6030E+00    9.6979E+00   
 2.7812E+01    4.4876E+01    4.5021E+01    2.1365E+01    2.0269E+01    2.8476E+01    5.7666E+01    4.3468E+01    2.5962E+01    7.3611E+00    7.4872E+00    7.6517E+00    9.6754E+00   
 2.8900E+01    4.4837E+01    4.5003E+01    2.1829E+01    2.0229E+01    2.8449E+01    5.7627E+01    4.3448E+01    2.5973E+01    7.3407E+00    7.5076E+00    7.6517E+00    9.6754E+00   
 2.9988E+01    4.4800E+01    4.4980E+01    2.1575E+01    2.0086E+01    2.8401E+01    5.7511E+01    4.3332E+01    2.6022E+01    7.3407E+00    7.5280E+00    7.6152E+00    9.6979E+00   
 3.1076E+01    4.4753E+01    4.4962E+01    2.1369E+01    2.0133E+01    2.8393E+01    5.7406E+01    4.3337E+01    2.6036E+01    7.3407E+00    7.5280E+00    7.5908E+00    9.6754E+00   
 3.2171E+01    4.4717E+01    4.4903E+01    2.1278E+01    2.0234E+01    2.8341E+01    5.7283E+01    4.3207E+01    2.6053E+01    7.3407E+00    7.4872E+00    7.5177E+00    9.6979E+00   
# Time (s)      T1w (C)       T2w (C)       T1a (C)       T2a (C)       T1r (C)       T2r (C)       T3r (C)       T4r (C)       P1 (bar)      P2 (bar)      Pow (W/100)      Qc (l/min)    
 3.3261E+01    4.4674E+01    4.4859E+01    2.1165E+01    2.0132E+01    2.8320E+01    5.7237E+01    4.3152E+01    2.5940E+01    7.3611E+00    7.5076E+00    7.5664E+00    9.6528E+00   
 3.4354E+01    4.4634E+01    4.4826E+01    2.1194E+01    2.0196E+01    2.8275E+01    5.7125E+01    4.3138E+01    2.5993E+01    7.3407E+00    7.4872E+00    7.6274E+00    9.6979E+00   
 3.5444E+01    4.4619E+01    4.4758E+01    2.1208E+01    2.0278E+01    2.8262E+01    5.7008E+01    4.3096E+01    2.6032E+01    7.3407E+00    7.5280E+00    7.4811E+00    9.6302E+00   
 3.6540E+01    4.4621E+01    4.4712E+01    2.1267E+01    2.0241E+01    2.8234E+01    5.6912E+01    4.3034E+01    2.6111E+01    7.3611E+00    7.5076E+00    7.5542E+00    9.6754E+00   
 3.7629E+01    4.4582E+01    4.4688E+01    2.1231E+01    2.0288E+01    2.8211E+01    5.6850E+01    4.2939E+01    2.6185E+01    7.3407E+00    7.4872E+00    7.5542E+00    9.6528E+00   
 3.8709E+01    4.4555E+01    4.4642E+01    2.1245E+01    2.0236E+01    2.8198E+01    5.6747E+01    4.2910E+01    2.6279E+01    7.3611E+00    7.5076E+00    7.5177E+00    9.6528E+00   
 3.9797E+01    4.4551E+01    4.4621E+01    2.1214E+01    2.0308E+01    2.8185E+01    5.6662E+01    4.2839E+01    2.6358E+01    7.3407E+00    7.5076E+00    7.6395E+00    9.6754E+00   
 4.0892E+01    4.4502E+01    4.4585E+01    2.1113E+01    2.0309E+01    2.8168E+01    5.6599E+01    4.2776E+01    2.6439E+01    7.3611E+00    7.5280E+00    7.5421E+00    9.6754E+00   
 4.1988E+01    4.4465E+01    4.4583E+01    2.0978E+01    2.0337E+01    2.8156E+01    5.6508E+01    4.2739E+01    2.6505E+01    7.3407E+00    7.5076E+00    7.5664E+00    9.6754E+00   
 4.3083E+01    4.4420E+01    4.4563E+01    2.0885E+01    2.0351E+01    2.8145E+01    5.6397E+01    4.2719E+01    2.6529E+01    7.3611E+00    7.5280E+00    7.6517E+00    9.6528E+00   
 4.4180E+01    4.4399E+01    4.4541E+01    2.1066E+01    2.0312E+01    2.8136E+01    5.6317E+01    4.2385E+01    2.6570E+01    7.3407E+00    7.5076E+00    7.5786E+00    9.6754E+00   
 4.5277E+01    4.4375E+01    4.4511E+01    2.1738E+01    2.0405E+01    2.8123E+01    5.6261E+01    4.2113E+01    2.6589E+01    7.3407E+00    7.5076E+00    7.4933E+00    9.6979E+00   
 4.6373E+01    4.4360E+01    4.4521E+01    2.1883E+01    2.0493E+01    2.8112E+01    5.6157E+01    4.1875E+01    2.6482E+01    7.3407E+00    7.4872E+00    7.6395E+00    9.6979E+00   
 4.7468E+01    4.4338E+01    4.4497E+01    2.1737E+01    2.0401E+01    2.8098E+01    5.6068E+01    4.1779E+01    2.6542E+01    7.3407E+00    7.5076E+00    7.5055E+00    9.6754E+00   
 4.8572E+01    4.4347E+01    4.4476E+01    2.1845E+01    2.0392E+01    2.8067E+01    5.5968E+01    4.1528E+01    2.6595E+01    7.3407E+00    7.5076E+00    7.5299E+00    9.6075E+00   
 4.9669E+01    4.4319E+01    4.4468E+01    2.1773E+01    2.0303E+01    2.8050E+01    5.5896E+01    4.1337E+01    2.6602E+01    7.3203E+00    7.5076E+00    7.6395E+00    9.7204E+00   
 5.0765E+01    4.4285E+01    4.4435E+01    2.1637E+01    2.0308E+01    2.8052E+01    5.5816E+01    4.1139E+01    2.6570E+01    7.3407E+00    7.5076E+00    7.5055E+00    9.6754E+00   
 5.1900E+01    4.4270E+01    4.4399E+01    2.1480E+01    2.0476E+01    2.8029E+01    5.5712E+01    4.1010E+01    2.6457E+01    7.3611E+00    7.5076E+00    7.5055E+00    9.6979E+00   
 5.2989E+01    4.4254E+01    4.4369E+01    2.1701E+01    2.0535E+01    2.8019E+01    5.5604E+01    4.0855E+01    2.6402E+01    7.3407E+00    7.5076E+00    7.4933E+00    9.6979E+00   
 5.4069E+01    4.4216E+01    4.4326E+01    2.1573E+01    2.1675E+01    2.7983E+01    5.5529E+01    4.0649E+01    2.6438E+01    7.3407E+00    7.4872E+00    7.5055E+00    9.6979E+00   
 5.5158E+01    4.4201E+01    4.4309E+01    2.1153E+01    2.2715E+01    2.7957E+01    5.5451E+01    4.0454E+01    2.6559E+01    7.3000E+00    7.4872E+00    7.5908E+00    9.7204E+00   
 5.6238E+01    4.4175E+01    4.4280E+01    2.0731E+01    2.3966E+01    2.7955E+01    5.5338E+01    4.0343E+01    2.6613E+01    7.2796E+00    7.4260E+00    7.6883E+00    9.6528E+00   
 5.7333E+01    4.4158E+01    4.4257E+01    2.0582E+01    2.4575E+01    2.7923E+01    5.5259E+01    4.0113E+01    2.6555E+01    7.2185E+00    7.3648E+00    7.5908E+00    9.6754E+00   
 5.8427E+01    4.4158E+01    4.4258E+01    2.0382E+01    2.4653E+01    2.7881E+01    5.5197E+01    3.9851E+01    2.6480E+01    7.1370E+00    7.3036E+00    7.5786E+00    9.6979E+00   
 5.9508E+01    4.4117E+01    4.4241E+01    2.0388E+01    2.4594E+01    2.7819E+01    5.5085E+01    3.9737E+01    2.6341E+01    7.1166E+00    7.2220E+00    7.5299E+00    9.6528E+00   
 6.0584E+01    4.4092E+01    4.4230E+01    2.0527E+01    2.4567E+01    2.7806E+01    5.5015E+01    3.9502E+01    2.6209E+01    7.0555E+00    7.1812E+00    7.4568E+00    9.6754E+00   
 6.1672E+01    4.4062E+01    4.4167E+01    2.0365E+01    2.4457E+01    2.7784E+01    5.4930E+01    3.9266E+01    2.6158E+01    6.9944E+00    7.1608E+00    7.4446E+00    9.6754E+00   
 6.2760E+01    4.4026E+01    4.4171E+01    2.0401E+01    2.4358E+01    2.7742E+01    5.4902E+01    3.9092E+01    2.6026E+01    6.9740E+00    7.1200E+00    7.4446E+00    9.6979E+00   
 6.3849E+01    4.4011E+01    4.4134E+01    2.0566E+01    2.4262E+01    2.7714E+01    5.4819E+01    3.9001E+01    2.5929E+01    6.9537E+00    7.0589E+00    7.4446E+00    9.6528E+00   
 6.4929E+01    4.3980E+01    4.4071E+01    2.0377E+01    2.4069E+01    2.7670E+01    5.4724E+01    3.8823E+01    2.5779E+01    6.9129E+00    7.0385E+00    7.4568E+00    9.6754E+00   
# Time (s)      T1w (C)       T2w (C)       T1a (C)       T2a (C)       T1r (C)       T2r (C)       T3r (C)       T4r (C)       P1 (bar)      P2 (bar)      Pow (W/100)      Qc (l/min)    
 6.6008E+01    4.3970E+01    4.4026E+01    2.0649E+01    2.3950E+01    2.7624E+01    5.4678E+01    3.8681E+01    2.5701E+01    6.8925E+00    7.0181E+00    7.4568E+00    9.7204E+00   
 6.7088E+01    4.3937E+01    4.4006E+01    2.0997E+01    2.3907E+01    2.7588E+01    5.4603E+01    3.8616E+01    2.5584E+01    6.8518E+00    6.9773E+00    7.4568E+00    9.5847E+00   
 6.8177E+01    4.3930E+01    4.3961E+01    2.1013E+01    2.3855E+01    2.7557E+01    5.4512E+01    3.8494E+01    2.5475E+01    6.7907E+00    6.9365E+00    7.5786E+00    9.6302E+00   
 6.9281E+01    4.3917E+01    4.3943E+01    2.0811E+01    2.3721E+01    2.7525E+01    5.4427E+01    3.8370E+01    2.5425E+01    6.7703E+00    6.9365E+00    7.5299E+00    9.6754E+00   
 7.0369E+01    4.3874E+01    4.3912E+01    2.0547E+01    2.3635E+01    2.7469E+01    5.4374E+01    3.8247E+01    2.5349E+01    6.7499E+00    6.8957E+00    7.4690E+00    9.6754E+00   
 7.1457E+01    4.3865E+01    4.3930E+01    2.0387E+01    2.3648E+01    2.7445E+01    5.4292E+01    3.8196E+01    2.5219E+01    6.7296E+00    6.8753E+00    7.5786E+00    9.6754E+00   
 7.2552E+01    4.3846E+01    4.3901E+01    2.0538E+01    2.3590E+01    2.7428E+01    5.4215E+01    3.8085E+01    2.5131E+01    6.6888E+00    6.8549E+00    7.5055E+00    9.6979E+00   
 7.3642E+01    4.3820E+01    4.3877E+01    2.0533E+01    2.3483E+01    2.7385E+01    5.4141E+01    3.7973E+01    2.5090E+01    6.6684E+00    6.7937E+00    7.5299E+00    9.6754E+00   
 7.4721E+01    4.3809E+01    4.3874E+01    2.0471E+01    2.3443E+01    2.7355E+01    5.4087E+01    3.7854E+01    2.5004E+01    6.6481E+00    6.7733E+00    7.4933E+00    9.6979E+00   
 7.5801E+01    4.3792E+01    4.3853E+01    2.0354E+01    2.3353E+01    2.7327E+01    5.4023E+01    3.7827E+01    2.4875E+01    6.6481E+00    6.7529E+00    7.5055E+00    9.6979E+00   
 7.6890E+01    4.3777E+01    4.3822E+01    2.0331E+01    2.3243E+01    2.7313E+01    5.3933E+01    3.7707E+01    2.4813E+01    6.6073E+00    6.7529E+00    7.5664E+00    9.6754E+00   
 7.7979E+01    4.3765E+01    4.3789E+01    2.1106E+01    2.3194E+01    2.7275E+01    5.3890E+01    3.7624E+01    2.4759E+01    6.6073E+00    6.7121E+00    7.4933E+00    9.6979E+00   
 7.9072E+01    4.3727E+01    4.3784E+01    2.0366E+01    2.3142E+01    2.7239E+01    5.3812E+01    3.7476E+01    2.4696E+01    6.5666E+00    6.7121E+00    7.5786E+00    9.6979E+00   
 8.0168E+01    4.3705E+01    4.3755E+01    2.0213E+01    2.3052E+01    2.7241E+01    5.3735E+01    3.7448E+01    2.4638E+01    6.5666E+00    6.6713E+00    7.5177E+00    9.6979E+00   
 8.1265E+01    4.3682E+01    4.3735E+01    2.0228E+01    2.3066E+01    2.7206E+01    5.3662E+01    3.7330E+01    2.4523E+01    6.5258E+00    6.6713E+00    7.4446E+00    9.6528E+00   
 8.2361E+01    4.3650E+01    4.3707E+01    2.0214E+01    2.2964E+01    2.7206E+01    5.3634E+01    3.7240E+01    2.4534E+01    6.5055E+00    6.6509E+00    7.5664E+00    9.6979E+00   
 8.3488E+01    4.3626E+01    4.3707E+01    2.0165E+01    2.2941E+01    2.7193E+01    5.3558E+01    3.7169E+01    2.4452E+01    6.4851E+00    6.6306E+00    7.5786E+00    9.6528E+00   
 8.4577E+01    4.3605E+01    4.3696E+01    2.0050E+01    2.2899E+01    2.7168E+01    5.3500E+01    3.7120E+01    2.4387E+01    6.4851E+00    6.5898E+00    7.5786E+00    9.6979E+00   
 8.5705E+01    4.3579E+01    4.3674E+01    2.0074E+01    2.2813E+01    2.7172E+01    5.3434E+01    3.7016E+01    2.4346E+01    6.4647E+00    6.6102E+00    7.4933E+00    9.6754E+00   
 8.6790E+01    4.3565E+01    4.3661E+01    2.0034E+01    2.2707E+01    2.7132E+01    5.3372E+01    3.6900E+01    2.4306E+01    6.4444E+00    6.5898E+00    7.5299E+00    9.6979E+00   
 8.7860E+01    4.3539E+01    4.3645E+01    2.0287E+01    2.2715E+01    2.7102E+01    5.3282E+01    3.6802E+01    2.4223E+01    6.4240E+00    6.5694E+00    7.4568E+00    9.6754E+00   
 8.8947E+01    4.3504E+01    4.3622E+01    2.0402E+01    2.2623E+01    2.7086E+01    5.3206E+01    3.6751E+01    2.4157E+01    6.4240E+00    6.5490E+00    7.4568E+00    9.6754E+00   
 9.0035E+01    4.3491E+01    4.3591E+01    2.0370E+01    2.2576E+01    2.7071E+01    5.3125E+01    3.6682E+01    2.4152E+01    6.4036E+00    6.5082E+00    7.4446E+00    9.6754E+00   
 9.1124E+01    4.3462E+01    4.3564E+01    2.0349E+01    2.2491E+01    2.7054E+01    5.3093E+01    3.6611E+01    2.4116E+01    6.4036E+00    6.5082E+00    7.4933E+00    9.6979E+00   
 9.2223E+01    4.3440E+01    4.3543E+01    2.0462E+01    2.2487E+01    2.7036E+01    5.3015E+01    3.6567E+01    2.4029E+01    6.3629E+00    6.5082E+00    7.4568E+00    9.7204E+00   
 9.3306E+01    4.3428E+01    4.3543E+01    2.0534E+01    2.2457E+01    2.7022E+01    5.2930E+01    3.6504E+01    2.3930E+01    6.3629E+00    6.4878E+00    7.5542E+00    9.6754E+00   
 9.4402E+01    4.3423E+01    4.3521E+01    2.0323E+01    2.2470E+01    2.7013E+01    5.2868E+01    3.6448E+01    2.3903E+01    6.3629E+00    6.4674E+00    7.5908E+00    9.6979E+00   
 9.5499E+01    4.3388E+01    4.3490E+01    2.0336E+01    2.2417E+01    2.6990E+01    5.2832E+01    3.6399E+01    2.3893E+01    6.3629E+00    6.4878E+00    7.4811E+00    9.6528E+00   
 9.6589E+01    4.3339E+01    4.3457E+01    2.0296E+01    2.2320E+01    2.6978E+01    5.2743E+01    3.6344E+01    2.3812E+01    6.3425E+00    6.4878E+00    7.5786E+00    9.6528E+00   
 9.7676E+01    4.3330E+01    4.3433E+01    2.0420E+01    2.2272E+01    2.6980E+01    5.2670E+01    3.6285E+01    2.3784E+01    6.3221E+00    6.4470E+00    7.5908E+00    9.6979E+00   
# Time (s)      T1w (C)       T2w (C)       T1a (C)       T2a (C)       T1r (C)       T2r (C)       T3r (C)       T4r (C)       P1 (bar)      P2 (bar)      Pow (W/100)      Qc (l/min)    
 9.8764E+01    4.3320E+01    4.3437E+01    2.0394E+01    2.2259E+01    2.6995E+01    5.2640E+01    3.6243E+01    2.3775E+01    6.3221E+00    6.4470E+00    7.5908E+00    9.6979E+00   
 9.9853E+01    4.3303E+01    4.3432E+01    2.0535E+01    2.2246E+01    2.6957E+01    5.2546E+01    3.6167E+01    2.3758E+01    6.3017E+00    6.4266E+00    7.5421E+00    9.6979E+00   
 1.0096E+02    4.3301E+01    4.3428E+01    2.0480E+01    2.2243E+01    2.6953E+01    5.2474E+01    3.6127E+01    2.3691E+01    6.3017E+00    6.4266E+00    7.4690E+00    9.6528E+00   
 1.0204E+02    4.3319E+01    4.3418E+01    2.0429E+01    2.2195E+01    2.6926E+01    5.2372E+01    3.6025E+01    2.3608E+01    6.2814E+00    6.4266E+00    9.6135E+00    9.6754E+00   
 1.0312E+02    4.3297E+01    4.3380E+01    2.0179E+01    2.2184E+01    2.6896E+01    5.2319E+01    3.5915E+01    2.3544E+01    6.3017E+00    6.4470E+00    1.5194E+01    9.6979E+00   
 1.0421E+02    4.3277E+01    4.3374E+01    2.0335E+01    2.2174E+01    2.6888E+01    5.2224E+01    3.5754E+01    2.3424E+01    6.1795E+00    6.6509E+00    2.4954E+01    9.6528E+00   
 1.0529E+02    4.3248E+01    4.3352E+01    2.0625E+01    2.2113E+01    2.6956E+01    5.2718E+01    3.5603E+01    2.3286E+01    5.7721E+00    8.6293E+00    1.2087E+01    9.6528E+00   
 1.0639E+02    4.3254E+01    4.3367E+01    2.0804E+01    2.2068E+01    2.7239E+01    5.3625E+01    3.5228E+01    2.3005E+01    5.6498E+00    1.0200E+01    1.2721E+01    9.6528E+00   
 1.0748E+02    4.3213E+01    4.3442E+01    2.0867E+01    2.1864E+01    2.7269E+01    5.4127E+01    3.5188E+01    2.2851E+01    5.5480E+00    1.1362E+01    1.3379E+01    9.6754E+00   
 1.0858E+02    4.3193E+01    4.3473E+01    2.0795E+01    2.1772E+01    2.5751E+01    5.5216E+01    3.5529E+01    2.2468E+01    5.4054E+00    1.2117E+01    1.3829E+01    9.6979E+00   
 1.0968E+02    4.3159E+01    4.3601E+01    2.0681E+01    2.1533E+01    2.4843E+01    5.6390E+01    3.6299E+01    2.2107E+01    5.2424E+00    1.2464E+01    1.3635E+01    9.6754E+00   
 1.1082E+02    4.3170E+01    4.3936E+01    2.0662E+01    2.1351E+01    2.3521E+01    5.7475E+01    3.6519E+01    2.1781E+01    5.2017E+00    1.2790E+01    1.3805E+01    9.6979E+00   
 1.1191E+02    4.3120E+01    4.4604E+01    2.0532E+01    2.1159E+01    2.2451E+01    5.7950E+01    3.5792E+01    2.1614E+01    5.1609E+00    1.3096E+01    1.3854E+01    9.6979E+00   
 1.1303E+02    4.3109E+01    4.4942E+01    2.0395E+01    2.1056E+01    2.1612E+01    5.8769E+01    3.4423E+01    2.1318E+01    5.1202E+00    1.3178E+01    1.4366E+01    9.6754E+00   
 1.1411E+02    4.3091E+01    4.5667E+01    2.0398E+01    2.0881E+01    2.1199E+01    5.9419E+01    3.3608E+01    2.0935E+01    5.0998E+00    1.3381E+01    1.4012E+01    9.7204E+00   
 1.1520E+02    4.3083E+01    4.6328E+01    2.0441E+01    2.0647E+01    2.0510E+01    6.0010E+01    3.2057E+01    2.0629E+01    5.0183E+00    1.3524E+01    1.4439E+01    9.6754E+00   
 1.1629E+02    4.3059E+01    4.6860E+01    2.0566E+01    2.0462E+01    1.9792E+01    6.0251E+01    3.0605E+01    2.0462E+01    4.9164E+00    1.3626E+01    1.4268E+01    9.6528E+00   
 1.1737E+02    4.3059E+01    4.7107E+01    2.0552E+01    2.0381E+01    1.9118E+01    6.0785E+01    2.9976E+01    2.0132E+01    4.8961E+00    1.3708E+01    1.4500E+01    9.6528E+00   
 1.1846E+02    4.3019E+01    4.7510E+01    2.0587E+01    2.0183E+01    1.8826E+01    6.1197E+01    2.8800E+01    1.9789E+01    4.8961E+00    1.3973E+01    1.4463E+01    9.6979E+00   
 1.1953E+02    4.3008E+01    4.7837E+01    2.0718E+01    2.0072E+01    1.8318E+01    6.1386E+01    2.7853E+01    1.9652E+01    4.8757E+00    1.3973E+01    1.4134E+01    9.6979E+00   
 1.2061E+02    4.2975E+01    4.7963E+01    2.0590E+01    1.9965E+01    1.7837E+01    6.1771E+01    2.7120E+01    1.9349E+01    4.8553E+00    1.4095E+01    1.4451E+01    9.6754E+00   
 1.2170E+02    4.2937E+01    4.8203E+01    2.0551E+01    1.9777E+01    1.7618E+01    6.2097E+01    2.6825E+01    1.9088E+01    4.8146E+00    1.4075E+01    1.4597E+01    9.6528E+00   
 1.2278E+02    4.2922E+01    4.8419E+01    2.0338E+01    1.9667E+01    1.7235E+01    6.2404E+01    2.6354E+01    1.8778E+01    4.7738E+00    1.4116E+01    1.4475E+01    9.6979E+00   
 1.2386E+02    4.2900E+01    4.8571E+01    2.0222E+01    1.9535E+01    1.6881E+01    6.2574E+01    2.6010E+01    1.8645E+01    4.7738E+00    1.4177E+01    1.4670E+01    9.6754E+00   
 1.2495E+02    4.2907E+01    4.8682E+01    2.0155E+01    1.9454E+01    1.6570E+01    6.2842E+01    2.5759E+01    1.8383E+01    4.7738E+00    1.4238E+01    1.4634E+01    9.6754E+00   
 1.2604E+02    4.2894E+01    4.8857E+01    2.0297E+01    1.9269E+01    1.6395E+01    6.3073E+01    2.5643E+01    1.8126E+01    4.7738E+00    1.4360E+01    1.4658E+01    9.6754E+00   
 1.2713E+02    4.2900E+01    4.9002E+01    2.0297E+01    1.9162E+01    1.6107E+01    6.3288E+01    2.5491E+01    1.8000E+01    4.7331E+00    1.4340E+01    1.4548E+01    9.6754E+00   
 1.2822E+02    4.2875E+01    4.9151E+01    2.0396E+01    1.9056E+01    1.5826E+01    6.3375E+01    2.5353E+01    1.7754E+01    4.7331E+00    1.4340E+01    1.4597E+01    9.7204E+00   
 1.2930E+02    4.2837E+01    4.9169E+01    2.0226E+01    1.8837E+01    1.5690E+01    6.3552E+01    2.5292E+01    1.7468E+01    4.6924E+00    1.4360E+01    1.4743E+01    9.6979E+00   
 1.3038E+02    4.2810E+01    4.9262E+01    2.0181E+01    1.8686E+01    1.5441E+01    6.3764E+01    2.5220E+01    1.7286E+01    4.6720E+00    1.4462E+01    1.4622E+01    9.6979E+00   
# Time (s)      T1w (C)       T2w (C)       T1a (C)       T2a (C)       T1r (C)       T2r (C)       T3r (C)       T4r (C)       P1 (bar)      P2 (bar)      Pow (W/100)      Qc (l/min)    
 1.3146E+02    4.2783E+01    4.9385E+01    2.0198E+01    1.8514E+01    1.5210E+01    6.3838E+01    2.5154E+01    1.7150E+01    4.6720E+00    1.4564E+01    1.4463E+01    9.6754E+00   
 1.3254E+02    4.2786E+01    4.9442E+01    2.0169E+01    1.8416E+01    1.5011E+01    6.4031E+01    2.5140E+01    1.6892E+01    4.6312E+00    1.4483E+01    1.4756E+01    9.6528E+00   
 1.3362E+02    4.2769E+01    4.9532E+01    2.0306E+01    1.8398E+01    1.4867E+01    6.4145E+01    2.5102E+01    1.6632E+01    4.6109E+00    1.4564E+01    1.4707E+01    9.6528E+00   
 1.3471E+02    4.2748E+01    4.9589E+01    2.0323E+01    1.8312E+01    1.4684E+01    6.4284E+01    2.5100E+01    1.6467E+01    4.5905E+00    1.4544E+01    1.4658E+01    9.6979E+00   
 1.3582E+02    4.2714E+01    4.9633E+01    2.0468E+01    1.8111E+01    1.4505E+01    6.4343E+01    2.5078E+01    1.6358E+01    4.5905E+00    1.4646E+01    1.4329E+01    9.7204E+00   
 1.3692E+02    4.2678E+01    4.9626E+01    2.0279E+01    1.8053E+01    1.4349E+01    6.4435E+01    2.5050E+01    1.6136E+01    4.5905E+00    1.4687E+01    1.4780E+01    9.7204E+00   
 1.3802E+02    4.2662E+01    4.9664E+01    2.0189E+01    1.7923E+01    1.4302E+01    6.4555E+01    2.5082E+01    1.5961E+01    4.5701E+00    1.4646E+01    1.4512E+01    9.6979E+00   
 1.3911E+02    4.2636E+01    4.9698E+01    2.0173E+01    1.7817E+01    1.4203E+01    6.4659E+01    2.5081E+01    1.5806E+01    4.5498E+00    1.4585E+01    1.4353E+01    9.6754E+00   
 1.4025E+02    4.2634E+01    4.9747E+01    2.0090E+01    1.7744E+01    1.4117E+01    6.4672E+01    2.5079E+01    1.5756E+01    4.5498E+00    1.4646E+01    1.4390E+01    9.6754E+00   
 1.4134E+02    4.2622E+01    4.9787E+01    1.9902E+01    1.7709E+01    1.4072E+01    6.4730E+01    2.5090E+01    1.5593E+01    4.5294E+00    1.4707E+01    1.4390E+01    9.6979E+00   
 1.4245E+02    4.2617E+01    4.9826E+01    1.9915E+01    1.7504E+01    1.4087E+01    6.4816E+01    2.5117E+01    1.5466E+01    4.4886E+00    1.4626E+01    1.4597E+01    9.7204E+00   
 1.4354E+02    4.2619E+01    4.9843E+01    2.0062E+01    1.7518E+01    1.4089E+01    6.4857E+01    2.5146E+01    1.5337E+01    4.5090E+00    1.4646E+01    1.4439E+01    9.6979E+00   
 1.4462E+02    4.2594E+01    4.9868E+01    2.0182E+01    1.7469E+01    1.4160E+01    6.4909E+01    2.5204E+01    1.5274E+01    4.4683E+00    1.4605E+01    1.4390E+01    9.7204E+00   
 1.4572E+02    4.2586E+01    4.9858E+01    2.0252E+01    1.7444E+01    1.4232E+01    6.4956E+01    2.5255E+01    1.5133E+01    4.4683E+00    1.4707E+01    1.4329E+01    9.7204E+00   
 1.4680E+02    4.2559E+01    4.9883E+01    2.0165E+01    1.7327E+01    1.4272E+01    6.5005E+01    2.5319E+01    1.4993E+01    4.4683E+00    1.4687E+01    1.4329E+01    9.6979E+00   
 1.4788E+02    4.2559E+01    4.9889E+01    2.0122E+01    1.7224E+01    1.4401E+01    6.5031E+01    2.5438E+01    1.4925E+01    4.4479E+00    1.4687E+01    1.4329E+01    9.7428E+00   
 1.4896E+02    4.2527E+01    4.9880E+01    2.0087E+01    1.7207E+01    1.4540E+01    6.5040E+01    2.5630E+01    1.4787E+01    4.4479E+00    1.4626E+01    1.4451E+01    9.7204E+00   
 1.5004E+02    4.2522E+01    4.9867E+01    2.0091E+01    1.7134E+01    1.4603E+01    6.5065E+01    2.5745E+01    1.4673E+01    4.4275E+00    1.4626E+01    1.4536E+01    9.6754E+00   
 1.5112E+02    4.2494E+01    4.9840E+01    2.0323E+01    1.7101E+01    1.4731E+01    6.5125E+01    2.6023E+01    1.4593E+01    4.4479E+00    1.4728E+01    1.4305E+01    9.6754E+00   
 1.5221E+02    4.2493E+01    4.9836E+01    2.0265E+01    1.6954E+01    1.4839E+01    6.5143E+01    2.6396E+01    1.4494E+01    4.4479E+00    1.4626E+01    1.4280E+01    9.6754E+00   
 1.5330E+02    4.2503E+01    4.9829E+01    2.0047E+01    1.6995E+01    1.4972E+01    6.5162E+01    2.6826E+01    1.4445E+01    4.3868E+00    1.4728E+01    1.4305E+01    9.7204E+00   
 1.5439E+02    4.2507E+01    4.9810E+01    1.9939E+01    1.6976E+01    1.5034E+01    6.5198E+01    2.7091E+01    1.4376E+01    4.4071E+00    1.4585E+01    1.4378E+01    9.6754E+00   
 1.5548E+02    4.2503E+01    4.9803E+01    2.0048E+01    1.6862E+01    1.5156E+01    6.5209E+01    2.7730E+01    1.4296E+01    4.3868E+00    1.4544E+01    1.4427E+01    9.7204E+00   
 1.5656E+02    4.2513E+01    4.9780E+01    2.0096E+01    1.6904E+01    1.5284E+01    6.5234E+01    2.8498E+01    1.4275E+01    4.3664E+00    1.4524E+01    1.4317E+01    9.6979E+00   
 1.5764E+02    4.2510E+01    4.9741E+01    2.0103E+01    1.6869E+01    1.5392E+01    6.5215E+01    2.8932E+01    1.4220E+01    4.3664E+00    1.4564E+01    1.4317E+01    9.7428E+00   
 1.5872E+02    4.2512E+01    4.9699E+01    2.0289E+01    1.6697E+01    1.5474E+01    6.5272E+01    2.9889E+01    1.4176E+01    4.3664E+00    1.4544E+01    1.4256E+01    9.6979E+00   
 1.5981E+02    4.2506E+01    4.9687E+01    2.0266E+01    1.6748E+01    1.5582E+01    6.5318E+01    3.0937E+01    1.4199E+01    4.3868E+00    1.4544E+01    1.4256E+01    9.7204E+00   
 1.6088E+02    4.2516E+01    4.9667E+01    2.0452E+01    1.6717E+01    1.5671E+01    6.5334E+01    3.2031E+01    1.4179E+01    4.3868E+00    1.4646E+01    1.4329E+01    9.6979E+00   
 1.6197E+02    4.2535E+01    4.9672E+01    2.0891E+01    1.6812E+01    1.5731E+01    6.5339E+01    3.2579E+01    1.4184E+01    4.3664E+00    1.4483E+01    1.4268E+01    9.6979E+00   
 1.6307E+02    4.2531E+01    4.9665E+01    2.0908E+01    1.6779E+01    1.5823E+01    6.5349E+01    3.3679E+01    1.4186E+01    4.3664E+00    1.4544E+01    1.4378E+01    9.7204E+00   
# Time (s)      T1w (C)       T2w (C)       T1a (C)       T2a (C)       T1r (C)       T2r (C)       T3r (C)       T4r (C)       P1 (bar)      P2 (bar)      Pow (W/100)      Qc (l/min)    
 1.6415E+02    4.2536E+01    4.9636E+01    2.0281E+01    1.6688E+01    1.5876E+01    6.5344E+01    3.4734E+01    1.4189E+01    4.3868E+00    1.4483E+01    1.4305E+01    9.7204E+00   
 1.6524E+02    4.2543E+01    4.9647E+01    2.0435E+01    1.6684E+01    1.5973E+01    6.5344E+01    3.5782E+01    1.4228E+01    4.3868E+00    1.4544E+01    1.4707E+01    9.7204E+00   
 1.6634E+02    4.2562E+01    4.9653E+01    2.0396E+01    1.6705E+01    1.6001E+01    6.5304E+01    3.6258E+01    1.4235E+01    4.3868E+00    1.4544E+01    1.4451E+01    9.7204E+00   
 1.6744E+02    4.2562E+01    4.9653E+01    2.0241E+01    1.6755E+01    1.6077E+01    6.5297E+01    3.7216E+01    1.4248E+01    4.3868E+00    1.4605E+01    1.4232E+01    9.6754E+00   
 1.6853E+02    4.2592E+01    4.9703E+01    2.0397E+01    1.6786E+01    1.6170E+01    6.5267E+01    3.8100E+01    1.4234E+01    4.4071E+00    1.4524E+01    1.4695E+01    9.7204E+00   
 1.6968E+02    4.2616E+01    4.9694E+01    2.0621E+01    1.6758E+01    1.6241E+01    6.5268E+01    3.8897E+01    1.4241E+01    4.3868E+00    1.4544E+01    1.4695E+01    9.6754E+00   
 1.7076E+02    4.2638E+01    4.9726E+01    2.0393E+01    1.6711E+01    1.6277E+01    6.5252E+01    3.9290E+01    1.4247E+01    4.4275E+00    1.4687E+01    1.4305E+01    9.6754E+00   
 1.7186E+02    4.2648E+01    4.9741E+01    2.0239E+01    1.6748E+01    1.6318E+01    6.5231E+01    3.9959E+01    1.4201E+01    4.4275E+00    1.4707E+01    1.4573E+01    9.7204E+00   
 1.7293E+02    4.2665E+01    4.9754E+01    2.0036E+01    1.6777E+01    1.6382E+01    6.5236E+01    4.0548E+01    1.4196E+01    4.4071E+00    1.4585E+01    1.4695E+01    9.6754E+00   
 1.7402E+02    4.2676E+01    4.9775E+01    2.0223E+01    1.6831E+01    1.6467E+01    6.5272E+01    4.1093E+01    1.4218E+01    4.4275E+00    1.4707E+01    1.4585E+01    9.6979E+00   
 1.7511E+02    4.2693E+01    4.9811E+01    2.0389E+01    1.6813E+01    1.6483E+01    6.5239E+01    4.1359E+01    1.4243E+01    4.4479E+00    1.4605E+01    1.4414E+01    9.6979E+00   
 1.7620E+02    4.2715E+01    4.9835E+01    2.0395E+01    1.6870E+01    1.6547E+01    6.5217E+01    4.1847E+01    1.4263E+01    4.4479E+00    1.4707E+01    1.4427E+01    9.6979E+00   
 1.7729E+02    4.2748E+01    4.9883E+01    2.0145E+01    1.6910E+01    1.6551E+01    6.5212E+01    4.2256E+01    1.4272E+01    4.4683E+00    1.4605E+01    1.4329E+01    9.6979E+00   
 1.7838E+02    4.2766E+01    4.9908E+01    2.0326E+01    1.6890E+01    1.6542E+01    6.5163E+01    4.2596E+01    1.4276E+01    4.4683E+00    1.4687E+01    1.4768E+01    9.6979E+00   
 1.7948E+02    4.2777E+01    4.9926E+01    2.0264E+01    1.6922E+01    1.6520E+01    6.5129E+01    4.2780E+01    1.4301E+01    4.4479E+00    1.4646E+01    1.4451E+01    9.6754E+00   
 1.8057E+02    4.2781E+01    4.9937E+01    2.0245E+01    1.6840E+01    1.6360E+01    6.5080E+01    4.3082E+01    1.4323E+01    4.4479E+00    1.4666E+01    1.4475E+01    9.6979E+00   
 1.8166E+02    4.2799E+01    4.9949E+01    2.0337E+01    1.6994E+01    1.6171E+01    6.5104E+01    4.3378E+01    1.4353E+01    4.4683E+00    1.4687E+01    1.4366E+01    9.7204E+00   
 1.8275E+02    4.2814E+01    4.9960E+01    2.0212E+01    1.7001E+01    1.6057E+01    6.5114E+01    4.3516E+01    1.4408E+01    4.4683E+00    1.4687E+01    1.4341E+01    9.7204E+00   
 1.8384E+02    4.2851E+01    4.9993E+01    2.0159E+01    1.7008E+01    1.5551E+01    6.5115E+01    4.3722E+01    1.4417E+01    4.4683E+00    1.4666E+01    1.4427E+01    9.7204E+00   
 1.8493E+02    4.2864E+01    5.0026E+01    2.0119E+01    1.7017E+01    1.4938E+01    6.5093E+01    4.3929E+01    1.4442E+01    4.4479E+00    1.4707E+01    1.4414E+01    9.6979E+00   
 1.8602E+02    4.2895E+01    5.0053E+01    2.0133E+01    1.7068E+01    1.4510E+01    6.5100E+01    4.4073E+01    1.4459E+01    4.4886E+00    1.4728E+01    1.4658E+01    9.6754E+00   
 1.8710E+02    4.2910E+01    5.0077E+01    2.0193E+01    1.7037E+01    1.4319E+01    6.5096E+01    4.4158E+01    1.4463E+01    4.4886E+00    1.4748E+01    1.4792E+01    9.6754E+00   
 1.8819E+02    4.2888E+01    5.0079E+01    2.0194E+01    1.7110E+01    1.4030E+01    6.5096E+01    4.4243E+01    1.4482E+01    4.5090E+00    1.4748E+01    1.4609E+01    9.6979E+00   
 1.8928E+02    4.2914E+01    5.0112E+01    2.0263E+01    1.7078E+01    1.3792E+01    6.5127E+01    4.4270E+01    1.4503E+01    4.4479E+00    1.4748E+01    1.4682E+01    9.7204E+00   
 1.9038E+02    4.2958E+01    5.0147E+01    2.0441E+01    1.7057E+01    1.3589E+01    6.5122E+01    4.4296E+01    1.4505E+01    4.4479E+00    1.4789E+01    1.4414E+01    9.6754E+00   
 1.9147E+02    4.2944E+01    5.0171E+01    2.0210E+01    1.6992E+01    1.3515E+01    6.5103E+01    4.4297E+01    1.4496E+01    4.4275E+00    1.4768E+01    1.4402E+01    9.6979E+00   
 1.9256E+02    4.2965E+01    5.0220E+01    2.0332E+01    1.7038E+01    1.3332E+01    6.5125E+01    4.4221E+01    1.4470E+01    4.4275E+00    1.4768E+01    1.4512E+01    9.7204E+00   
 1.9365E+02    4.2993E+01    5.0257E+01    2.0274E+01    1.7005E+01    1.3155E+01    6.5109E+01    4.4139E+01    1.4442E+01    4.4275E+00    1.4891E+01    1.4609E+01    9.7428E+00   
 1.9476E+02    4.2998E+01    5.0238E+01    2.0035E+01    1.6910E+01    1.3009E+01    6.5125E+01    4.4015E+01    1.4442E+01    4.4071E+00    1.4830E+01    1.4487E+01    9.7204E+00   
 1.9585E+02    4.3044E+01    5.0304E+01    1.9891E+01    1.6831E+01    1.2929E+01    6.5150E+01    4.3972E+01    1.4397E+01    4.4275E+00    1.4830E+01    1.4561E+01    9.7204E+00   
# Time (s)      T1w (C)       T2w (C)       T1a (C)       T2a (C)       T1r (C)       T2r (C)       T3r (C)       T4r (C)       P1 (bar)      P2 (bar)      Pow (W/100)      Qc (l/min)    
 1.9697E+02    4.3047E+01    5.0339E+01    1.9877E+01    1.6859E+01    1.2798E+01    6.5141E+01    4.3841E+01    1.4357E+01    4.3868E+00    1.4809E+01    1.4439E+01    9.6754E+00   
 1.9805E+02    4.3047E+01    5.0330E+01    2.0032E+01    1.6847E+01    1.2693E+01    6.5137E+01    4.3732E+01    1.4328E+01    4.3868E+00    1.4993E+01    1.4414E+01    9.7204E+00   
 1.9914E+02    4.3049E+01    5.0357E+01    2.0127E+01    1.6788E+01    1.2638E+01    6.5121E+01    4.3655E+01    1.4279E+01    4.3868E+00    1.4891E+01    1.4853E+01    9.7428E+00   
 2.0022E+02    4.3048E+01    5.0381E+01    2.0222E+01    1.6634E+01    1.2559E+01    6.5107E+01    4.3574E+01    1.4217E+01    4.3664E+00    1.4932E+01    1.4402E+01    9.6979E+00   
 2.0131E+02    4.3089E+01    5.0405E+01    2.0623E+01    1.6650E+01    1.2477E+01    6.5120E+01    4.3457E+01    1.4207E+01    4.3868E+00    1.4952E+01    1.4439E+01    9.7204E+00   
 2.0241E+02    4.3106E+01    5.0445E+01    2.0246E+01    1.6669E+01    1.2430E+01    6.5172E+01    4.3330E+01    1.4150E+01    4.3460E+00    1.4809E+01    1.4695E+01    9.6754E+00   
 2.0350E+02    4.3121E+01    5.0452E+01    2.0426E+01    1.6627E+01    1.2439E+01    6.5207E+01    4.3299E+01    1.4124E+01    4.3664E+00    1.5013E+01    1.4804E+01    9.6754E+00   
 2.0459E+02    4.3111E+01    5.0433E+01    2.0421E+01    1.6617E+01    1.2360E+01    6.5222E+01    4.3160E+01    1.4051E+01    4.3257E+00    1.4911E+01    1.4524E+01    9.6979E+00   
 2.0567E+02    4.3097E+01    5.0429E+01    2.0212E+01    1.6623E+01    1.2371E+01    6.5245E+01    4.3052E+01    1.4038E+01    4.3460E+00    1.4993E+01    1.4439E+01    9.6979E+00   
 2.0676E+02    4.3107E+01    5.0446E+01    2.0721E+01    1.6498E+01    1.2394E+01    6.5247E+01    4.2961E+01    1.3974E+01    4.3053E+00    1.4850E+01    1.4366E+01    9.6754E+00   
 2.0785E+02    4.3123E+01    5.0429E+01    2.0596E+01    1.6457E+01    1.2449E+01    6.5294E+01    4.2927E+01    1.3924E+01    4.3053E+00    1.4952E+01    1.4682E+01    9.7204E+00   
 2.0894E+02    4.3143E+01    5.0446E+01    2.0663E+01    1.6350E+01    1.2547E+01    6.5326E+01    4.2845E+01    1.3860E+01    4.3053E+00    1.4891E+01    1.4804E+01    9.7428E+00   
 2.1003E+02    4.3174E+01    5.0461E+01    2.1119E+01    1.6387E+01    1.2684E+01    6.5354E+01    4.2796E+01    1.3807E+01    4.2849E+00    1.4932E+01    1.4670E+01    9.7204E+00   
 2.1111E+02    4.3197E+01    5.0476E+01    2.0757E+01    1.6359E+01    1.2833E+01    6.5417E+01    4.2758E+01    1.3750E+01    4.2442E+00    1.4891E+01    1.4378E+01    9.6979E+00   
 2.1220E+02    4.3190E+01    5.0473E+01    2.0920E+01    1.6366E+01    1.2910E+01    6.5461E+01    4.2753E+01    1.3701E+01    4.2849E+00    1.4789E+01    1.4378E+01    9.7204E+00   
 2.1329E+02    4.3175E+01    5.0449E+01    2.1350E+01    1.6232E+01    1.3010E+01    6.5433E+01    4.2742E+01    1.3655E+01    4.2645E+00    1.4870E+01    1.4719E+01    9.7428E+00   
 2.1438E+02    4.3195E+01    5.0450E+01    2.0922E+01    1.6198E+01    1.3129E+01    6.5410E+01    4.2723E+01    1.3634E+01    4.2442E+00    1.4768E+01    1.4743E+01    9.6979E+00   
 2.1547E+02    4.3204E+01    5.0426E+01    2.0886E+01    1.6355E+01    1.3171E+01    6.5435E+01    4.2734E+01    1.3617E+01    4.2238E+00    1.4850E+01    1.4524E+01    9.6528E+00   
 2.1656E+02    4.3200E+01    5.0386E+01    2.0558E+01    1.6336E+01    1.3303E+01    6.5436E+01    4.2761E+01    1.3587E+01    4.2034E+00    1.4748E+01    1.4622E+01    9.6979E+00   
 2.1765E+02    4.3180E+01    5.0346E+01    2.0341E+01    1.6236E+01    1.3413E+01    6.5462E+01    4.2843E+01    1.3535E+01    4.2034E+00    1.4809E+01    1.4573E+01    9.6754E+00   
 2.1874E+02    4.3189E+01    5.0323E+01    2.0330E+01    1.6325E+01    1.3543E+01    6.5447E+01    4.2947E+01    1.3578E+01    4.2238E+00    1.4809E+01    1.4232E+01    9.6979E+00   
 2.1983E+02    4.3210E+01    5.0290E+01    2.0149E+01    1.6208E+01    1.3602E+01    6.5457E+01    4.2973E+01    1.3550E+01    4.2238E+00    1.4850E+01    1.4548E+01    9.6979E+00   
 2.2093E+02    4.3235E+01    5.0296E+01    2.0142E+01    1.6201E+01    1.3721E+01    6.5456E+01    4.3054E+01    1.3556E+01    4.2238E+00    1.4728E+01    1.4573E+01    9.7204E+00   
 2.2202E+02    4.3232E+01    5.0291E+01    1.9963E+01    1.6316E+01    1.3832E+01    6.5401E+01    4.3163E+01    1.3560E+01    4.2034E+00    1.4687E+01    1.4427E+01    9.7204E+00   
 2.2312E+02    4.3268E+01    5.0297E+01    1.9872E+01    1.6274E+01    1.3960E+01    6.5381E+01    4.3327E+01    1.3521E+01    4.2034E+00    1.4687E+01    1.4609E+01    9.7204E+00   
 2.2420E+02    4.3286E+01    5.0287E+01    2.0153E+01    1.6366E+01    1.4019E+01    6.5348E+01    4.3398E+01    1.3469E+01    4.2034E+00    1.4707E+01    1.4195E+01    9.7428E+00   
 2.2529E+02    4.3284E+01    5.0275E+01    2.0356E+01    1.6353E+01    1.4174E+01    6.5348E+01    4.3532E+01    1.3475E+01    4.2238E+00    1.4666E+01    1.4646E+01    9.7428E+00   
 2.2643E+02    4.3295E+01    5.0265E+01    2.0287E+01    1.6355E+01    1.4319E+01    6.5333E+01    4.3692E+01    1.3454E+01    4.2034E+00    1.4768E+01    1.4682E+01    9.6979E+00   
 2.2752E+02    4.3301E+01    5.0265E+01    2.0373E+01    1.6436E+01    1.4457E+01    6.5307E+01    4.3896E+01    1.3413E+01    4.2238E+00    1.4830E+01    1.4353E+01    9.7428E+00   
 2.2864E+02    4.3299E+01    5.0258E+01    2.0230E+01    1.6344E+01    1.4545E+01    6.5274E+01    4.3954E+01    1.3440E+01    4.2034E+00    1.4850E+01    1.4390E+01    9.7204E+00   
# Time (s)      T1w (C)       T2w (C)       T1a (C)       T2a (C)       T1r (C)       T2r (C)       T3r (C)       T4r (C)       P1 (bar)      P2 (bar)      Pow (W/100)      Qc (l/min)    
 2.2972E+02    4.3288E+01    5.0257E+01    2.0220E+01    1.6332E+01    1.4684E+01    6.5244E+01    4.4115E+01    1.3452E+01    4.2238E+00    1.4707E+01    1.4658E+01    9.6979E+00   
 2.3080E+02    4.3279E+01    5.0271E+01    2.0152E+01    1.6482E+01    1.4837E+01    6.5234E+01    4.4341E+01    1.3437E+01    4.2238E+00    1.4707E+01    1.4329E+01    9.7204E+00   
 2.3188E+02    4.3306E+01    5.0292E+01    2.0162E+01    1.6478E+01    1.5001E+01    6.5227E+01    4.4521E+01    1.3481E+01    4.2238E+00    1.4809E+01    1.4244E+01    9.7428E+00   
 2.3296E+02    4.3301E+01    5.0280E+01    2.0223E+01    1.6478E+01    1.5075E+01    6.5244E+01    4.4626E+01    1.3540E+01    4.2238E+00    1.4707E+01    1.4232E+01    9.7428E+00   
 2.3405E+02    4.3328E+01    5.0298E+01    2.0170E+01    1.6426E+01    1.5223E+01    6.5261E+01    4.4831E+01    1.3561E+01    4.2442E+00    1.4809E+01    1.4256E+01    9.7428E+00   
 2.3514E+02    4.3335E+01    5.0306E+01    2.0057E+01    1.6524E+01    1.5354E+01    6.5266E+01    4.5031E+01    1.3567E+01    4.2442E+00    1.4646E+01    1.4280E+01    9.7428E+00   
 2.3623E+02    4.3348E+01    5.0317E+01    2.0045E+01    1.6553E+01    1.5408E+01    6.5267E+01    4.5182E+01    1.3604E+01    4.2442E+00    1.4830E+01    1.4719E+01    9.6979E+00   
 2.3732E+02    4.3384E+01    5.0309E+01    2.0010E+01    1.6554E+01    1.5551E+01    6.5288E+01    4.5228E+01    1.3594E+01    4.2442E+00    1.4666E+01    1.4707E+01    9.7428E+00   
 2.3841E+02    4.3375E+01    5.0321E+01    2.0011E+01    1.6491E+01    1.5661E+01    6.5260E+01    4.5401E+01    1.3599E+01    4.2645E+00    1.4809E+01    1.4573E+01    9.7204E+00   
 2.3949E+02    4.3395E+01    5.0324E+01    2.0438E+01    1.6569E+01    1.5800E+01    6.5297E+01    4.5574E+01    1.3639E+01    4.2442E+00    1.4666E+01    1.4256E+01    9.6754E+00   
 2.4058E+02    4.3425E+01    5.0338E+01    2.0283E+01    1.6580E+01    1.5853E+01    6.5343E+01    4.5659E+01    1.3645E+01    4.2645E+00    1.4830E+01    1.4244E+01    9.7204E+00   
 2.4167E+02    4.3468E+01    5.0345E+01    2.0443E+01    1.6580E+01    1.5957E+01    6.5390E+01    4.5775E+01    1.3692E+01    4.2849E+00    1.4666E+01    1.4256E+01    9.7204E+00   
 2.4276E+02    4.3496E+01    5.0363E+01    2.0489E+01    1.6613E+01    1.6053E+01    6.5422E+01    4.5897E+01    1.3707E+01    4.2849E+00    1.4809E+01    1.4475E+01    9.6979E+00   
 2.4385E+02    4.3505E+01    5.0396E+01    2.0506E+01    1.6569E+01    1.6172E+01    6.5474E+01    4.6007E+01    1.3729E+01    4.2645E+00    1.4707E+01    1.4658E+01    9.6979E+00   
 2.4493E+02    4.3502E+01    5.0399E+01    2.0232E+01    1.6641E+01    1.6226E+01    6.5486E+01    4.6079E+01    1.3776E+01    4.2645E+00    1.4748E+01    1.4256E+01    9.7204E+00   
 2.4603E+02    4.3511E+01    5.0424E+01    2.0132E+01    1.6713E+01    1.6336E+01    6.5539E+01    4.6197E+01    1.3838E+01    4.3053E+00    1.4850E+01    1.4280E+01    9.7204E+00   
 2.4712E+02    4.3524E+01    5.0428E+01    2.0348E+01    1.6728E+01    1.6445E+01    6.5589E+01    4.6308E+01    1.3877E+01    4.2849E+00    1.4768E+01    1.4548E+01    9.7204E+00   
 2.4821E+02    4.3528E+01    5.0432E+01    2.0778E+01    1.6720E+01    1.6548E+01    6.5642E+01    4.6400E+01    1.3931E+01    4.3053E+00    1.4728E+01    1.4622E+01    9.6979E+00   
 2.4930E+02    4.3568E+01    5.0475E+01    2.0573E+01    1.6769E+01    1.6584E+01    6.5680E+01    4.6442E+01    1.3953E+01    4.2849E+00    1.4789E+01    1.4341E+01    9.7204E+00   
 2.5039E+02    4.3577E+01    5.0462E+01    2.0297E+01    1.6764E+01    1.6658E+01    6.5731E+01    4.6534E+01    1.4010E+01    4.3053E+00    1.4850E+01    1.4731E+01    9.6979E+00   
 2.5148E+02    4.3604E+01    5.0464E+01    2.0419E+01    1.6746E+01    1.6727E+01    6.5768E+01    4.6624E+01    1.4026E+01    4.3053E+00    1.4768E+01    1.4280E+01    9.7204E+00   
 2.5257E+02    4.3605E+01    5.0485E+01    2.0279E+01    1.6756E+01    1.6774E+01    6.5840E+01    4.6687E+01    1.4096E+01    4.3257E+00    1.4768E+01    1.4280E+01    9.6754E+00   
 2.5367E+02    4.3617E+01    5.0497E+01    2.0559E+01    1.6786E+01    1.6849E+01    6.5912E+01    4.6724E+01    1.4102E+01    4.3460E+00    1.4768E+01    1.4524E+01    9.7204E+00   
 2.5477E+02    4.3615E+01    5.0497E+01    2.0617E+01    1.6782E+01    1.6908E+01    6.5985E+01    4.6781E+01    1.4133E+01    4.3460E+00    1.4728E+01    1.4548E+01    9.6979E+00   
 2.5591E+02    4.3636E+01    5.0517E+01    2.0954E+01    1.6763E+01    1.6961E+01    6.6038E+01    4.6846E+01    1.4165E+01    4.3460E+00    1.4789E+01    1.4731E+01    9.7204E+00   
 2.5699E+02    4.3647E+01    5.0521E+01    2.0481E+01    1.6723E+01    1.7000E+01    6.6101E+01    4.6920E+01    1.4193E+01    4.3460E+00    1.4809E+01    1.4768E+01    9.7428E+00   
 2.5807E+02    4.3669E+01    5.0548E+01    2.0464E+01    1.6806E+01    1.7045E+01    6.6125E+01    4.6913E+01    1.4245E+01    4.3664E+00    1.4830E+01    1.4390E+01    9.7204E+00   
 2.5915E+02    4.3654E+01    5.0569E+01    2.0819E+01    1.6819E+01    1.7100E+01    6.6158E+01    4.7007E+01    1.4262E+01    4.3664E+00    1.4789E+01    1.4329E+01    9.6302E+00   
 2.6022E+02    4.3668E+01    5.0574E+01    2.0771E+01    1.6849E+01    1.7146E+01    6.6247E+01    4.7059E+01    1.4302E+01    4.3460E+00    1.4830E+01    1.4439E+01    9.6754E+00   
 2.6131E+02    4.3674E+01    5.0596E+01    2.0438E+01    1.6865E+01    1.7187E+01    6.6329E+01    4.7077E+01    1.4360E+01    4.4071E+00    1.4768E+01    1.4780E+01    9.6528E+00   
# Time (s)      T1w (C)       T2w (C)       T1a (C)       T2a (C)       T1r (C)       T2r (C)       T3r (C)       T4r (C)       P1 (bar)      P2 (bar)      Pow (W/100)      Qc (l/min)    
 2.6240E+02    4.3670E+01    5.0605E+01    2.0321E+01    1.6809E+01    1.7254E+01    6.6380E+01    4.7156E+01    1.4385E+01    4.3868E+00    1.4891E+01    1.4402E+01    9.6754E+00   
 2.6349E+02    4.3680E+01    5.0622E+01    2.0283E+01    1.6800E+01    1.7268E+01    6.6368E+01    4.7189E+01    1.4381E+01    4.4071E+00    1.4932E+01    1.4353E+01    9.6979E+00   
 2.6457E+02    4.3703E+01    5.0627E+01    2.0216E+01    1.6833E+01    1.7294E+01    6.6398E+01    4.7219E+01    1.4385E+01    4.3868E+00    1.4789E+01    1.4341E+01    9.6979E+00   
 2.6566E+02    4.3751E+01    5.0665E+01    2.0547E+01    1.6871E+01    1.7313E+01    6.6448E+01    4.7229E+01    1.4452E+01    4.3868E+00    1.4850E+01    1.4816E+01    9.7204E+00   
 2.6675E+02    4.3751E+01    5.0672E+01    2.0967E+01    1.6909E+01    1.7337E+01    6.6447E+01    4.7242E+01    1.4461E+01    4.4275E+00    1.4850E+01    1.4366E+01    9.6979E+00   
 2.6784E+02    4.3778E+01    5.0689E+01    2.1045E+01    1.6835E+01    1.7363E+01    6.6463E+01    4.7268E+01    1.4468E+01    4.4071E+00    1.4932E+01    1.4451E+01    9.6754E+00   
 2.6893E+02    4.3784E+01    5.0713E+01    2.1284E+01    1.6872E+01    1.7385E+01    6.6474E+01    4.7269E+01    1.4486E+01    4.4071E+00    1.4830E+01    1.4780E+01    9.6979E+00   
 2.7002E+02    4.3812E+01    5.0726E+01    2.0996E+01    1.6837E+01    1.7403E+01    6.6521E+01    4.7292E+01    1.4528E+01    4.4071E+00    1.4993E+01    1.4597E+01    9.7204E+00   
 2.7111E+02    4.3808E+01    5.0765E+01    2.0597E+01    1.6975E+01    1.7430E+01    6.6545E+01    4.7350E+01    1.4560E+01    4.4275E+00    1.4870E+01    1.4378E+01    9.7204E+00   
 2.7219E+02    4.3810E+01    5.0788E+01    2.0412E+01    1.6888E+01    1.7477E+01    6.6581E+01    4.7365E+01    1.4593E+01    4.4479E+00    1.4911E+01    1.4816E+01    9.7204E+00   
 2.7328E+02    4.3820E+01    5.0795E+01    2.0140E+01    1.6914E+01    1.7464E+01    6.6619E+01    4.7379E+01    1.4587E+01    4.4479E+00    1.4932E+01    1.4719E+01    9.6979E+00   
 2.7437E+02    4.3841E+01    5.0812E+01    2.0127E+01    1.6876E+01    1.7477E+01    6.6686E+01    4.7376E+01    1.4604E+01    4.4479E+00    1.4911E+01    1.4378E+01    9.6979E+00   
 2.7546E+02    4.3837E+01    5.0822E+01    2.0153E+01    1.6876E+01    1.7465E+01    6.6694E+01    4.7374E+01    1.4591E+01    4.4479E+00    1.5013E+01    1.4804E+01    9.7428E+00   
 2.7655E+02    4.3869E+01    5.0833E+01    2.0284E+01    1.6912E+01    1.7475E+01    6.6714E+01    4.7373E+01    1.4599E+01    4.4479E+00    1.4911E+01    1.4573E+01    9.7204E+00   
 2.7763E+02    4.3869E+01    5.0843E+01    2.0348E+01    1.6848E+01    1.7475E+01    6.6778E+01    4.7368E+01    1.4640E+01    4.4683E+00    1.5013E+01    1.4402E+01    9.6754E+00   
 2.7872E+02    4.3863E+01    5.0859E+01    2.0384E+01    1.6896E+01    1.7481E+01    6.6823E+01    4.7366E+01    1.4643E+01    4.4683E+00    1.4972E+01    1.4780E+01    9.7204E+00   
 2.7981E+02    4.3860E+01    5.0871E+01    2.0312E+01    1.6830E+01    1.7501E+01    6.6855E+01    4.7403E+01    1.4664E+01    4.4683E+00    1.4932E+01    1.4475E+01    9.7428E+00   
 2.8090E+02    4.3907E+01    5.0882E+01    2.0275E+01    1.6877E+01    1.7500E+01    6.6868E+01    4.7419E+01    1.4696E+01    4.4683E+00    1.5013E+01    1.4524E+01    9.6754E+00   
 2.8199E+02    4.3918E+01    5.0930E+01    2.0322E+01    1.6838E+01    1.7479E+01    6.6860E+01    4.7422E+01    1.4738E+01    4.4886E+00    1.4952E+01    1.4439E+01    9.6754E+00   
 2.8308E+02    4.3936E+01    5.0944E+01    2.0372E+01    1.6818E+01    1.7464E+01    6.6882E+01    4.7472E+01    1.4759E+01    4.4683E+00    1.5013E+01    1.4890E+01    9.6754E+00   
 2.8417E+02    4.3946E+01    5.0963E+01    2.0189E+01    1.6897E+01    1.7435E+01    6.6886E+01    4.7476E+01    1.4756E+01    4.4886E+00    1.4993E+01    1.4439E+01    9.6754E+00   
 2.8526E+02    4.3926E+01    5.0961E+01    2.0252E+01    1.6907E+01    1.7410E+01    6.6906E+01    4.7484E+01    1.4774E+01    4.4886E+00    1.4972E+01    1.4780E+01    9.6979E+00   
 2.8635E+02    4.3939E+01    5.0970E+01    2.0124E+01    1.6837E+01    1.7384E+01    6.6926E+01    4.7518E+01    1.4779E+01    4.4479E+00    1.5054E+01    1.4707E+01    9.6754E+00   
 2.8747E+02    4.3959E+01    5.0972E+01    1.9997E+01    1.6890E+01    1.7360E+01    6.6963E+01    4.7540E+01    1.4819E+01    4.4886E+00    1.4932E+01    1.4622E+01    9.6979E+00   
 2.8857E+02    4.3964E+01    5.0984E+01    1.9924E+01    1.6913E+01    1.7322E+01    6.6977E+01    4.7540E+01    1.4829E+01    4.4886E+00    1.5115E+01    1.4743E+01    9.6979E+00   
 2.8970E+02    4.3995E+01    5.1016E+01    2.0177E+01    1.6946E+01    1.7292E+01    6.6999E+01    4.7555E+01    1.4853E+01    4.4479E+00    1.4993E+01    1.4512E+01    9.6528E+00   
 2.9078E+02    4.3984E+01    5.1042E+01    2.0062E+01    1.6913E+01    1.7213E+01    6.7011E+01    4.7515E+01    1.4828E+01    4.4886E+00    1.5115E+01    1.4451E+01    9.7204E+00   
 2.9186E+02    4.3995E+01    5.1063E+01    1.9880E+01    1.6874E+01    1.7163E+01    6.7045E+01    4.7549E+01    1.4832E+01    4.4886E+00    1.4993E+01    1.4475E+01    9.6979E+00   
 2.9295E+02    4.3992E+01    5.1069E+01    1.9925E+01    1.6941E+01    1.7103E+01    6.7109E+01    4.7597E+01    1.4880E+01    4.4683E+00    1.5136E+01    1.4487E+01    9.6979E+00   
 2.9402E+02    4.3989E+01    5.1076E+01    2.0042E+01    1.6904E+01    1.7088E+01    6.7180E+01    4.7625E+01    1.4906E+01    4.4479E+00    1.5013E+01    1.4768E+01    9.6979E+00   
# Time (s)      T1w (C)       T2w (C)       T1a (C)       T2a (C)       T1r (C)       T2r (C)       T3r (C)       T4r (C)       P1 (bar)      P2 (bar)      Pow (W/100)      Qc (l/min)    
 2.9511E+02    4.4020E+01    5.1085E+01    2.0051E+01    1.6944E+01    1.6970E+01    6.7230E+01    4.7656E+01    1.4945E+01    4.4683E+00    1.4993E+01    1.4463E+01    9.6979E+00   
 2.9620E+02    4.4037E+01    5.1100E+01    2.0060E+01    1.6922E+01    1.6769E+01    6.7229E+01    4.7699E+01    1.4937E+01    4.4683E+00    1.5054E+01    1.4902E+01    9.7204E+00   
 2.9729E+02    4.4055E+01    5.1091E+01    2.0018E+01    1.6924E+01    1.6519E+01    6.7264E+01    4.7702E+01    1.4959E+01    4.4886E+00    1.4972E+01    1.4500E+01    9.7204E+00   
 2.9837E+02    4.4053E+01    5.1119E+01    2.0028E+01    1.6956E+01    1.6395E+01    6.7275E+01    4.7708E+01    1.4985E+01    4.5294E+00    1.4972E+01    1.4877E+01    9.6979E+00   
 2.9946E+02    4.4050E+01    5.1115E+01    2.0339E+01    1.7019E+01    1.6138E+01    6.7315E+01    4.7727E+01    1.5020E+01    4.4886E+00    1.5115E+01    1.4536E+01    9.6754E+00   
 3.0055E+02    4.4092E+01    5.1152E+01    2.0455E+01    1.6973E+01    1.5616E+01    6.7318E+01    4.7734E+01    1.5029E+01    4.5090E+00    1.5013E+01    1.4536E+01    9.7204E+00   
 3.0164E+02    4.4089E+01    5.1157E+01    2.0153E+01    1.7015E+01    1.5259E+01    6.7341E+01    4.7744E+01    1.5026E+01    4.5090E+00    1.5074E+01    1.4877E+01    9.6754E+00   
 3.0273E+02    4.4121E+01    5.1180E+01    2.0174E+01    1.7009E+01    1.4803E+01    6.7371E+01    4.7758E+01    1.5024E+01    4.5294E+00    1.5156E+01    1.4548E+01    9.6979E+00   
 3.0381E+02    4.4119E+01    5.1216E+01    2.0011E+01    1.6938E+01    1.4445E+01    6.7390E+01    4.7750E+01    1.5026E+01    4.4886E+00    1.5054E+01    1.4914E+01    9.6979E+00   
 3.0490E+02    4.4104E+01    5.1240E+01    2.0045E+01    1.6946E+01    1.4132E+01    6.7415E+01    4.7739E+01    1.4991E+01    4.5090E+00    1.5095E+01    1.4524E+01    9.6979E+00   
 3.0599E+02    4.4119E+01    5.1229E+01    2.0204E+01    1.6935E+01    1.4015E+01    6.7413E+01    4.7748E+01    1.4985E+01    4.4683E+00    1.5197E+01    1.4926E+01    9.6979E+00   
 3.0708E+02    4.4140E+01    5.1267E+01    2.0123E+01    1.6890E+01    1.3787E+01    6.7450E+01    4.7727E+01    1.4963E+01    4.4886E+00    1.5136E+01    1.4524E+01    9.6754E+00   
 3.0817E+02    4.4140E+01    5.1296E+01    2.0072E+01    1.6877E+01    1.3592E+01    6.7461E+01    4.7659E+01    1.4935E+01    4.4886E+00    1.5115E+01    1.4902E+01    9.6979E+00   
 3.0925E+02    4.4144E+01    5.1329E+01    2.0028E+01    1.6839E+01    1.3410E+01    6.7456E+01    4.7593E+01    1.4900E+01    4.4683E+00    1.5237E+01    1.4756E+01    9.6979E+00   
 3.1034E+02    4.4154E+01    5.1334E+01    1.9989E+01    1.6845E+01    1.3303E+01    6.7450E+01    4.7542E+01    1.4818E+01    4.4479E+00    1.5136E+01    1.4561E+01    9.6979E+00   
 3.1143E+02    4.4159E+01    5.1354E+01    1.9883E+01    1.6715E+01    1.3137E+01    6.7461E+01    4.7449E+01    1.4743E+01    4.4683E+00    1.5237E+01    1.4548E+01    9.6754E+00   
 3.1253E+02    4.4172E+01    5.1376E+01    2.0037E+01    1.6753E+01    1.3041E+01    6.7495E+01    4.7381E+01    1.4728E+01    4.4886E+00    1.5156E+01    1.4902E+01    9.6754E+00   
 3.1362E+02    4.4169E+01    5.1383E+01    2.0147E+01    1.6829E+01    1.2955E+01    6.7564E+01    4.7317E+01    1.4692E+01    4.4683E+00    1.5258E+01    1.4841E+01    9.6754E+00   
 3.1471E+02    4.4181E+01    5.1416E+01    2.0033E+01    1.6743E+01    1.2925E+01    6.7614E+01    4.7275E+01    1.4659E+01    4.4275E+00    1.5115E+01    1.4524E+01    9.6754E+00   
 3.1581E+02    4.4178E+01    5.1420E+01    2.0214E+01    1.6723E+01    1.2855E+01    6.7646E+01    4.7174E+01    1.4607E+01    4.4275E+00    1.5217E+01    1.4999E+01    9.6075E+00   
 3.1689E+02    4.4198E+01    5.1445E+01    2.0114E+01    1.6675E+01    1.2789E+01    6.7699E+01    4.7112E+01    1.4578E+01    4.4071E+00    1.5258E+01    1.4548E+01    9.6528E+00   
 3.1798E+02    4.4220E+01    5.1452E+01    2.0079E+01    1.6644E+01    1.2759E+01    6.7752E+01    4.6991E+01    1.4507E+01    4.3868E+00    1.5278E+01    1.4890E+01    9.6302E+00   
 3.1908E+02    4.4235E+01    5.1441E+01    2.0004E+01    1.6574E+01    1.2749E+01    6.7801E+01    4.6944E+01    1.4465E+01    4.3664E+00    1.5136E+01    1.4743E+01    9.6302E+00   
 3.2018E+02    4.4231E+01    5.1437E+01    1.9866E+01    1.6618E+01    1.2794E+01    6.7824E+01    4.6869E+01    1.4373E+01    4.4071E+00    1.5197E+01    1.4512E+01    9.6754E+00   
 3.2131E+02    4.4241E+01    5.1458E+01    1.9773E+01    1.6516E+01    1.2901E+01    6.7864E+01    4.6765E+01    1.4367E+01    4.3664E+00    1.5197E+01    1.4548E+01    9.6979E+00   
 3.2239E+02    4.4247E+01    5.1457E+01    1.9852E+01    1.6429E+01    1.2956E+01    6.7925E+01    4.6720E+01    1.4320E+01    4.3664E+00    1.5258E+01    1.4487E+01    9.7204E+00   
 3.2347E+02    4.4249E+01    5.1472E+01    1.9852E+01    1.6367E+01    1.3076E+01    6.7995E+01    4.6676E+01    1.4264E+01    4.3460E+00    1.5156E+01    1.4914E+01    9.6754E+00   
 3.2455E+02    4.4261E+01    5.1470E+01    1.9745E+01    1.6454E+01    1.3210E+01    6.8004E+01    4.6591E+01    1.4175E+01    4.3460E+00    1.5176E+01    1.4963E+01    9.6754E+00   
 3.2565E+02    4.4264E+01    5.1486E+01    1.9693E+01    1.6391E+01    1.3356E+01    6.8047E+01    4.6547E+01    1.4191E+01    4.3053E+00    1.5197E+01    1.4731E+01    9.6754E+00   
 3.2674E+02    4.4280E+01    5.1477E+01    1.9705E+01    1.6308E+01    1.3430E+01    6.8096E+01    4.6547E+01    1.4091E+01    4.3257E+00    1.5176E+01    1.4597E+01    9.6754E+00   
# Time (s)      T1w (C)       T2w (C)       T1a (C)       T2a (C)       T1r (C)       T2r (C)       T3r (C)       T4r (C)       P1 (bar)      P2 (bar)      Pow (W/100)      Qc (l/min)    
 3.2781E+02    4.4278E+01    5.1451E+01    1.9970E+01    1.6234E+01    1.3582E+01    6.8138E+01    4.6508E+01    1.4075E+01    4.3053E+00    1.5156E+01    1.4475E+01    9.6979E+00   
 3.2889E+02    4.4260E+01    5.1437E+01    2.0337E+01    1.6311E+01    1.3724E+01    6.8133E+01    4.6505E+01    1.4052E+01    4.3460E+00    1.5095E+01    1.4634E+01    9.6979E+00   
 3.2997E+02    4.4272E+01    5.1423E+01    2.0093E+01    1.6243E+01    1.3786E+01    6.8142E+01    4.6525E+01    1.4008E+01    4.3257E+00    1.5217E+01    1.4536E+01    9.6754E+00   
 3.3106E+02    4.4267E+01    5.1399E+01    2.0005E+01    1.6288E+01    1.3939E+01    6.8158E+01    4.6492E+01    1.3944E+01    4.3257E+00    1.5136E+01    1.4731E+01    9.6302E+00   
 3.3215E+02    4.4268E+01    5.1401E+01    2.0291E+01    1.6244E+01    1.4078E+01    6.8168E+01    4.6458E+01    1.3936E+01    4.3053E+00    1.5136E+01    1.4451E+01    9.6075E+00   
 3.3325E+02    4.4287E+01    5.1401E+01    2.0174E+01    1.6249E+01    1.4220E+01    6.8216E+01    4.6483E+01    1.3903E+01    4.3257E+00    1.5176E+01    1.4573E+01    9.6075E+00   
 3.3435E+02    4.4301E+01    5.1397E+01    2.0164E+01    1.6206E+01    1.4277E+01    6.8249E+01    4.6512E+01    1.3843E+01    4.3257E+00    1.5095E+01    1.4816E+01    9.6754E+00   
 3.3543E+02    4.4320E+01    5.1388E+01    2.0098E+01    1.6139E+01    1.4439E+01    6.8254E+01    4.6543E+01    1.3851E+01    4.3053E+00    1.5136E+01    1.4475E+01    9.6528E+00   
 3.3652E+02    4.4322E+01    5.1387E+01    2.0081E+01    1.6205E+01    1.4599E+01    6.8300E+01    4.6593E+01    1.3881E+01    4.3053E+00    1.5197E+01    1.4622E+01    9.6754E+00   
 3.3761E+02    4.4342E+01    5.1399E+01    2.0100E+01    1.6209E+01    1.4758E+01    6.8370E+01    4.6677E+01    1.3898E+01    4.3053E+00    1.5095E+01    1.4658E+01    9.6754E+00   
 3.3870E+02    4.4367E+01    5.1406E+01    2.0195E+01    1.6233E+01    1.4849E+01    6.8391E+01    4.6743E+01    1.3890E+01    4.3257E+00    1.5074E+01    1.4743E+01    9.6075E+00   
 3.3979E+02    4.4384E+01    5.1406E+01    2.0351E+01    1.6318E+01    1.4972E+01    6.8410E+01    4.6762E+01    1.3936E+01    4.3053E+00    1.5217E+01    1.4561E+01    9.6979E+00   
 3.4087E+02    4.4412E+01    5.1413E+01    2.0137E+01    1.6313E+01    1.5103E+01    6.8420E+01    4.6858E+01    1.3911E+01    4.3257E+00    1.5074E+01    1.4524E+01    9.6754E+00   
 3.4196E+02    4.4400E+01    5.1393E+01    2.0167E+01    1.6359E+01    1.5202E+01    6.8433E+01    4.6916E+01    1.3930E+01    4.3257E+00    1.5054E+01    1.4780E+01    9.6528E+00   
 3.4305E+02    4.4416E+01    5.1405E+01    2.0140E+01    1.6295E+01    1.5212E+01    6.8419E+01    4.6903E+01    1.3946E+01    4.3257E+00    1.5054E+01    1.4841E+01    9.6979E+00   
 3.4414E+02    4.4415E+01    5.1424E+01    2.0397E+01    1.6318E+01    1.5335E+01    6.8399E+01    4.6980E+01    1.3985E+01    4.3257E+00    1.5237E+01    1.4938E+01    9.6528E+00   
 3.4522E+02    4.4435E+01    5.1451E+01    2.0470E+01    1.6373E+01    1.5413E+01    6.8392E+01    4.7068E+01    1.3967E+01    4.3664E+00    1.5115E+01    1.4926E+01    9.6528E+00   
 3.4631E+02    4.4454E+01    5.1459E+01    2.0331E+01    1.6525E+01    1.5479E+01    6.8407E+01    4.7148E+01    1.4015E+01    4.3257E+00    1.5074E+01    1.4768E+01    9.6754E+00   
 3.4740E+02    4.4460E+01    5.1447E+01    2.0243E+01    1.6403E+01    1.5571E+01    6.8454E+01    4.7199E+01    1.4016E+01    4.3257E+00    1.5217E+01    1.4950E+01    9.6754E+00   
 3.4849E+02    4.4456E+01    5.1452E+01    2.0326E+01    1.6386E+01    1.5678E+01    6.8461E+01    4.7294E+01    1.4045E+01    4.3257E+00    1.5095E+01    1.4475E+01    9.6754E+00   
 3.4958E+02    4.4446E+01    5.1445E+01    2.0186E+01    1.6353E+01    1.5777E+01    6.8492E+01    4.7366E+01    1.4048E+01    4.3460E+00    1.5115E+01    1.4719E+01    9.6979E+00   
 3.5067E+02    4.4468E+01    5.1450E+01    2.0152E+01    1.6385E+01    1.5813E+01    6.8504E+01    4.7451E+01    1.4052E+01    4.3664E+00    1.5258E+01    1.4646E+01    9.6979E+00   
 3.5176E+02    4.4490E+01    5.1485E+01    2.0166E+01    1.6371E+01    1.5901E+01    6.8547E+01    4.7472E+01    1.4074E+01    4.3664E+00    1.5095E+01    1.4622E+01    9.6528E+00   
 3.5287E+02    4.4490E+01    5.1495E+01    2.0089E+01    1.6382E+01    1.5977E+01    6.8547E+01    4.7526E+01    1.4063E+01    4.3664E+00    1.5176E+01    1.4914E+01    9.6528E+00   
 3.5396E+02    4.4506E+01    5.1506E+01    2.0103E+01    1.6429E+01    1.6051E+01    6.8574E+01    4.7577E+01    1.4074E+01    4.3460E+00    1.5136E+01    1.4658E+01    9.6979E+00   
 3.5511E+02    4.4538E+01    5.1523E+01    2.0124E+01    1.6471E+01    1.6123E+01    6.8621E+01    4.7653E+01    1.4109E+01    4.3868E+00    1.5258E+01    1.4500E+01    9.6979E+00   
 3.5620E+02    4.4579E+01    5.1556E+01    2.0097E+01    1.6537E+01    1.6224E+01    6.8646E+01    4.7663E+01    1.4131E+01    4.3868E+00    1.5319E+01    1.4756E+01    9.7204E+00   
 3.5728E+02    4.4576E+01    5.1585E+01    2.0164E+01    1.6559E+01    1.6308E+01    6.8687E+01    4.7734E+01    1.4146E+01    4.3664E+00    1.5217E+01    1.4536E+01    9.6754E+00   
 3.5837E+02    4.4579E+01    5.1604E+01    2.0176E+01    1.6545E+01    1.6386E+01    6.8700E+01    4.7791E+01    1.4150E+01    4.3460E+00    1.5258E+01    1.4987E+01    9.6979E+00   
 3.5945E+02    4.4580E+01    5.1583E+01    2.0392E+01    1.6516E+01    1.6424E+01    6.8722E+01    4.7806E+01    1.4136E+01    4.4071E+00    1.5156E+01    1.4524E+01    9.6754E+00   
# Time (s)      T1w (C)       T2w (C)       T1a (C)       T2a (C)       T1r (C)       T2r (C)       T3r (C)       T4r (C)       P1 (bar)      P2 (bar)      Pow (W/100)      Qc (l/min)    
 3.6053E+02    4.4584E+01    5.1595E+01    2.0084E+01    1.6380E+01    1.6477E+01    6.8769E+01    4.7832E+01    1.4149E+01    4.3868E+00    1.5197E+01    1.4573E+01    9.6528E+00   
 3.6161E+02    4.4602E+01    5.1609E+01    2.0994E+01    1.6405E+01    1.6533E+01    6.8784E+01    4.7880E+01    1.4146E+01    4.3868E+00    1.5136E+01    1.4658E+01    9.6754E+00   
 3.6270E+02    4.4618E+01    5.1620E+01    2.0616E+01    1.6441E+01    1.6561E+01    6.8819E+01    4.7916E+01    1.4142E+01    4.3868E+00    1.5299E+01    1.4622E+01    9.6302E+00   
 3.6379E+02    4.4627E+01    5.1627E+01    2.0415E+01    1.6426E+01    1.6613E+01    6.8858E+01    4.7930E+01    1.4148E+01    4.3868E+00    1.5237E+01    1.4914E+01    9.6302E+00   
 3.6488E+02    4.4620E+01    5.1625E+01    2.0339E+01    1.6372E+01    1.6650E+01    6.8860E+01    4.7982E+01    1.4163E+01    4.3664E+00    1.5115E+01    1.4536E+01    9.6754E+00   
 3.6597E+02    4.4638E+01    5.1648E+01    2.0650E+01    1.6333E+01    1.6693E+01    6.8889E+01    4.8044E+01    1.4186E+01    4.3868E+00    1.5237E+01    1.4804E+01    9.6754E+00   
 3.6705E+02    4.4673E+01    5.1666E+01    2.0900E+01    1.6461E+01    1.6695E+01    6.8902E+01    4.8078E+01    1.4188E+01    4.4071E+00    1.5237E+01    1.4573E+01    9.6528E+00   
 3.6814E+02    4.4684E+01    5.1674E+01    2.0819E+01    1.6466E+01    1.6737E+01    6.8921E+01    4.8096E+01    1.4213E+01    4.3868E+00    1.5136E+01    1.4987E+01    9.7204E+00   
 3.6923E+02    4.4686E+01    5.1704E+01    2.0644E+01    1.6455E+01    1.6757E+01    6.8926E+01    4.8140E+01    1.4216E+01    4.4071E+00    1.5278E+01    1.4536E+01    9.6302E+00   
 3.7032E+02    4.4677E+01    5.1722E+01    2.0518E+01    1.6473E+01    1.6766E+01    6.8955E+01    4.8160E+01    1.4230E+01    4.4071E+00    1.5339E+01    1.4950E+01    9.6528E+00   
 3.7141E+02    4.4688E+01    5.1704E+01    2.0672E+01    1.6447E+01    1.6784E+01    6.8994E+01    4.8199E+01    1.4294E+01    4.4071E+00    1.5197E+01    1.4536E+01    9.6075E+00   
 3.7249E+02    4.4703E+01    5.1709E+01    2.0591E+01    1.6477E+01    1.6788E+01    6.9013E+01    4.8226E+01    1.4346E+01    4.4071E+00    1.5217E+01    1.4975E+01    9.6302E+00   
 3.7358E+02    4.4714E+01    5.1734E+01    2.0525E+01    1.6493E+01    1.6770E+01    6.9037E+01    4.8267E+01    1.4379E+01    4.3868E+00    1.5299E+01    1.4548E+01    9.6979E+00   
 3.7467E+02    4.4719E+01    5.1745E+01    2.0527E+01    1.6412E+01    1.6732E+01    6.9034E+01    4.8286E+01    1.4414E+01    4.4071E+00    1.5217E+01    1.5011E+01    9.6754E+00   
 3.7576E+02    4.4758E+01    5.1749E+01    2.0423E+01    1.6445E+01    1.6739E+01    6.9066E+01    4.8330E+01    1.4454E+01    4.4071E+00    1.5217E+01    1.4926E+01    9.6979E+00   
 3.7686E+02    4.4789E+01    5.1777E+01    2.0374E+01    1.6555E+01    1.6659E+01    6.9094E+01    4.8369E+01    1.4511E+01    4.3868E+00    1.5319E+01    1.4914E+01    9.6754E+00   
 3.7796E+02    4.4817E+01    5.1788E+01    2.0389E+01    1.6533E+01    1.6546E+01    6.9104E+01    4.8364E+01    1.4549E+01    4.3868E+00    1.5258E+01    1.4609E+01    9.6754E+00   
 3.7905E+02    4.4802E+01    5.1804E+01    2.0244E+01    1.6531E+01    1.6442E+01    6.9099E+01    4.8365E+01    1.4548E+01    4.4275E+00    1.5197E+01    1.4987E+01    9.6754E+00   
 3.8013E+02    4.4842E+01    5.1828E+01    2.0243E+01    1.6614E+01    1.6231E+01    6.9096E+01    4.8368E+01    1.4564E+01    4.4479E+00    1.5237E+01    1.4585E+01    9.6754E+00   
 3.8122E+02    4.4841E+01    5.1841E+01    2.0512E+01    1.6548E+01    1.5903E+01    6.9104E+01    4.8379E+01    1.4591E+01    4.4275E+00    1.5278E+01    1.4829E+01    9.6754E+00   
 3.8231E+02    4.4844E+01    5.1841E+01    2.0637E+01    1.6542E+01    1.5384E+01    6.9100E+01    4.8379E+01    1.4593E+01    4.4071E+00    1.5237E+01    1.4634E+01    9.6979E+00   
 3.8339E+02    4.4851E+01    5.1876E+01    2.0765E+01    1.6640E+01    1.5045E+01    6.9125E+01    4.8403E+01    1.4643E+01    4.4275E+00    1.5319E+01    1.5024E+01    9.6754E+00   
 3.8450E+02    4.4865E+01    5.1880E+01    2.0768E+01    1.6495E+01    1.4512E+01    6.9126E+01    4.8417E+01    1.4663E+01    4.4275E+00    1.5299E+01    1.4768E+01    9.6754E+00   
 3.8559E+02    4.4850E+01    5.1882E+01    2.0689E+01    1.6632E+01    1.4147E+01    6.9101E+01    4.8406E+01    1.4681E+01    4.4479E+00    1.5401E+01    1.4756E+01    9.6754E+00   
 3.8672E+02    4.4848E+01    5.1888E+01    2.0704E+01    1.6600E+01    1.3825E+01    6.9081E+01    4.8372E+01    1.4655E+01    4.4275E+00    1.5299E+01    1.4926E+01    9.6754E+00   
 3.8782E+02    4.4867E+01    5.1913E+01    2.0433E+01    1.6665E+01    1.3680E+01    6.9032E+01    4.8318E+01    1.4640E+01    4.4275E+00    1.5258E+01    1.4987E+01    9.6528E+00   
 3.8890E+02    4.4896E+01    5.1950E+01    2.0472E+01    1.6573E+01    1.3437E+01    6.8980E+01    4.8271E+01    1.4580E+01    4.4275E+00    1.5278E+01    1.4707E+01    9.6754E+00   
 3.8997E+02    4.4903E+01    5.1994E+01    2.0294E+01    1.6593E+01    1.3205E+01    6.8947E+01    4.8180E+01    1.4494E+01    4.3868E+00    1.5441E+01    1.4804E+01    9.6754E+00   
 3.9104E+02    4.4895E+01    5.1994E+01    2.0122E+01    1.6571E+01    1.3032E+01    6.8905E+01    4.8120E+01    1.4467E+01    4.3868E+00    1.5441E+01    1.5011E+01    9.6528E+00   
 3.9212E+02    4.4933E+01    5.2013E+01    2.0134E+01    1.6552E+01    1.2945E+01    6.8853E+01    4.8092E+01    1.4385E+01    4.3664E+00    1.5380E+01    1.4646E+01    9.6302E+00   
# Time (s)      T1w (C)       T2w (C)       T1a (C)       T2a (C)       T1r (C)       T2r (C)       T3r (C)       T4r (C)       P1 (bar)      P2 (bar)      Pow (W/100)      Qc (l/min)    
 3.9321E+02    4.4951E+01    5.2044E+01    2.0036E+01    1.6483E+01    1.2763E+01    6.8807E+01    4.7994E+01    1.4329E+01    4.3868E+00    1.5339E+01    1.4938E+01    9.6528E+00   
 3.9430E+02    4.4964E+01    5.2071E+01    2.0148E+01    1.6437E+01    1.2625E+01    6.8787E+01    4.7844E+01    1.4263E+01    4.3664E+00    1.5421E+01    1.4658E+01    9.6528E+00   
 3.9539E+02    4.4992E+01    5.2099E+01    2.0025E+01    1.6429E+01    1.2564E+01    6.8762E+01    4.7718E+01    1.4188E+01    4.3460E+00    1.5421E+01    1.5097E+01    9.6302E+00   
 3.9647E+02    4.4987E+01    5.2112E+01    1.9925E+01    1.6457E+01    1.2454E+01    6.8776E+01    4.7681E+01    1.4134E+01    4.3257E+00    1.5360E+01    1.4585E+01    9.6528E+00   
 3.9756E+02    4.4994E+01    5.2142E+01    1.9960E+01    1.6337E+01    1.2339E+01    6.8766E+01    4.7604E+01    1.4046E+01    4.3257E+00    1.5360E+01    1.5085E+01    9.6754E+00   
 3.9865E+02    4.4983E+01    5.2157E+01    1.9940E+01    1.6400E+01    1.2253E+01    6.8757E+01    4.7511E+01    1.4012E+01    4.3257E+00    1.5339E+01    1.4622E+01    9.6528E+00   
 3.9975E+02    4.4981E+01    5.2138E+01    2.0092E+01    1.6259E+01    1.2190E+01    6.8756E+01    4.7398E+01    1.3924E+01    4.3053E+00    1.5482E+01    1.5097E+01    9.6528E+00   
 4.0084E+02    4.4954E+01    5.2123E+01    2.0311E+01    1.6272E+01    1.2142E+01    6.8767E+01    4.7351E+01    1.3826E+01    4.3257E+00    1.5421E+01    1.4622E+01    9.6754E+00   
 4.0192E+02    4.4964E+01    5.2145E+01    2.0300E+01    1.6196E+01    1.2105E+01    6.8756E+01    4.7263E+01    1.3782E+01    4.3053E+00    1.5360E+01    1.5072E+01    9.6754E+00   
 4.0301E+02    4.4991E+01    5.2146E+01    2.0406E+01    1.6194E+01    1.2119E+01    6.8731E+01    4.7139E+01    1.3762E+01    4.2849E+00    1.5360E+01    1.4585E+01    9.6979E+00   
 4.0410E+02    4.5009E+01    5.2152E+01    2.0324E+01    1.6186E+01    1.2121E+01    6.8717E+01    4.7059E+01    1.3661E+01    4.2849E+00    1.5441E+01    1.4829E+01    9.6302E+00   
 4.0519E+02    4.5018E+01    5.2159E+01    2.0295E+01    1.6102E+01    1.2185E+01    6.8750E+01    4.7001E+01    1.3579E+01    4.2849E+00    1.5380E+01    1.4719E+01    9.6528E+00   
 4.0628E+02    4.5009E+01    5.2145E+01    2.0204E+01    1.6156E+01    1.2278E+01    6.8792E+01    4.6897E+01    1.3525E+01    4.2849E+00    1.5319E+01    1.4829E+01    9.6754E+00   
 4.0736E+02    4.5018E+01    5.2141E+01    2.0059E+01    1.6024E+01    1.2338E+01    6.8897E+01    4.6864E+01    1.3500E+01    4.2849E+00    1.5421E+01    1.4695E+01    9.6754E+00   
 4.0845E+02    4.5023E+01    5.2120E+01    2.0046E+01    1.6081E+01    1.2492E+01    6.9005E+01    4.6835E+01    1.3445E+01    4.2442E+00    1.5339E+01    1.4561E+01    9.6754E+00   
 4.0954E+02    4.5026E+01    5.2109E+01    2.0026E+01    1.5908E+01    1.2642E+01    6.9057E+01    4.6807E+01    1.3418E+01    4.2238E+00    1.5319E+01    1.4926E+01    9.6979E+00   
 4.1063E+02    4.5011E+01    5.2112E+01    2.0015E+01    1.5956E+01    1.2801E+01    6.9135E+01    4.6781E+01    1.3376E+01    4.2645E+00    1.5401E+01    1.4561E+01    9.6528E+00   
 4.1172E+02    4.5019E+01    5.2108E+01    2.0235E+01    1.5912E+01    1.2904E+01    6.9256E+01    4.6767E+01    1.3372E+01    4.2442E+00    1.5278E+01    1.4890E+01    9.6075E+00   
 4.1280E+02    4.5059E+01    5.2103E+01    2.0245E+01    1.5875E+01    1.3066E+01    6.9314E+01    4.6790E+01    1.3324E+01    4.2238E+00    1.5319E+01    1.4938E+01    9.6528E+00   
 4.1390E+02    4.5069E+01    5.2053E+01    2.0204E+01    1.5843E+01    1.3233E+01    6.9359E+01    4.6804E+01    1.3326E+01    4.2238E+00    1.5401E+01    1.4512E+01    9.6979E+00   
 4.1499E+02    4.5060E+01    5.2051E+01    2.0242E+01    1.5914E+01    1.3411E+01    6.9408E+01    4.6809E+01    1.3326E+01    4.2442E+00    1.5339E+01    1.4914E+01    9.6979E+00   
 4.1607E+02    4.5080E+01    5.2053E+01    2.0306E+01    1.5818E+01    1.3453E+01    6.9441E+01    4.6840E+01    1.3352E+01    4.2034E+00    1.5258E+01    1.4524E+01    9.6754E+00   
 4.1716E+02    4.5085E+01    5.2024E+01    2.0373E+01    1.5838E+01    1.3641E+01    6.9449E+01    4.6902E+01    1.3368E+01    4.2238E+00    1.5319E+01    1.4902E+01    9.6754E+00   
 4.1825E+02    4.5105E+01    5.2037E+01    2.0513E+01    1.5910E+01    1.3800E+01    6.9458E+01    4.6945E+01    1.3365E+01    4.2034E+00    1.5258E+01    1.4548E+01    9.6528E+00   
 4.1934E+02    4.5120E+01    5.2033E+01    2.0530E+01    1.5824E+01    1.3957E+01    6.9460E+01    4.7002E+01    1.3392E+01    4.2238E+00    1.5360E+01    1.4950E+01    9.6754E+00   
 4.2048E+02    4.5128E+01    5.2049E+01    2.0360E+01    1.5892E+01    1.4062E+01    6.9466E+01    4.7092E+01    1.3441E+01    4.2238E+00    1.5299E+01    1.4707E+01    9.6528E+00   
 4.2157E+02    4.5144E+01    5.2059E+01    2.0519E+01    1.5944E+01    1.4211E+01    6.9432E+01    4.7150E+01    1.3446E+01    4.2034E+00    1.5278E+01    1.4950E+01    9.6979E+00   
 4.2270E+02    4.5154E+01    5.2049E+01    2.0423E+01    1.5901E+01    1.4366E+01    6.9432E+01    4.7234E+01    1.3441E+01    4.2238E+00    1.5217E+01    1.4512E+01    9.6754E+00   
 4.2379E+02    4.5154E+01    5.2082E+01    2.0435E+01    1.5977E+01    1.4498E+01    6.9402E+01    4.7303E+01    1.3471E+01    4.2238E+00    1.5380E+01    1.4926E+01    9.6979E+00   
 4.2485E+02    4.5159E+01    5.2067E+01    2.0513E+01    1.5869E+01    1.4563E+01    6.9385E+01    4.7382E+01    1.3490E+01    4.2442E+00    1.5319E+01    1.4548E+01    9.7204E+00   
# Time (s)      T1w (C)       T2w (C)       T1a (C)       T2a (C)       T1r (C)       T2r (C)       T3r (C)       T4r (C)       P1 (bar)      P2 (bar)      Pow (W/100)      Qc (l/min)    
 4.2594E+02    4.5173E+01    5.2080E+01    2.0491E+01    1.5900E+01    1.4698E+01    6.9373E+01    4.7434E+01    1.3519E+01    4.2442E+00    1.5299E+01    1.4890E+01    9.7204E+00   
 4.2703E+02    4.5160E+01    5.2076E+01    2.0507E+01    1.5913E+01    1.4800E+01    6.9356E+01    4.7524E+01    1.3537E+01    4.2442E+00    1.5299E+01    1.4646E+01    9.6528E+00   
 4.2811E+02    4.5178E+01    5.2067E+01    2.0393E+01    1.5994E+01    1.4874E+01    6.9356E+01    4.7580E+01    1.3543E+01    4.2442E+00    1.5258E+01    1.4597E+01    9.6528E+00   
 4.2920E+02    4.5183E+01    5.2081E+01    2.0446E+01    1.5975E+01    1.5003E+01    6.9358E+01    4.7642E+01    1.3554E+01    4.2442E+00    1.5237E+01    1.4975E+01    9.6528E+00   
 4.3028E+02    4.5186E+01    5.2085E+01    2.0572E+01    1.6003E+01    1.5112E+01    6.9367E+01    4.7692E+01    1.3609E+01    4.2442E+00    1.5441E+01    1.4500E+01    9.6528E+00   
 4.3137E+02    4.5210E+01    5.2076E+01    2.0385E+01    1.6052E+01    1.5219E+01    6.9327E+01    4.7785E+01    1.3595E+01    4.2238E+00    1.5299E+01    1.4743E+01    9.6528E+00   
 4.3246E+02    4.5220E+01    5.2087E+01    2.0295E+01    1.6058E+01    1.5265E+01    6.9321E+01    4.7857E+01    1.3610E+01    4.2442E+00    1.5299E+01    1.4743E+01    9.6528E+00   
 4.3354E+02    4.5226E+01    5.2085E+01    2.0291E+01    1.6060E+01    1.5361E+01    6.9348E+01    4.7905E+01    1.3629E+01    4.2442E+00    1.5339E+01    1.4585E+01    9.6075E+00   
 4.3463E+02    4.5228E+01    5.2087E+01    2.0268E+01    1.6035E+01    1.5444E+01    6.9326E+01    4.7955E+01    1.3649E+01    4.2442E+00    1.5278E+01    1.4914E+01    9.5847E+00   
 4.3572E+02    4.5245E+01    5.2080E+01    2.0153E+01    1.6065E+01    1.5540E+01    6.9355E+01    4.8030E+01    1.3664E+01    4.2442E+00    1.5319E+01    1.4536E+01    9.6528E+00   
 4.3681E+02    4.5258E+01    5.2076E+01    2.0134E+01    1.6040E+01    1.5545E+01    6.9336E+01    4.8077E+01    1.3687E+01    4.2442E+00    1.5360E+01    1.4719E+01    9.6528E+00   
 4.3790E+02    4.5260E+01    5.2089E+01    2.0147E+01    1.6109E+01    1.5616E+01    6.9323E+01    4.8093E+01    1.3693E+01    4.2645E+00    1.5278E+01    1.4743E+01    9.6302E+00   
 4.3898E+02    4.5242E+01    5.2075E+01    2.0159E+01    1.6122E+01    1.5701E+01    6.9302E+01    4.8144E+01    1.3708E+01    4.2849E+00    1.5319E+01    1.4536E+01    9.6754E+00   
 4.4007E+02    4.5262E+01    5.2102E+01    2.0299E+01    1.6111E+01    1.5744E+01    6.9310E+01    4.8172E+01    1.3694E+01    4.2849E+00    1.5319E+01    1.4804E+01    9.6754E+00   
 4.4116E+02    4.5279E+01    5.2135E+01    2.0205E+01    1.6094E+01    1.5806E+01    6.9312E+01    4.8210E+01    1.3715E+01    4.2849E+00    1.5258E+01    1.4877E+01    9.6754E+00   
 4.4225E+02    4.5261E+01    5.2132E+01    2.0305E+01    1.6190E+01    1.5897E+01    6.9312E+01    4.8261E+01    1.3714E+01    4.3053E+00    1.5319E+01    1.4999E+01    9.6979E+00   
 4.4335E+02    4.5292E+01    5.2165E+01    2.0192E+01    1.6207E+01    1.5957E+01    6.9356E+01    4.8278E+01    1.3728E+01    4.3053E+00    1.5319E+01    1.4682E+01    9.6979E+00   
 4.4444E+02    4.5306E+01    5.2166E+01    2.0494E+01    1.6135E+01    1.5988E+01    6.9391E+01    4.8329E+01    1.3739E+01    4.3053E+00    1.5258E+01    1.4536E+01    9.6979E+00   
 4.4553E+02    4.5313E+01    5.2185E+01    2.0635E+01    1.6150E+01    1.6046E+01    6.9400E+01    4.8321E+01    1.3785E+01    4.3053E+00    1.5421E+01    1.4853E+01    9.6528E+00   
 4.4662E+02    4.5334E+01    5.2200E+01    2.0764E+01    1.6151E+01    1.6098E+01    6.9426E+01    4.8360E+01    1.3767E+01    4.3460E+00    1.5299E+01    1.4890E+01    9.6528E+00   
 4.4771E+02    4.5312E+01    5.2202E+01    2.0721E+01    1.6170E+01    1.6149E+01    6.9493E+01    4.8395E+01    1.3790E+01    4.3053E+00    1.5299E+01    1.4792E+01    9.6528E+00   
 4.4879E+02    4.5313E+01    5.2191E+01    2.0716E+01    1.6171E+01    1.6171E+01    6.9529E+01    4.8440E+01    1.3811E+01    4.3460E+00    1.5401E+01    1.4816E+01    9.6754E+00   
 4.4988E+02    4.5296E+01    5.2191E+01    2.0427E+01    1.6173E+01    1.6219E+01    6.9533E+01    4.8454E+01    1.3844E+01    4.3257E+00    1.5339E+01    1.4597E+01    9.6528E+00   
 4.5097E+02    4.5313E+01    5.2203E+01    2.0426E+01    1.6181E+01    1.6238E+01    6.9523E+01    4.8466E+01    1.3871E+01    4.3460E+00    1.5319E+01    1.4670E+01    9.6979E+00   
 4.5206E+02    4.5333E+01    5.2219E+01    2.0507E+01    1.6218E+01    1.6243E+01    6.9467E+01    4.8499E+01    1.3845E+01    4.3460E+00    1.5380E+01    1.4682E+01    9.6754E+00   
 4.5315E+02    4.5332E+01    5.2227E+01    2.0445E+01    1.6210E+01    1.6259E+01    6.9458E+01    4.8464E+01    1.3898E+01    4.3460E+00    1.5339E+01    1.4987E+01    9.6075E+00   
 4.5430E+02    4.5342E+01    5.2245E+01    2.0677E+01    1.6214E+01    1.6280E+01    6.9427E+01    4.8494E+01    1.3913E+01    4.3460E+00    1.5441E+01    1.4585E+01    9.5619E+00   
 4.5538E+02    4.5342E+01    5.2257E+01    2.0914E+01    1.6226E+01    1.6287E+01    6.9450E+01    4.8528E+01    1.3942E+01    4.3868E+00    1.5339E+01    1.5072E+01    9.6302E+00   
 4.5648E+02    4.5332E+01    5.2249E+01    2.0964E+01    1.6220E+01    1.6315E+01    6.9440E+01    4.8571E+01    1.3983E+01    4.3664E+00    1.5441E+01    1.4646E+01    9.7204E+00   
 4.5757E+02    4.5369E+01    5.2275E+01    2.0898E+01    1.6277E+01    1.6304E+01    6.9451E+01    4.8602E+01    1.4006E+01    4.3460E+00    1.5421E+01    1.5036E+01    9.6528E+00   
# Time (s)      T1w (C)       T2w (C)       T1a (C)       T2a (C)       T1r (C)       T2r (C)       T3r (C)       T4r (C)       P1 (bar)      P2 (bar)      Pow (W/100)      Qc (l/min)    
 4.5865E+02    4.5355E+01    5.2274E+01    2.0757E+01    1.6300E+01    1.6287E+01    6.9463E+01    4.8602E+01    1.4034E+01    4.3460E+00    1.5360E+01    1.4695E+01    9.6754E+00   
 4.5974E+02    4.5370E+01    5.2289E+01    2.0823E+01    1.6305E+01    1.6253E+01    6.9460E+01    4.8616E+01    1.4089E+01    4.3664E+00    1.5380E+01    1.4829E+01    9.6528E+00   
 4.6083E+02    4.5365E+01    5.2308E+01    2.0617E+01    1.6245E+01    1.6234E+01    6.9476E+01    4.8601E+01    1.4093E+01    4.3460E+00    1.5482E+01    1.4938E+01    9.6075E+00   
 4.6191E+02    4.5361E+01    5.2285E+01    2.0564E+01    1.6278E+01    1.6202E+01    6.9510E+01    4.8620E+01    1.4136E+01    4.3460E+00    1.5339E+01    1.4963E+01    9.6528E+00   
 4.6299E+02    4.5354E+01    5.2281E+01    2.0638E+01    1.6294E+01    1.6157E+01    6.9538E+01    4.8644E+01    1.4178E+01    4.4071E+00    1.5503E+01    1.4695E+01    9.6754E+00   
 4.6408E+02    4.5341E+01    5.2300E+01    2.0630E+01    1.6313E+01    1.6098E+01    6.9612E+01    4.8661E+01    1.4201E+01    4.3868E+00    1.5401E+01    1.4658E+01    9.7204E+00   
 4.6517E+02    4.5366E+01    5.2314E+01    2.0570E+01    1.6346E+01    1.6097E+01    6.9704E+01    4.8679E+01    1.4257E+01    4.3868E+00    1.5503E+01    1.4853E+01    9.6754E+00   
 4.6627E+02    4.5382E+01    5.2319E+01    2.0570E+01    1.6419E+01    1.6017E+01    6.9754E+01    4.8671E+01    1.4285E+01    4.3868E+00    1.5380E+01    1.4609E+01    9.6979E+00   
 4.6735E+02    4.5368E+01    5.2320E+01    2.0706E+01    1.6428E+01    1.5937E+01    6.9750E+01    4.8702E+01    1.4329E+01    4.3868E+00    1.5523E+01    1.4695E+01    9.6754E+00   
 4.6844E+02    4.5374E+01    5.2333E+01    2.0732E+01    1.6415E+01    1.5820E+01    6.9771E+01    4.8724E+01    1.4330E+01    4.4071E+00    1.5401E+01    1.5121E+01    9.6754E+00   
 4.6953E+02    4.5377E+01    5.2346E+01    2.0494E+01    1.6385E+01    1.5756E+01    6.9807E+01    4.8733E+01    1.4356E+01    4.3868E+00    1.5360E+01    1.4670E+01    9.6528E+00   
 4.7062E+02    4.5370E+01    5.2345E+01    2.0689E+01    1.6402E+01    1.5579E+01    6.9799E+01    4.8730E+01    1.4383E+01    4.4071E+00    1.5543E+01    1.4731E+01    9.7204E+00   
 4.7171E+02    4.5387E+01    5.2358E+01    2.0792E+01    1.6424E+01    1.5406E+01    6.9784E+01    4.8774E+01    1.4436E+01    4.4275E+00    1.5421E+01    1.5024E+01    9.6754E+00   
 4.7280E+02    4.5420E+01    5.2367E+01    2.1052E+01    1.6458E+01    1.5300E+01    6.9748E+01    4.8776E+01    1.4451E+01    4.4071E+00    1.5503E+01    1.4975E+01    9.6979E+00   
 4.7388E+02    4.5429E+01    5.2396E+01    2.1244E+01    1.6437E+01    1.4936E+01    6.9722E+01    4.8767E+01    1.4475E+01    4.4071E+00    1.5482E+01    1.4695E+01    9.6979E+00   
 4.7497E+02    4.5426E+01    5.2410E+01    2.1333E+01    1.6443E+01    1.4445E+01    6.9740E+01    4.8780E+01    1.4531E+01    4.4479E+00    1.5421E+01    1.5060E+01    9.6979E+00   
 4.7606E+02    4.5426E+01    5.2441E+01    2.1308E+01    1.6406E+01    1.4031E+01    6.9750E+01    4.8743E+01    1.4499E+01    4.4275E+00    1.5564E+01    1.5133E+01    9.6528E+00   
 4.7715E+02    4.5417E+01    5.2432E+01    2.1363E+01    1.6381E+01    1.3847E+01    6.9781E+01    4.8705E+01    1.4496E+01    4.4275E+00    1.5482E+01    1.4719E+01    9.6754E+00   
 4.7824E+02    4.5432E+01    5.2452E+01    2.1288E+01    1.6441E+01    1.3541E+01    6.9789E+01    4.8687E+01    1.4492E+01    4.4275E+00    1.5482E+01    1.4719E+01    9.6754E+00   
 4.7933E+02    4.5430E+01    5.2466E+01    2.1114E+01    1.6422E+01    1.3273E+01    6.9792E+01    4.8648E+01    1.4451E+01    4.4275E+00    1.5482E+01    1.4731E+01    9.6979E+00   
 4.8041E+02    4.5429E+01    5.2484E+01    2.1012E+01    1.6442E+01    1.3082E+01    6.9757E+01    4.8621E+01    1.4477E+01    4.4071E+00    1.5564E+01    1.4987E+01    9.6754E+00   
 4.8150E+02    4.5449E+01    5.2500E+01    2.0779E+01    1.6424E+01    1.3004E+01    6.9745E+01    4.8561E+01    1.4437E+01    4.3868E+00    1.5503E+01    1.5060E+01    9.6754E+00   
 4.8259E+02    4.5462E+01    5.2528E+01    2.0515E+01    1.6434E+01    1.2841E+01    6.9779E+01    4.8540E+01    1.4396E+01    4.3664E+00    1.5584E+01    1.4731E+01    9.6979E+00   
 4.8368E+02    4.5461E+01    5.2563E+01    2.0607E+01    1.6422E+01    1.2693E+01    6.9780E+01    4.8454E+01    1.4326E+01    4.3664E+00    1.5605E+01    1.5121E+01    9.6754E+00   
 4.8476E+02    4.5462E+01    5.2562E+01    2.1076E+01    1.6401E+01    1.2580E+01    6.9776E+01    4.8363E+01    1.4282E+01    4.3664E+00    1.5462E+01    1.5011E+01    9.6528E+00   
 4.8589E+02    4.5476E+01    5.2587E+01    2.1192E+01    1.6382E+01    1.2512E+01    6.9774E+01    4.8254E+01    1.4251E+01    4.3868E+00    1.5584E+01    1.5206E+01    9.6754E+00   
 4.8700E+02    4.5508E+01    5.2589E+01    2.1006E+01    1.6345E+01    1.2395E+01    6.9719E+01    4.8193E+01    1.4178E+01    4.3460E+00    1.5564E+01    1.4950E+01    9.6528E+00   
